ParkName,State,partySize,RateType,BookingType,Equipment,
Dollar Lake,NS ,2,Senior,CampsitePermit,Less than 20ft,
Thomas Raddall,QC ,1,Senior,CampsitePermit,Less than 30ft,
Amherst Shore,NS ,2,Full,CampsitePermit,Tents,
Caribou Munroes,NS ,4,Full,CampsitePermit,Less than 20ft,
Salsman,NS ,2,Full,CampsitePermit,Less than 40ft,
Five Islands,NS ,2,Full,CampsitePermit,Less than 20ft,
Graves Island,NS ,5,Full,CampsitePermit,Single Tent,
Rissers Beach,NS ,3,Full,CampsitePermit,Less than 30ft,
Laurie,NS ,3,Full,CampsitePermit,Single Tent,
Smileys,NS ,3,Full,CampsitePermit,Single Tent,
Caribou Munroes,NS ,4,Full,CampsitePermit,Single Tent,
Laurie,NS ,1,Full,CampsitePermit,Single Tent,
Smileys,NS ,4,Full,CampsitePermit,Tents,
Rissers Beach,NS ,6,Full,CampsitePermit,Tents,
Amherst Shore,SK ,1,Full,CampsitePermit,Single Tent,
Salsman,NS ,2,Full,CampsitePermit,Single Tent,
Blomidon,NS ,2,Full,CampsitePermit,Single Tent,
Ellenwood Lake,NS ,4,Full,CampsitePermit,Single Tent,
Thomas Raddall,NS ,4,Full,CampsitePermit,Single Tent,
Rissers Beach,NS ,1,Full,CampsitePermit,Single Tent,
Thomas Raddall,NS ,3,Full,CampsitePermit,Single Tent,
Amherst Shore,QC ,2,Full,CampsitePermit,Single Tent,
Dollar Lake,NS ,2,Full,CampsitePermit,Single Tent,
Smileys,NS ,3,Full,CampsitePermit,Single Tent,
Battery,ON ,2,Full,CampsitePermit,Less than 30ft,
Graves Island,NS ,4,Full,CampsitePermit,Single Tent,
Caribou Munroes,ON ,1,Senior,CampsitePermit,Less than 20ft,
Mira River,NS ,4,Full,CampsitePermit,Single Tent,
Mira River,NS ,4,Full,CampsitePermit,Less than 20ft,
Graves Island,ON ,1,Senior,CampsitePermit,Single Tent,
Rissers Beach,NS ,5,Full,CampsitePermit,Less than 30ft,
Dollar Lake,NS ,6,Full,CampsitePermit,Less than 20ft,
Rissers Beach,NS ,5,Full,CampsitePermit,Single Tent,
Graves Island,ON ,3,Full,CampsitePermit,Less than 30ft,
Blomidon,NS ,2,Full,CampsitePermit,Single Tent,
Whycocomagh,NS ,2,Full,CampsitePermit,Single Tent,
Caribou Munroes,NS ,2,Full,CampsitePermit,Less than 20ft,
Five Islands,PE ,2,Full,CampsitePermit,Single Tent,
Mira River,NS ,4,Full,CampsitePermit,Less than 30ft,
Five Islands,ON ,4,Full,CampsitePermit,Single Tent,
Smileys,PE ,4,Full,CampsitePermit,Less than 30ft,
Porters Lake,NS ,3,Full,CampsitePermit,Single Tent,
Graves Island,NS ,3,Full,CampsitePermit,Less than 30ft,
Caribou Munroes,NS ,3,Full,CampsitePermit,Tents,
Dollar Lake,NS ,4,Full,CampsitePermit,Single Tent,
Thomas Raddall,NS ,6,Full,CampsitePermit,Tents,
Graves Island,NB ,1,Full,CampsitePermit,Single Tent,
Rissers Beach,BC ,2,Senior,CampsitePermit,Less than 20ft,
Graves Island,NS ,5,Full,CampsitePermit,Less than 30ft,
Caribou Munroes,NB ,4,Full,CampsitePermit,Single Tent,
Battery,NS ,2,Full,CampsitePermit,Single Tent,
Graves Island,NS ,4,Full,CampsitePermit,Less than 20ft,
Mira River,NS ,2,Full,CampsitePermit,Single Tent,
Mira River,NS ,2,Full,CampsitePermit,Less than 30ft,
Battery,AB ,2,Full,CampsitePermit,Less than 30ft,
Amherst Shore,BC ,1,Full,CampsitePermit,Single Tent,
Graves Island,NS ,3,Full,CampsitePermit,Single Tent,
Battery,QC ,2,Full,CampsitePermit,Less than 20ft,
Laurie,NS ,6,Full,CampsitePermit,Tents,
Graves Island,NS ,1,Full,CampsitePermit,Single Tent,
Dollar Lake,NS ,6,Full,CampsitePermit,Tents,
Graves Island,NS ,2,Full,CampsitePermit,Single Tent,
The Islands,BC ,2,Senior,CampsitePermit,Less than 20ft,
Five Islands,NB ,2,Full,CampsitePermit,Single Tent,
Five Islands,NB ,6,Full,CampsitePermit,Tents,
Salsman,NS ,3,Full,CampsitePermit,Single Tent,
Battery,QC ,2,Full,CampsitePermit,Single Tent,
Rissers Beach,NS ,2,Full,CampsitePermit,Less than 20ft,
Battery,ON ,3,Full,CampsitePermit,Less than 30ft,
Five Islands,NS ,2,Senior,CampsitePermit,Less than 20ft,
Rissers Beach,NS ,6,Full,CampsitePermit,Tents,
Mira River,NS ,4,Full,CampsitePermit,Less than 30ft,
The Islands,NS ,4,Full,CampsitePermit,Single Tent,
Five Islands,NS ,1,Full,CampsitePermit,Single Tent,
Porters Lake,NS ,2,Senior,CampsitePermit,Less than 20ft,
Thomas Raddall,NS ,2,Full,CampsitePermit,Less than 30ft,
Caribou Munroes,NS ,2,Full,CampsitePermit,Less than 20ft,
The Islands,NS ,4,Full,CampsitePermit,Less than 20ft,
Graves Island,NS ,3,Full,CampsitePermit,Single Tent,
Valleyview,NS ,3,Full,CampsitePermit,Single Tent,
Graves Island,NS ,2,Full,CampsitePermit,Single Tent,
Smileys,NS ,2,Veteran,CampsitePermit,Less than 30ft,
Salsman,ON ,2,Full,CampsitePermit,Less than 20ft,
Whycocomagh,ON ,2,Full,CampsitePermit,Single Tent,
Rissers Beach,QC ,2,Full,CampsitePermit,Single Tent,
Ellenwood Lake,NS ,2,Full,CampsitePermit,Less than 20ft,
Mira River,NS ,3,Full,CampsitePermit,Less than 30ft,
Thomas Raddall,NS ,6,Full,CampsitePermit,Tents,
Rissers Beach,NS ,2,Full,CampsitePermit,Less than 30ft,
Caribou Munroes,NS ,2,Full,CampsitePermit,Less than 20ft,
Five Islands,NB ,4,Senior,CampsitePermit,Tents,
Five Islands,AB ,2,Senior,CampsitePermit,Single Tent,
Thomas Raddall,ON ,1,Full,CampsitePermit,Single Tent,
Smileys,NS ,4,Full,CampsitePermit,Less than 30ft,
Mira River,QC ,2,Full,CampsitePermit,Single Tent,
Salsman,NS ,2,Senior,CampsitePermit,Less than 30ft,
Rissers Beach,NS ,2,Full,CampsitePermit,Less than 30ft,
Caribou Munroes,NS ,5,Full,CampsitePermit,Less than 40ft,
Mira River,NS ,4,Full,CampsitePermit,Less than 30ft,
Blomidon,NS ,2,Full,CampsitePermit,Less than 30ft,
Laurie,NS ,4,Full,CampsitePermit,Tents,
Amherst Shore,ON ,1,Full,CampsitePermit,Single Tent,
Thomas Raddall,NS ,2,Senior,CampsitePermit,Less than 30ft,
Laurie,NB ,4,Full,CampsitePermit,Less than 20ft,
Rissers Beach,NS ,4,Full,CampsitePermit,Less than 40ft,
Porters Lake,NS ,2,Veteran,CampsitePermit,Less than 30ft,
Mira River,ON ,4,Full,CampsitePermit,Less than 40ft,
Porters Lake,QC ,5,Full,CampsitePermit,Single Tent,
Five Islands,NS ,2,Full,CampsitePermit,Less than 20ft,
Blomidon,ON ,2,Full,CampsitePermit,Single Tent,
Graves Island,NS ,4,Full,CampsitePermit,Less than 30ft,
Valleyview,NS ,2,Senior,CampsitePermit,Single Tent,
Smileys,NS ,2,Senior,CampsitePermit,Less than 30ft,
Smileys,NS ,4,Full,CampsitePermit,Less than 20ft,
Smileys,NB ,2,Full,CampsitePermit,Less than 20ft,
Rissers Beach,NS ,4,Full,CampsitePermit,Less than 20ft,
Graves Island,NS ,2,Full,CampsitePermit,Single Tent,
Graves Island,ON ,2,Senior,CampsitePermit,Less than 20ft,
Graves Island,NS ,2,Senior,CampsitePermit,Less than 30ft,
Ellenwood Lake,NS ,4,Full,CampsitePermit,Single Tent,
Whycocomagh,QC ,2,Full,CampsitePermit,Less than 30ft,
Five Islands,NS ,3,Full,CampsitePermit,Tents,
Rissers Beach,NS ,2,Full,CampsitePermit,Tents,
Graves Island,NS ,2,Senior,CampsitePermit,Single Tent,
Mira River,NS ,3,Full,CampsitePermit,Single Tent,
Blomidon,NS ,2,Full,CampsitePermit,Single Tent,
Caribou Munroes,ON ,3,Full,CampsitePermit,Less than 30ft,
Rissers Beach,NS ,2,Full,CampsitePermit,Less than 20ft,
Graves Island,NS ,2,Full,CampsitePermit,Less than 40ft,
Battery,NS ,2,Full,CampsitePermit,Single Tent,
Graves Island,QC ,2,FULL,CampsitePermit,Less than 30ft,
Graves Island,ON ,4,Full,CampsitePermit,Less than 30ft,
Caribou Munroes,QC ,1,Senior,CampsitePermit,Less than 20ft,
Caribou Munroes,NS ,2,Full,CampsitePermit,Single Tent,
Mira River,NS ,2,Full,CampsitePermit,Less than 30ft,
Graves Island,NS ,2,Full,CampsitePermit,Single Tent,
Caribou Munroes,NS ,6,Veteran,CampsitePermit,Less than 30ft,
Blomidon,NS ,2,Full,CampsitePermit,Tents,
Whycocomagh,PE ,1,Full,CampsitePermit,Single Tent,
Five Islands,NS ,2,Full,CampsitePermit,Single Tent,
Battery,NS ,3,Full,CampsitePermit,Single Tent,
Laurie,NS ,3,Full,CampsitePermit,Single Tent,
Caribou Munroes,NS ,4,Full,CampsitePermit,Less than 20ft,
Graves Island,NS ,4,Full,CampsitePermit,Single Tent,
Mira River,ON ,2,Full,CampsitePermit,Single Tent,
Blomidon,NS ,2,Full,CampsitePermit,Less than 30ft,
Mira River,NB ,2,Full,CampsitePermit,Less than 20ft,
Cape Chignecto,NS ,1,Full,BackcountryPermit,Single Tent,
Mira River,NS ,4,Full,CampsitePermit,Less than 40ft,
Caribou Munroes,QC ,2,Full,CampsitePermit,Single Tent,
Rissers Beach,NS ,4,Full,CampsitePermit,Less than 20ft,
Five Islands,NB ,4,Full,CampsitePermit,Less than 20ft,
Ellenwood Lake,NS ,2,Full,CampsitePermit,Tents,
Caribou Munroes,QC ,2,Full,CampsitePermit,Single Tent,
Caribou Munroes,NS ,2,Full,CampsitePermit,Less than 30ft,
Mira River,QC ,4,Full,CampsitePermit,Less than 30ft,
Dollar Lake,NS ,2,Full,CampsitePermit,Single Tent,
Graves Island,NS ,2,Full,CampsitePermit,Less than 30ft,
Mira River,NS ,4,Full,CampsitePermit,Tents,
Caribou Munroes,NS ,3,Full,CampsitePermit,Less than 20ft,
Rissers Beach,PE ,2,Full,CampsitePermit,Less than 30ft,
Blomidon,QC ,2,Full,CampsitePermit,Single Tent,
Rissers Beach,NS ,2,Full,CampsitePermit,Single Tent,
Thomas Raddall,NS ,4,Full,CampsitePermit,Less than 20ft,
Whycocomagh,NS ,5,Senior,CampsitePermit,Less than 30ft,
Mira River,NS ,4,Full,CampsitePermit,Less than 20ft,
Smileys,NS ,2,Full,CampsitePermit,Less than 30ft,
Amherst Shore,NS ,2,Full,CampsitePermit,Less than 20ft,
Salsman,NS ,2,Full,CampsitePermit,Less than 30ft,
Caribou Munroes,NS ,2,Full,CampsitePermit,Less than 20ft,
Five Islands,NS ,2,Senior,CampsitePermit,Less than 20ft,
Amherst Shore,BC ,4,Full,CampsitePermit,Tents,
Salsman,NS ,2,Full,CampsitePermit,Less than 40ft,
Porters Lake,NS ,2,Full,CampsitePermit,Single Tent,
Thomas Raddall,NS ,2,Full,CampsitePermit,Single Tent,
Dollar Lake,NS ,6,Full,CampsitePermit,Tents,
Thomas Raddall,ON ,1,Full,CampsitePermit,Single Tent,
The Islands,QC ,4,Full,CampsitePermit,Less than 20ft,
Boylston,NS ,1,Full,CampsitePermit,Single Tent,
Graves Island,NS ,3,Full,CampsitePermit,Less than 20ft,
Caribou Munroes,ON ,2,Full,CampsitePermit,Single Tent,
Caribou Munroes,NS ,3,Full,CampsitePermit,Single Tent,
Mira River,NS ,2,Full,CampsitePermit,Single Tent,
Blomidon,NS ,2,Senior,CampsitePermit,Less than 30ft,
Mira River,NS ,4,Full,CampsitePermit,Less than 30ft,
Graves Island,NS ,2,Senior,CampsitePermit,Less than 30ft,
Mira River,NS ,2,Full,CampsitePermit,Less than 30ft,
Rissers Beach,NS ,4,Full,CampsitePermit,Less than 20ft,
Graves Island,NS ,2,Full,CampsitePermit,Less than 30ft,
Battery,ON ,2,Full,CampsitePermit,Single Tent,
Smileys,NS ,5,Senior,CampsitePermit,Less than 30ft,
Graves Island,NS ,2,Full,CampsitePermit,Less than 20ft,
Thomas Raddall,ON ,2,Full,CampsitePermit,Less than 20ft,
Laurie,NS ,6,Full,CampsitePermit,Single Tent,
Graves Island,NS ,4,Full,CampsitePermit,Less than 30ft,
Rissers Beach,NS ,2,Full,CampsitePermit,Less than 20ft,
Rissers Beach,NS ,2,Full,CampsitePermit,Less than 20ft,
Caribou Munroes,NS ,5,Full,CampsitePermit,Single Tent,
Five Islands,PE ,2,Full,CampsitePermit,Single Tent,
Five Islands,ON ,4,Full,CampsitePermit,Less than 20ft,
Cape Chignecto,ON ,4,Full,BackcountryPermit,Cabin,
Laurie,QC ,2,Full,CampsitePermit,Less than 20ft,
Graves Island,NS ,2,Full,CampsitePermit,Less than 40ft,
Dollar Lake,NS ,5,Full,CampsitePermit,Less than 20ft,
Graves Island,NS ,2,Full,CampsitePermit,Tents,
Dollar Lake,NS ,6,Full,CampsitePermit,Single Tent,
Five Islands,NS ,2,Senior,CampsitePermit,Single Tent,
Blomidon,NB ,4,Full,CampsitePermit,Single Tent,
Laurie,NS ,2,Senior,CampsitePermit,Less than 30ft,
Amherst Shore,NS ,2,Full,CampsitePermit,Less than 30ft,
Caribou Munroes,ON ,1,Full,CampsitePermit,Single Tent,
Caribou Munroes,ON ,2,Full,CampsitePermit,Less than 20ft,
Rissers Beach,NS ,2,Full,CampsitePermit,Less than 30ft,
Caribou Munroes,NS ,2,Full,CampsitePermit,Less than 30ft,
Battery,NS ,4,Full,CampsitePermit,Single Tent,
Graves Island,NS ,2,Senior,CampsitePermit,Less than 30ft,
Rissers Beach,NS ,4,Full,CampsitePermit,Less than 30ft,
Rissers Beach,NS ,3,Full,CampsitePermit,Single Tent,
Dollar Lake,NS ,4,Full,CampsitePermit,Single Tent,
Graves Island,NS ,4,Full,CampsitePermit,Tents,
Blomidon,BC ,2,Full,CampsitePermit,Single Tent,
Whycocomagh,QC ,5,Full,CampsitePermit,Single Tent,
Graves Island,NS ,2,Full,CampsitePermit,Less than 40ft,
Smileys,NS ,4,Full,CampsitePermit,Less than 20ft,
Ellenwood Lake,NS ,4,Full,CampsitePermit,Single Tent,
Ellenwood Lake,NS ,2,Senior,CampsitePermit,Less than 20ft,
Amherst Shore,NS ,2,Full,CampsitePermit,Single Tent,
Graves Island,NS ,4,Senior,CampsitePermit,Less than 30ft,
Graves Island,NS ,2,Full,CampsitePermit,Single Tent,
Rissers Beach,NS ,2,Full,CampsitePermit,Less than 30ft,
Mira River,QC ,2,Full,CampsitePermit,Less than 20ft,
Graves Island,NS ,2,Full,CampsitePermit,Single Tent,
Amherst Shore,NB ,4,Full,CampsitePermit,Single Tent,
Blomidon,QC ,2,Full,CampsitePermit,Single Tent,
Cape Chignecto,PE ,2,Full,BackcountryPermit,Single Tent,
Thomas Raddall,NS ,1,Full,CampsitePermit,Single Tent,
Graves Island,NS ,4,Full,CampsitePermit,Less than 20ft,
Blomidon,NS ,4,Full,CampsitePermit,Single Tent,
Battery,NS ,2,Full,CampsitePermit,Single Tent,
Smileys,NS ,4,Full,CampsitePermit,Less than 30ft,
Five Islands,NS ,4,Full,CampsitePermit,Tents,
Rissers Beach,NS ,2,Senior,CampsitePermit,Less than 40ft,
Whycocomagh,BC ,2,Full,CampsitePermit,Single Tent,
Battery,ON ,4,Full,CampsitePermit,Less than 30ft,
Graves Island,PE ,1,Full,CampsitePermit,Single Tent,
Dollar Lake,NS ,2,Full,CampsitePermit,Single Tent,
Five Islands,NS ,2,Full,CampsitePermit,Single Tent,
Battery,QC ,2,Full,CampsitePermit,Less than 30ft,
Graves Island,QC ,1,Full,CampsitePermit,Less than 20ft,
Laurie,NS ,6,Full,CampsitePermit,Tents,
Blomidon,NS ,1,Senior,CampsitePermit,Single Tent,
Rissers Beach,NS ,4,Full,CampsitePermit,Less than 30ft,
Valleyview,NS ,1,Full,CampsitePermit,Single Tent,
Porters Lake,NS ,5,Full,CampsitePermit,Less than 20ft,
Ellenwood Lake,NS ,3,Full,CampsitePermit,Tents,
Cape Chignecto,NB ,2,Full,BackcountryPermit,Single Tent,
Dollar Lake,NS ,5,Full,CampsitePermit,Tents,
Five Islands,ON ,5,Full,CampsitePermit,Less than 20ft,
Rissers Beach,NS ,5,Full,CampsitePermit,Single Tent,
Amherst Shore,NS ,4,Senior,CampsitePermit,Less than 30ft,
Mira River,NS ,2,Full,CampsitePermit,Less than 20ft,
Amherst Shore,ON ,2,Senior,CampsitePermit,Less than 30ft,
Smileys,NS ,4,Full,CampsitePermit,Tents,
Ellenwood Lake,NS ,3,Senior,CampsitePermit,Less than 30ft,
Ellenwood Lake,NS ,5,Full,CampsitePermit,Single Tent,
Five Islands,QC ,1,Senior,CampsitePermit,Single Tent,
Mira River,ON ,2,Full,CampsitePermit,Less than 20ft,
Dollar Lake,NS ,2,Full,CampsitePermit,Single Tent,
Laurie,NS ,6,Full,CampsitePermit,Tents,
Caribou Munroes,NS ,4,Full,CampsitePermit,Less than 20ft,
Porters Lake,NS ,4,Full,CampsitePermit,Less than 30ft,
Rissers Beach,ON ,1,Full,CampsitePermit,Single Tent,
Porters Lake,NS ,2,Full,CampsitePermit,Single Tent,
Mira River,NS ,2,Full,CampsitePermit,Single Tent,
Rissers Beach,NS ,3,Full,CampsitePermit,Single Tent,
Graves Island,NS ,4,Full,CampsitePermit,Less than 30ft,
Mira River,NS ,4,Full,CampsitePermit,Less than 30ft,
Five Islands,NS ,2,Full,CampsitePermit,Single Tent,
Mira River,QC ,2,Senior,CampsitePermit,Single Tent,
Graves Island,BC ,1,Full,CampsitePermit,Single Tent,
Whycocomagh,MB ,2,Full,CampsitePermit,Single Tent,
Amherst Shore,ON ,2,Full,CampsitePermit,Single Tent,
Mira River,NS ,2,Senior,CampsitePermit,Single Tent,
Cape Chignecto,NS ,2,Full,BackcountryPermit,Single Tent,
Whycocomagh,ON ,2,Full,CampsitePermit,Less than 20ft,
Smileys,NS ,6,Full,CampsitePermit,Less than 20ft,
Caribou Munroes,NS ,4,Full,CampsitePermit,Single Tent,
Dollar Lake,NS ,2,Veteran,CampsitePermit,Less than 30ft,
The Islands,QC ,3,Full,CampsitePermit,Less than 30ft,
Caribou Munroes,ON ,2,Senior,CampsitePermit,Single Tent,
Caribou Munroes,NS ,2,Full,CampsitePermit,Single Tent,
Dollar Lake,NS ,5,Full,CampsitePermit,Less than 20ft,
Rissers Beach,NS ,2,Full,CampsitePermit,Less than 30ft,
Thomas Raddall,NS ,4,Full,CampsitePermit,Tents,
Whycocomagh,QC ,2,Full,CampsitePermit,Less than 30ft,
Five Islands,NS ,4,Full,CampsitePermit,Tents,
Dollar Lake,NS ,5,Full,CampsitePermit,Single Tent,
Porters Lake,NS ,2,Senior,CampsitePermit,Less than 40ft,
Rissers Beach,NS ,2,Full,CampsitePermit,Less than 30ft,
Rissers Beach,NS ,2,Full,CampsitePermit,Single Tent,
Mira River,QC ,2,Full,CampsitePermit,Single Tent,
Smileys,NS ,4,Senior,CampsitePermit,Less than 30ft,
Graves Island,NS ,2,Full,CampsitePermit,Less than 40ft,
Battery,NS ,3,Full,CampsitePermit,Single Tent,
Battery,NS ,3,Full,CampsitePermit,Single Tent,
Caribou Munroes,NS ,2,Full,CampsitePermit,Single Tent,
Battery,QC ,4,Full,CampsitePermit,Single Tent,
Five Islands,ON ,3,Full,CampsitePermit,Single Tent,
Thomas Raddall,NS ,4,Full,CampsitePermit,Single Tent,
Smileys,NS ,4,Full,CampsitePermit,Tents,
Valleyview,NS ,4,Full,CampsitePermit,Less than 30ft,
Blomidon,ON ,2,Full,CampsitePermit,Single Tent,
Smileys,NS ,4,Full,CampsitePermit,Single Tent,
Amherst Shore,NS ,3,Full,CampsitePermit,Less than 20ft,
Porters Lake,NS ,5,Full,CampsitePermit,Single Tent,
Rissers Beach,NS ,5,Veteran,CampsitePermit,Single Tent,
Dollar Lake,NS ,6,Full,CampsitePermit,Tents,
Blomidon,NS ,3,Full,CampsitePermit,Less than 40ft,
Blomidon,NS ,4,Full,CampsitePermit,Tents,
Rissers Beach,NS ,2,Veteran,CampsitePermit,Less than 20ft,
Thomas Raddall,NS ,2,Full,CampsitePermit,Single Tent,
Mira River,NS ,4,Full,CampsitePermit,Less than 30ft,
Whycocomagh,ON ,4,Full,CampsitePermit,Tents,
Five Islands,ON ,2,Full,CampsitePermit,Single Tent,
The Islands,NS ,4,Full,CampsitePermit,Tents,
Ellenwood Lake,NS ,2,Full,CampsitePermit,Single Tent,
Caribou Munroes,NS ,2,Senior,CampsitePermit,Less than 30ft,
Blomidon,NS ,2,Full,CampsitePermit,Less than 20ft,
Rissers Beach,NS ,1,Full,CampsitePermit,Less than 30ft,
Battery,NS ,2,Full,CampsitePermit,Tents,
Cape Chignecto,NB ,1,Full,BackcountryPermit,Single Tent,
Graves Island,ON ,2,Full,CampsitePermit,Less than 20ft,
Valleyview,NS ,1,Senior,CampsitePermit,Less than 20ft,
Thomas Raddall,ON ,1,Full,CampsitePermit,Single Tent,
Graves Island,NS ,2,Full,CampsitePermit,Less than 20ft,
Caribou Munroes,NS ,5,Full,CampsitePermit,Less than 30ft,
Laurie,QC ,2,Full,CampsitePermit,Single Tent,
Thomas Raddall,NS ,1,Senior,CampsitePermit,Less than 20ft,
Graves Island,BC ,1,Full,CampsitePermit,Less than 20ft,
Porters Lake,QC ,3,Full,CampsitePermit,Less than 30ft,
Valleyview,NS ,3,Full,CampsitePermit,Single Tent,
Porters Lake,NS ,6,Full,CampsitePermit,Single Tent,
Thomas Raddall,NS ,5,Full,CampsitePermit,Tents,
Whycocomagh,ON ,2,Full,CampsitePermit,Single Tent,
Whycocomagh,NS ,2,Full,CampsitePermit,Less than 40ft,
Caribou Munroes,QC ,5,Full,CampsitePermit,Less than 30ft,
Porters Lake,QC ,2,Full,CampsitePermit,Single Tent,
Blomidon,NS ,5,Full,CampsitePermit,Less than 30ft,
Porters Lake,QC ,2,Full,CampsitePermit,Single Tent,
Thomas Raddall,NS ,2,Full,CampsitePermit,Less than 20ft,
The Islands,QC ,2,Full,CampsitePermit,Single Tent,
Graves Island,NS ,4,Full,CampsitePermit,Single Tent,
Five Islands,NS ,2,Full,CampsitePermit,Single Tent,
Five Islands,ON ,2,Full,CampsitePermit,Single Tent,
Ellenwood Lake,NS ,2,Full,CampsitePermit,Single Tent,
Graves Island,NS ,2,Full,CampsitePermit,Less than 30ft,
Five Islands,NS ,5,Full,CampsitePermit,Tents,
Thomas Raddall,NS ,3,Full,CampsitePermit,Less than 40ft,
Amherst Shore,NS ,2,Full,CampsitePermit,Less than 30ft,
Graves Island,NS ,6,Full,CampsitePermit,Tents,
Porters Lake,NS ,2,Full,CampsitePermit,Single Tent,
Blomidon,NS ,2,Full,CampsitePermit,Single Tent,
Mira River,NS ,3,Full,CampsitePermit,Less than 20ft,
Graves Island,NS ,4,Full,CampsitePermit,Less than 30ft,
The Islands,NS ,2,Senior,CampsitePermit,Less than 40ft,
Porters Lake,NS ,2,Full,CampsitePermit,Single Tent,
Blomidon,NS ,6,Full,CampsitePermit,Single Tent,
Five Islands,ON ,2,Full,CampsitePermit,Single Tent,
Mira River,QC ,3,Full,CampsitePermit,Single Tent,
Blomidon,NB ,6,Full,CampsitePermit,Tents,
The Islands,ON ,5,Full,CampsitePermit,Less than 20ft,
Rissers Beach,NS ,2,Senior,CampsitePermit,Less than 20ft,
Graves Island,ON ,2,Full,CampsitePermit,Single Tent,
Caribou Munroes,NS ,1,Full,CampsitePermit,Single Tent,
Rissers Beach,NS ,4,Full,CampsitePermit,Single Tent,
Valleyview,NS ,1,Senior,CampsitePermit,Single Tent,
Rissers Beach,NS ,4,Full,CampsitePermit,Less than 40ft,
Thomas Raddall,NB ,2,Full,CampsitePermit,Single Tent,
Caribou Munroes,NS ,2,Senior,CampsitePermit,Less than 20ft,
Ellenwood Lake,NS ,5,Full,CampsitePermit,Tents,
Amherst Shore,QC ,2,Full,CampsitePermit,Less than 30ft,
Cape Chignecto,NS ,2,Full,BackcountryPermit,Single Tent,
Rissers Beach,NS ,4,Full,CampsitePermit,Less than 20ft,
Porters Lake,ON ,4,Full,CampsitePermit,Tents,
Rissers Beach,NS ,4,Full,CampsitePermit,Less than 30ft,
Battery,ON ,4,Full,CampsitePermit,Less than 20ft,
Valleyview,BC ,2,Full,CampsitePermit,Single Tent,
Graves Island,NS ,2,Senior,CampsitePermit,Less than 30ft,
Mira River,NS ,2,Full,CampsitePermit,Less than 20ft,
Rissers Beach,NS ,4,Full,CampsitePermit,Less than 20ft,
Thomas Raddall,NS ,2,Full,CampsitePermit,Single Tent,
Mira River,NS ,4,Full,CampsitePermit,Less than 40ft,
Laurie,PE ,1,Full,CampsitePermit,Single Tent,
Smileys,NS ,2,Full,CampsitePermit,Less than 20ft,
Thomas Raddall,NS ,4,Full,CampsitePermit,Less than 20ft,
Whycocomagh,NS ,4,Full,YurtPermit,Tents,
Porters Lake,NS ,2,Full,CampsitePermit,Less than 20ft,
Cape Chignecto,NS ,4,Full,BackcountryPermit,Single Tent,
Five Islands,NS ,2,Full,CampsitePermit,Single Tent,
Five Islands,NS ,5,Senior,CampsitePermit,Single Tent,
Thomas Raddall,NB ,6,Full,CampsitePermit,Tents,
Rissers Beach,AB ,1,Full,CampsitePermit,Less than 30ft,
Mira River,NS ,2,Full,CampsitePermit,Single Tent,
Smileys,ON ,1,Full,CampsitePermit,Single Tent,
Boylston,NS ,1,Full,CampsitePermit,Single Tent,
Amherst Shore,NS ,2,Senior,CampsitePermit,Less than 30ft,
Rissers Beach,AB ,4,FULL,CampsitePermit,Less than 30ft,
Thomas Raddall,NS ,1,Full,CampsitePermit,Single Tent,
Mira River,NS ,3,Full,CampsitePermit,Less than 40ft,
Blomidon,NS ,4,Full,CampsitePermit,Single Tent,
Five Islands,NS ,5,Full,CampsitePermit,Tents,
Five Islands,NS ,1,Senior,CampsitePermit,Single Tent,
Five Islands,NS ,5,Full,CampsitePermit,Single Tent,
Rissers Beach,ON ,2,Full,CampsitePermit,Single Tent,
Thomas Raddall,ON ,2,Full,CampsitePermit,Single Tent,
Rissers Beach,NS ,2,Veteran,CampsitePermit,Single Tent,
Caribou Munroes,NS ,4,Full,CampsitePermit,Tents,
Smileys,NS ,2,Full,CampsitePermit,Less than 30ft,
Graves Island,QC ,2,Full,CampsitePermit,Single Tent,
Dollar Lake,NS ,2,Full,CampsitePermit,Single Tent,
Dollar Lake,NS ,5,Full,CampsitePermit,Single Tent,
Caribou Munroes,NB ,2,Full,CampsitePermit,Single Tent,
Battery,AB ,2,Senior,CampsitePermit,Single Tent,
Graves Island,NB ,2,Full,CampsitePermit,Less than 30ft,
Thomas Raddall,NS ,2,Full,CampsitePermit,Less than 20ft,
Whycocomagh,NS ,3,Full,CampsitePermit,Single Tent,
Mira River,NS ,3,Full,CampsitePermit,Less than 40ft,
Graves Island,NS ,4,Senior,CampsitePermit,Tents,
Caribou Munroes,NS ,4,Full,CampsitePermit,Less than 20ft,
Salsman,NS ,2,Senior,CampsitePermit,Less than 20ft,
Mira River,NS ,2,Full,CampsitePermit,Single Tent,
Rissers Beach,ON ,4,Full,CampsitePermit,Single Tent,
Mira River,BC ,2,Senior,CampsitePermit,Single Tent,
Whycocomagh,NS ,2,Senior,CampsitePermit,Single Tent,
Laurie,NS ,3,Full,CampsitePermit,Single Tent,
Dollar Lake,NS ,6,Full,CampsitePermit,Tents,
Caribou Munroes,NS ,4,Full,CampsitePermit,Single Tent,
Blomidon,ON ,2,Full,CampsitePermit,Single Tent,
Mira River,NS ,6,Full,CampsitePermit,Tents,
Caribou Munroes,NS ,2,Full,CampsitePermit,Less than 30ft,
Smileys,NS ,2,Full,CampsitePermit,Less than 20ft,
Valleyview,NS ,1,Full,CampsitePermit,Less than 20ft,
Caribou Munroes,NS ,2,Full,CampsitePermit,Less than 30ft,
Graves Island,QC ,1,Full,CampsitePermit,Single Tent,
Five Islands,ON ,2,Full,CampsitePermit,Single Tent,
Blomidon,NS ,3,Full,CampsitePermit,Less than 20ft,
Rissers Beach,NS ,2,Full,CampsitePermit,Single Tent,
Amherst Shore,NS ,2,Senior,CampsitePermit,Less than 20ft,
The Islands,NB ,2,Full,CampsitePermit,Less than 30ft,
Caribou Munroes,AB ,5,Full,CampsitePermit,Less than 20ft,
Dollar Lake,NS ,4,Full,CampsitePermit,Tents,
Thomas Raddall,NS ,2,Full,CampsitePermit,Single Tent,
Caribou Munroes,NS ,3,Full,CampsitePermit,Tents,
Laurie,NS ,3,Full,CampsitePermit,Less than 30ft,
Mira River,AB ,3,Full,CampsitePermit,Single Tent,
Graves Island,BC ,2,Full,CampsitePermit,Less than 30ft,
Blomidon,NS ,2,Full,CampsitePermit,Single Tent,
Thomas Raddall,QC ,4,Full,CampsitePermit,Single Tent,
Amherst Shore,NS ,2,Full,CampsitePermit,Less than 20ft,
Graves Island,NS ,1,Full,CampsitePermit,Single Tent,
Thomas Raddall,NS ,2,Full,CampsitePermit,Less than 30ft,
Rissers Beach,NS ,4,Full,CampsitePermit,Less than 20ft,
Mira River,NS ,2,Senior,CampsitePermit,Less than 20ft,
Caribou Munroes,BC ,1,Full,CampsitePermit,Single Tent,
Dollar Lake,NS ,3,Full,CampsitePermit,Single Tent,
Graves Island,NS ,2,Full,CampsitePermit,Less than 20ft,
Graves Island,NS ,1,Full,CampsitePermit,Less than 30ft,
Five Islands,NS ,2,Full,CampsitePermit,Less than 20ft,
Rissers Beach,NS ,2,Full,CampsitePermit,Less than 30ft,
Blomidon,NS ,3,Full,CampsitePermit,Less than 20ft,
Graves Island,NS ,4,Full,CampsitePermit,Tents,
Caribou Munroes,NS ,2,Full,CampsitePermit,Less than 40ft,
Five Islands,ON ,2,Full,CampsitePermit,Single Tent,
Mira River,NS ,2,Full,CampsitePermit,Less than 40ft,
Dollar Lake,NS ,6,Full,CampsitePermit,Tents,
Mira River,NS ,4,Full,CampsitePermit,Single Tent,
Mira River,NS ,6,Full,CampsitePermit,Single Tent,
Rissers Beach,QC ,2,Senior,CampsitePermit,Less than 20ft,
Whycocomagh,AB ,3,Full,CampsitePermit,Single Tent,
Caribou Munroes,NS ,4,Full,CampsitePermit,Less than 30ft,
Five Islands,QC ,3,Full,CampsitePermit,Single Tent,
Thomas Raddall,NS ,2,Full,CampsitePermit,Single Tent,
Caribou Munroes,NS ,2,Full,CampsitePermit,Less than 30ft,
Amherst Shore,NS ,2,Senior,CampsitePermit,Less than 20ft,
Graves Island,NS ,1,Full,CampsitePermit,Single Tent,
Smileys,NS ,2,Senior,CampsitePermit,Less than 30ft,
Rissers Beach,NS ,4,Full,CampsitePermit,Less than 40ft,
Porters Lake,NB ,2,Full,CampsitePermit,Single Tent,
Caribou Munroes,NS ,3,Full,CampsitePermit,Single Tent,
Mira River,NS ,2,Full,CampsitePermit,Single Tent,
Rissers Beach,BC ,2,Full,CampsitePermit,Greater than 40ft,
Five Islands,NS ,2,Senior,CampsitePermit,Single Tent,
Mira River,NS ,4,Full,CampsitePermit,Single Tent,
Rissers Beach,NS ,2,Full,CampsitePermit,Less than 30ft,
Blomidon,NS ,2,Senior,CampsitePermit,Less than 30ft,
Graves Island,NS ,2,Senior,CampsitePermit,Less than 30ft,
Porters Lake,NS ,3,Full,CampsitePermit,Less than 20ft,
Mira River,NS ,2,Full,CampsitePermit,Less than 30ft,
Mira River,NS ,2,Full,CampsitePermit,Less than 30ft,
The Islands,NS ,5,Full,CampsitePermit,Tents,
Amherst Shore,NS ,2,Full,CampsitePermit,Less than 20ft,
Blomidon,NS ,2,Full,CampsitePermit,Single Tent,
Caribou Munroes,NS ,2,Full,CampsitePermit,Tents,
Caribou Munroes,NS ,2,Senior,CampsitePermit,Less than 30ft,
Porters Lake,NS ,2,Full,CampsitePermit,Single Tent,
Blomidon,ON ,2,Senior,CampsitePermit,Single Tent,
Cape Chignecto,NS ,2,Full,BackcountryPermit,Single Tent,
Caribou Munroes,NS ,2,Full,CampsitePermit,Single Tent,
Smileys,NS ,2,Full,CampsitePermit,Less than 30ft,
Mira River,NS ,2,Full,CampsitePermit,Less than 20ft,
Graves Island,ON ,3,Full,CampsitePermit,Less than 20ft,
Caribou Munroes,NS ,2,Full,CampsitePermit,Less than 30ft,
Laurie,NS ,3,Full,CampsitePermit,Single Tent,
Battery,QC ,2,Senior,CampsitePermit,Less than 40ft,
Laurie,NS ,4,Full,CampsitePermit,Single Tent,
Porters Lake,ON ,2,Full,CampsitePermit,Single Tent,
Five Islands,QC ,2,Full,CampsitePermit,Single Tent,
Mira River,NS ,2,Full,CampsitePermit,Single Tent,
Battery,BC ,2,Full,CampsitePermit,Single Tent,
Thomas Raddall,NS ,2,Full,CampsitePermit,Single Tent,
Caribou Munroes,NS ,2,Full,CampsitePermit,Single Tent,
Blomidon,QC ,1,Full,CampsitePermit,Single Tent,
Graves Island,ON ,2,Full,CampsitePermit,Less than 20ft,
Ellenwood Lake,ON ,2,Full,CampsitePermit,Single Tent,
Dollar Lake,NS ,2,Senior,CampsitePermit,Less than 20ft,
Dollar Lake,NS ,4,Full,CampsitePermit,Less than 30ft,
Graves Island,NS ,2,Senior,CampsitePermit,Less than 30ft,
Five Islands,NS ,2,Full,CampsitePermit,Single Tent,
Caribou Munroes,NS ,5,Full,CampsitePermit,Less than 30ft,
Caribou Munroes,NB ,1,Senior,CampsitePermit,Less than 20ft,
Graves Island,NS ,2,Full,CampsitePermit,Less than 30ft,
Laurie,NS ,2,Senior,CampsitePermit,Less than 20ft,
Rissers Beach,NS ,4,Full,CampsitePermit,Less than 20ft,
Five Islands,ON ,2,Full,CampsitePermit,Single Tent,
Graves Island,NS ,2,Senior,CampsitePermit,Less than 30ft,
Rissers Beach,NS ,6,Full,CampsitePermit,Tents,
Mira River,NS ,2,Full,CampsitePermit,Single Tent,
Dollar Lake,ON ,3,Full,CampsitePermit,Single Tent,
Porters Lake,NS ,3,Full,CampsitePermit,Tents,
Battery,NS ,1,Full,CampsitePermit,Single Tent,
Mira River,NS ,2,Full,CampsitePermit,Single Tent,
Thomas Raddall,NS ,5,Full,CampsitePermit,Tents,
Caribou Munroes,NS ,2,Senior,CampsitePermit,Less than 30ft,
Rissers Beach,NS ,2,Senior,CampsitePermit,Less than 30ft,
Rissers Beach,NS ,4,Full,CampsitePermit,Tents,
Graves Island,NS ,2,Senior,CampsitePermit,Less than 20ft,
Battery,NS ,2,Full,CampsitePermit,Single Tent,
Mira River,NS ,5,Full,CampsitePermit,Single Tent,
Thomas Raddall,QC ,1,Full,CampsitePermit,Less than 20ft,
Porters Lake,NS ,2,Full,CampsitePermit,Less than 20ft,
Valleyview,NS ,2,Full,CampsitePermit,Single Tent,
Laurie,QC ,4,Full,CampsitePermit,Less than 30ft,
Dollar Lake,NB ,2,Full,CampsitePermit,Single Tent,
Laurie,ON ,2,Full,CampsitePermit,Tents,
Porters Lake,NS ,2,Full,CampsitePermit,Single Tent,
Blomidon,ON ,2,Full,CampsitePermit,Single Tent,
Laurie,NS ,1,Full,CampsitePermit,Single Tent,
Mira River,NS ,2,Full,CampsitePermit,Single Tent,
Graves Island,ON ,1,Senior,CampsitePermit,Single Tent,
Graves Island,NS ,2,Full,CampsitePermit,Single Tent,
Cape Chignecto,NS ,2,Full,BackcountryPermit,Single Tent,
Thomas Raddall,NS ,2,Full,CampsitePermit,Tents,
Graves Island,NS ,2,Full,CampsitePermit,Single Tent,
Graves Island,NS ,2,Senior,CampsitePermit,Less than 30ft,
Mira River,NS ,4,Full,CampsitePermit,Less than 40ft,
Blomidon,NS ,4,Full,CampsitePermit,Less than 30ft,
Whycocomagh,NS ,5,Full,CampsitePermit,Less than 20ft,
Caribou Munroes,NS ,4,Full,CampsitePermit,Less than 40ft,
Blomidon,NB ,2,Full,CampsitePermit,Single Tent,
Caribou Munroes,ON ,2,Full,CampsitePermit,Single Tent,
Blomidon,NB ,5,Full,CampsitePermit,Less than 30ft,
Ellenwood Lake,NS ,2,Full,CampsitePermit,Single Tent,
Battery,NS ,2,Full,CampsitePermit,Less than 20ft,
Porters Lake,QC ,4,Full,CampsitePermit,Less than 30ft,
Rissers Beach,NB ,2,Full,CampsitePermit,Single Tent,
Mira River,NS ,4,Full,CampsitePermit,Less than 40ft,
Blomidon,NS ,2,Full,CampsitePermit,Single Tent,
Cape Chignecto,ON ,2,Full,BackcountryPermit,Single Tent,
Caribou Munroes,NS ,3,Senior,CampsitePermit,Less than 40ft,
Caribou Munroes,NS ,6,Full,CampsitePermit,Tents,
Graves Island,ON ,1,Full,CampsitePermit,Single Tent,
Laurie,NS ,1,Senior,CampsitePermit,Single Tent,
Smileys,NS ,4,Full,CampsitePermit,Less than 30ft,
Caribou Munroes,BC ,2,Full,CampsitePermit,Single Tent,
Blomidon,NS ,2,Full,CampsitePermit,Single Tent,
Battery,QC ,2,Senior,CampsitePermit,Less than 30ft,
Cape Chignecto,NS ,2,Full,BackcountryPermit,Single Tent,
Smileys,NS ,2,Senior,CampsitePermit,Less than 20ft,
Laurie,AB ,2,Senior,CampsitePermit,Less than 30ft,
Rissers Beach,NS ,2,Senior,CampsitePermit,Less than 20ft,
Five Islands,NS ,6,Full,CampsitePermit,Tents,
Battery,NB ,2,Full,CampsitePermit,Single Tent,
Caribou Munroes,ON ,2,Full,CampsitePermit,Single Tent,
Rissers Beach,NS ,4,Full,CampsitePermit,Less than 20ft,
Mira River,NS ,3,Full,CampsitePermit,Tents,
Rissers Beach,NS ,5,Full,CampsitePermit,Single Tent,
Ellenwood Lake,NS ,5,Full,CampsitePermit,Single Tent,
Thomas Raddall,NS ,2,Full,CampsitePermit,Less than 30ft,
Battery,PE ,3,Full,CampsitePermit,Single Tent,
Amherst Shore,NS ,3,Senior,CampsitePermit,Less than 20ft,
Rissers Beach,NS ,4,Full,CampsitePermit,Single Tent,
Laurie,NS ,3,Full,CampsitePermit,Less than 40ft,
Mira River,ON ,2,Senior,CampsitePermit,Less than 30ft,
Mira River,NS ,2,Full,CampsitePermit,Less than 30ft,
Battery,NS ,1,Full,CampsitePermit,Single Tent,
Mira River,NS ,4,Full,CampsitePermit,Less than 30ft,
Thomas Raddall,NS ,2,Full,CampsitePermit,Less than 20ft,
The Islands,NS ,2,Full,CampsitePermit,Tents,
Caribou Munroes,QC ,4,Full,CampsitePermit,Single Tent,
Battery,NS ,2,Full,CampsitePermit,Less than 20ft,
Five Islands,NB ,2,Full,CampsitePermit,Single Tent,
Laurie,NS ,5,Full,CampsitePermit,Less than 20ft,
Blomidon,NS ,2,Full,CampsitePermit,Single Tent,
Dollar Lake,NS ,4,Full,CampsitePermit,Single Tent,
Salsman,NS ,4,Full,CampsitePermit,Tents,
Whycocomagh,ON ,3,Senior,CampsitePermit,Tents,
Graves Island,NS ,4,Senior,CampsitePermit,Less than 40ft,
Graves Island,NS ,3,Full,CampsitePermit,Less than 30ft,
Laurie,NS ,2,Full,CampsitePermit,Single Tent,
Battery,NS ,5,Full,CampsitePermit,Less than 30ft,
Dollar Lake,NS ,2,Full,CampsitePermit,Single Tent,
Five Islands,NS ,2,Senior,CampsitePermit,Less than 30ft,
Ellenwood Lake,NS ,4,Full,CampsitePermit,Single Tent,
Smileys,NS ,6,Full,CampsitePermit,Single Tent,
Dollar Lake,NS ,4,Full,CampsitePermit,Single Tent,
Cape Chignecto,NS ,1,Full,BackcountryPermit,Single Tent,
Dollar Lake,NS ,2,Full,CampsitePermit,Single Tent,
Dollar Lake,NS ,4,Full,CampsitePermit,Single Tent,
Five Islands,QC ,2,Full,CampsitePermit,Tents,
Cape Chignecto,NB ,4,Full,BackcountryPermit,Single Tent,
Blomidon,NS ,4,Full,CampsitePermit,Less than 20ft,
Blomidon,QC ,2,Full,CampsitePermit,Less than 40ft,
The Islands,NS ,2,Full,CampsitePermit,Single Tent,
Graves Island,NS ,4,Full,CampsitePermit,Single Tent,
Porters Lake,NS ,2,Full,CampsitePermit,Single Tent,
Porters Lake,NS ,2,Full,CampsitePermit,Less than 30ft,
Rissers Beach,NS ,2,Full,CampsitePermit,Less than 20ft,
Rissers Beach,NS ,4,Full,CampsitePermit,Single Tent,
Dollar Lake,NS ,4,Full,CampsitePermit,Less than 20ft,
Mira River,QC ,2,Full,CampsitePermit,Less than 30ft,
Thomas Raddall,NS ,4,Full,CampsitePermit,Less than 30ft,
Dollar Lake,NS ,4,Full,CampsitePermit,Tents,
Mira River,QC ,2,Senior,CampsitePermit,Single Tent,
Rissers Beach,QC ,2,Full,CampsitePermit,Single Tent,
Laurie,NS ,8,Full,CampsitePermit,Less than 20ft,
Dollar Lake,NS ,2,Full,CampsitePermit,Single Tent,
Blomidon,MB,2,Full,CampsitePermit,Single Tent,
Mira River,AB ,2,Full,CampsitePermit,Less than 30ft,
Graves Island,QC ,2,Full,CampsitePermit,Less than 20ft,
Porters Lake,ON ,3,Full,CampsitePermit,Less than 20ft,
Graves Island,AB ,2,Full,CampsitePermit,Single Tent,
Blomidon,NS ,2,Full,CampsitePermit,Less than 20ft,
Thomas Raddall,QC ,1,Full,CampsitePermit,Single Tent,
Amherst Shore,NS ,1,Full,CampsitePermit,Single Tent,
Porters Lake,NS ,6,Full,CampsitePermit,Single Tent,
Dollar Lake,NS ,5,Full,CampsitePermit,Tents,
Rissers Beach,NS ,6,Full,CampsitePermit,Less than 20ft,
Smileys,NB ,2,Full,CampsitePermit,Less than 20ft,
Mira River,ON ,2,Senior,CampsitePermit,Single Tent,
Blomidon,ON ,1,Full,CampsitePermit,Single Tent,
Rissers Beach,ON ,1,Full,CampsitePermit,Single Tent,
Laurie,NS ,2,Full,CampsitePermit,Less than 30ft,
Laurie,NS ,2,Full,CampsitePermit,Less than 30ft,
Five Islands,NS ,2,Full,CampsitePermit,Single Tent,
Dollar Lake,NS ,2,Full,CampsitePermit,Single Tent,
Laurie,NS ,2,Full,CampsitePermit,Less than 40ft,
Laurie,NS ,2,Full,CampsitePermit,Less than 40ft,
Graves Island,NS ,2,Full,CampsitePermit,Less than 30ft,
Blomidon,ON ,2,Senior,CampsitePermit,Single Tent,
Graves Island,QC ,2,Full,CampsitePermit,Less than 20ft,
Amherst Shore,QC ,2,Full,CampsitePermit,Single Tent,
Porters Lake,NS ,4,Veteran,CampsitePermit,Less than 30ft,
Thomas Raddall,NS ,3,Full,CampsitePermit,Less than 20ft,
Caribou Munroes,NS ,2,Full,CampsitePermit,Single Tent,
Dollar Lake,NS ,2,Full,CampsitePermit,Single Tent,
Rissers Beach,NS ,2,Full,CampsitePermit,Single Tent,
Whycocomagh,AB ,1,Full,CampsitePermit,Single Tent,
Amherst Shore,NS ,5,Full,CampsitePermit,Less than 30ft,
Mira River,ON ,3,Full,CampsitePermit,Less than 30ft,
Graves Island,NS ,3,Full,CampsitePermit,Less than 30ft,
Five Islands,BC ,2,Senior,CampsitePermit,Single Tent,
Rissers Beach,NS ,4,Full,CampsitePermit,Single Tent,
Graves Island,NS ,4,Full,CampsitePermit,Less than 20ft,
Mira River,NS ,1,Full,CampsitePermit,Single Tent,
Five Islands,ON ,2,Full,CampsitePermit,Single Tent,
Mira River,NS ,4,Full,CampsitePermit,Single Tent,
Whycocomagh,QC ,4,Full,CampsitePermit,Less than 20ft,
Rissers Beach,ON ,4,Full,CampsitePermit,Single Tent,
Thomas Raddall,NS ,4,Full,CampsitePermit,Single Tent,
Thomas Raddall,NS ,2,Full,CampsitePermit,Single Tent,
Dollar Lake,NS ,5,Full,CampsitePermit,Single Tent,
Cape Chignecto,NB ,2,Full,BackcountryPermit,Single Tent,
Ellenwood Lake,NS ,4,Full,CampsitePermit,Single Tent,
Caribou Munroes,NS ,6,Full,CampsitePermit,Single Tent,
Amherst Shore,ON ,1,Senior,CampsitePermit,Single Tent,
Mira River,NS ,4,Full,CampsitePermit,Less than 30ft,
Caribou Munroes,NS ,2,Senior,CampsitePermit,Less than 20ft,
Valleyview,NS ,2,Full,CampsitePermit,Single Tent,
Dollar Lake,NS ,2,Senior,CampsitePermit,Single Tent,
Dollar Lake,NS ,2,Full,CampsitePermit,Single Tent,
Boylston,NS ,2,Full,CampsitePermit,Less than 30ft,
Caribou Munroes,NS ,4,Full,CampsitePermit,Single Tent,
Dollar Lake,NS ,4,Full,CampsitePermit,Less than 20ft,
Porters Lake,NS ,2,Full,CampsitePermit,Single Tent,
Smileys,NS ,6,Full,CampsitePermit,Single Tent,
Thomas Raddall,NS ,2,Senior,CampsitePermit,Tents,
Laurie,NS ,2,Full,CampsitePermit,Single Tent,
Graves Island,NS ,2,Full,CampsitePermit,Single Tent,
Thomas Raddall,NS ,1,Full,CampsitePermit,Single Tent,
Five Islands,NS ,3,Full,CampsitePermit,Single Tent,
Rissers Beach,NS ,2,Full,CampsitePermit,Less than 30ft,
Ellenwood Lake,NS ,3,Full,CampsitePermit,Single Tent,
Valleyview,ON ,4,Full,CampsitePermit,Single Tent,
Laurie,NS ,2,Full,CampsitePermit,Less than 30ft,
Rissers Beach,NS ,6,Full,CampsitePermit,Single Tent,
Porters Lake,NS ,3,Full,CampsitePermit,Less than 30ft,
Dollar Lake,NS ,8,Full,CampsitePermit,Less than 30ft,
Dollar Lake,NS ,4,Full,CampsitePermit,Less than 20ft,
Graves Island,NS ,3,Full,CampsitePermit,Single Tent,
Smileys,PE ,2,Full,CampsitePermit,Single Tent,
Battery,ON ,2,Full,CampsitePermit,Less than 20ft,
Rissers Beach,NS ,2,Full,CampsitePermit,Less than 30ft,
Graves Island,NS ,4,Full,CampsitePermit,Less than 30ft,
Amherst Shore,NS ,4,Full,CampsitePermit,Tents,
Laurie,NS ,2,Full,CampsitePermit,Less than 40ft,
Battery,NS ,2,Senior,CampsitePermit,Single Tent,
Cape Chignecto,NS ,1,Full,BackcountryPermit,Single Tent,
Laurie,NB ,2,Full,CampsitePermit,Single Tent,
Porters Lake,NS ,2,Full,CampsitePermit,Single Tent,
Five Islands,NB ,2,Senior,CampsitePermit,Single Tent,
Blomidon,NS ,3,Full,CampsitePermit,Single Tent,
The Islands,NS ,2,Full,CampsitePermit,Less than 20ft,
Amherst Shore,ON ,2,Full,CampsitePermit,Less than 40ft,
Graves Island,NS ,4,Full,CampsitePermit,Tents,
Cape Chignecto,NS ,2,Full,BackcountryPermit,Single Tent,
Valleyview,NS ,1,Full,CampsitePermit,Less than 30ft,
Dollar Lake,NS ,4,Full,CampsitePermit,Single Tent,
Whycocomagh,QC ,2,Full,CampsitePermit,Single Tent,
Rissers Beach,NB ,4,Full,CampsitePermit,Single Tent,
The Islands,NS ,2,Full,CampsitePermit,Tents,
Porters Lake,NS ,4,Full,CampsitePermit,Less than 30ft,
Cape Chignecto,NS ,2,Full,BackcountryPermit,Single Tent,
Battery,NS ,2,Senior,CampsitePermit,Single Tent,
Five Islands,NS ,2,Full,CampsitePermit,Less than 20ft,
Blomidon,QC ,2,Full,CampsitePermit,Less than 20ft,
Mira River,QC ,2,Senior,CampsitePermit,Less than 20ft,
Rissers Beach,NS ,2,Full,CampsitePermit,Less than 20ft,
Laurie,AB ,2,Full,CampsitePermit,Single Tent,
The Islands,AB ,2,Senior,CampsitePermit,Less than 30ft,
Graves Island,NS ,2,Full,CampsitePermit,Single Tent,
Laurie,NS ,4,Full,CampsitePermit,Less than 30ft,
Battery,QC ,2,Full,CampsitePermit,Less than 20ft,
Rissers Beach,NS ,3,Full,CampsitePermit,Single Tent,
Rissers Beach,NS ,2,Senior,CampsitePermit,Less than 30ft,
Caribou Munroes,NS ,1,Full,CampsitePermit,Tents,
Cape Chignecto,NB ,1,Full,BackcountryPermit,Single Tent,
Thomas Raddall,NS ,5,Full,CampsitePermit,Tents,
Porters Lake,NS ,4,Full,CampsitePermit,Less than 30ft,
Rissers Beach,NS ,3,Full,CampsitePermit,Less than 30ft,
Caribou Munroes,NS ,2,Full,CampsitePermit,Single Tent,
Graves Island,NS ,3,Full,CampsitePermit,Less than 30ft,
Graves Island,ON ,1,Full,CampsitePermit,Single Tent,
Dollar Lake,NS ,1,Full,CampsitePermit,Single Tent,
Caribou Munroes,NS ,6,Senior,CampsitePermit,Less than 30ft,
Porters Lake,NS ,3,Full,CampsitePermit,Less than 40ft,
Porters Lake,NS ,2,Full,CampsitePermit,Less than 20ft,
Dollar Lake,NS ,4,Full,CampsitePermit,Less than 20ft,
Thomas Raddall,NS ,6,Full,CampsitePermit,Tents,
Dollar Lake,NS ,6,Full,CampsitePermit,Tents,
Thomas Raddall,QC ,2,Full,CampsitePermit,Single Tent,
The Islands,NS ,2,Senior,CampsitePermit,Less than 20ft,
Porters Lake,NS ,1,Full,CampsitePermit,Single Tent,
Amherst Shore,ON ,2,Full,CampsitePermit,Single Tent,
Graves Island,PE ,2,Full,CampsitePermit,Less than 40ft,
Smileys,NS ,1,Full,CampsitePermit,Less than 20ft,
Graves Island,QC ,2,Full,CampsitePermit,Single Tent,
Ellenwood Lake,NS ,2,Full,CampsitePermit,Less than 20ft,
Blomidon,NS ,4,Veteran,CampsitePermit,Tents,
Dollar Lake,NS ,7,Full,CampsitePermit,Single Tent,
Rissers Beach,NS ,4,Full,CampsitePermit,Single Tent,
Thomas Raddall,NS ,2,Full,CampsitePermit,Less than 30ft,
Dollar Lake,NS ,4,Full,CampsitePermit,Single Tent,
Mira River,NS ,4,Full,CampsitePermit,Less than 40ft,
Cape Chignecto,NS ,2,Full,BackcountryPermit,Single Tent,
Mira River,ON ,3,Full,CampsitePermit,Single Tent,
Graves Island,NS ,4,Full,CampsitePermit,Less than 40ft,
Rissers Beach,NS ,2,Senior,CampsitePermit,Less than 20ft,
Mira River,QC ,2,Full,CampsitePermit,Tents,
Mira River,NS ,4,Full,CampsitePermit,Less than 40ft,
Whycocomagh,ON ,6,Full,CampsitePermit,Less than 20ft,
Ellenwood Lake,NS ,3,Full,CampsitePermit,Single Tent,
Ellenwood Lake,ON ,2,Senior,CampsitePermit,Less than 20ft,
Graves Island,NS ,2,Full,CampsitePermit,Less than 30ft,
Porters Lake,NS ,2,Full,CampsitePermit,Single Tent,
Five Islands,QC ,2,Full,CampsitePermit,Single Tent,
Laurie,NS ,4,Full,CampsitePermit,Less than 30ft,
Dollar Lake,NS ,2,Full,CampsitePermit,Single Tent,
Five Islands,NS ,2,Full,CampsitePermit,Single Tent,
Porters Lake,NS ,4,Full,CampsitePermit,Less than 30ft,
Dollar Lake,NS ,4,Veteran,CampsitePermit,Less than 20ft,
Graves Island,NS ,4,Full,CampsitePermit,Less than 20ft,
Laurie,NS ,4,Full,CampsitePermit,Less than 30ft,
Five Islands,QC ,2,Full,CampsitePermit,Single Tent,
Battery,QC ,1,Full,CampsitePermit,Less than 20ft,
Caribou Munroes,BC ,2,Full,CampsitePermit,Single Tent,
The Islands,NS ,2,Senior,CampsitePermit,Less than 20ft,
Rissers Beach,NS ,3,Full,CampsitePermit,Tents,
Graves Island,NS ,6,Full,CampsitePermit,Tents,
Thomas Raddall,PE ,2,Full,CampsitePermit,Single Tent,
Rissers Beach,NS ,2,Full,CampsitePermit,Less than 20ft,
Battery,NL ,2,Full,CampsitePermit,Less than 20ft,
Blomidon,NS ,4,Full,CampsitePermit,Tents,
Thomas Raddall,QC ,3,Full,CampsitePermit,Less than 20ft,
Thomas Raddall,NS ,1,Full,CampsitePermit,Single Tent,
Caribou Munroes,QC ,1,Full,CampsitePermit,Single Tent,
Blomidon,BC ,1,Senior,CampsitePermit,Single Tent,
Graves Island,NS ,2,Full,CampsitePermit,Less than 40ft,
Caribou Munroes,NS ,6,Full,CampsitePermit,Tents,
Whycocomagh,BC ,1,Full,CampsitePermit,Single Tent,
Mira River,QC ,2,Full,CampsitePermit,Single Tent,
Valleyview,NS ,2,Full,CampsitePermit,Less than 30ft,
Ellenwood Lake,NS ,5,Full,CampsitePermit,Tents,
Dollar Lake,NS ,3,Full,CampsitePermit,Single Tent,
Mira River,NS ,2,Full,CampsitePermit,Less than 30ft,
Cape Chignecto,ON ,2,Full,BackcountryPermit,Single Tent,
Five Islands,BC ,2,Full,CampsitePermit,Single Tent,
Rissers Beach,NS ,4,Full,CampsitePermit,Single Tent,
Dollar Lake,NS ,1,Full,CampsitePermit,Single Tent,
Blomidon,ON ,2,Full,CampsitePermit,Single Tent,
Porters Lake,QC ,2,Senior,CampsitePermit,Less than 30ft,
Five Islands,AB ,2,Full,CampsitePermit,Less than 30ft,
Graves Island,NS ,2,Full,CampsitePermit,Less than 30ft,
Valleyview,NB ,2,Full,CampsitePermit,Single Tent,
Graves Island,NS ,4,Full,CampsitePermit,Less than 30ft,
Amherst Shore,NS ,5,Full,CampsitePermit,Tents,
Caribou Munroes,NS ,2,Full,CampsitePermit,Less than 30ft,
Thomas Raddall,NS ,4,Full,CampsitePermit,Single Tent,
Blomidon,BC ,2,Senior,CampsitePermit,Less than 20ft,
Mira River,NS ,4,Full,CampsitePermit,Single Tent,
Caribou Munroes,NS ,4,Full,CampsitePermit,Less than 20ft,
Thomas Raddall,NS ,6,Senior,CampsitePermit,Less than 30ft,
Laurie,NS ,2,Full,CampsitePermit,Less than 30ft,
Caribou Munroes,NS ,2,Full,CampsitePermit,Less than 30ft,
Smileys,NS ,3,Full,CampsitePermit,Less than 30ft,
Amherst Shore,NS ,2,Full,CampsitePermit,Single Tent,
Graves Island,NS ,2,Full,CampsitePermit,Less than 40ft,
Ellenwood Lake,NS ,5,Full,CampsitePermit,Single Tent,
Rissers Beach,NS ,2,FULL,CampsitePermit,Less than 30ft,
Amherst Shore,NS ,4,Senior,CampsitePermit,Less than 30ft,
Five Islands,NS ,3,Full,CampsitePermit,Single Tent,
Blomidon,NS ,4,Full,CampsitePermit,Single Tent,
Caribou Munroes,NS ,2,Full,CampsitePermit,Single Tent,
Blomidon,NS ,5,Full,CampsitePermit,Tents,
Rissers Beach,NS ,2,Full,CampsitePermit,Single Tent,
The Islands,NS ,2,Full,CampsitePermit,Single Tent,
Mira River,QC ,2,Full,CampsitePermit,Single Tent,
Graves Island,BC ,1,Full,CampsitePermit,Single Tent,
Thomas Raddall,ON ,2,Full,CampsitePermit,Less than 30ft,
Amherst Shore,QC ,2,Full,CampsitePermit,Single Tent,
Graves Island,NS ,2,Full,CampsitePermit,Less than 30ft,
Five Islands,QC ,3,Full,CampsitePermit,Single Tent,
Porters Lake,NS ,6,Full,CampsitePermit,Tents,
Graves Island,NS ,2,Full,CampsitePermit,Less than 30ft,
Five Islands,NS ,3,Full,CampsitePermit,Single Tent,
Ellenwood Lake,NS ,2,Full,CampsitePermit,Single Tent,
Amherst Shore,NB ,3,Full,CampsitePermit,Tents,
Graves Island,NS ,4,Veteran,CampsitePermit,Less than 20ft,
Caribou Munroes,NS ,3,Full,CampsitePermit,Less than 20ft,
Ellenwood Lake,NS ,5,Full,CampsitePermit,Less than 20ft,
Dollar Lake,NS ,6,Full,CampsitePermit,Single Tent,
Blomidon,NS ,2,Full,CampsitePermit,Less than 30ft,
Whycocomagh,AB ,2,Senior,CampsitePermit,Less than 30ft,
Graves Island,NS ,4,Senior,CampsitePermit,Less than 20ft,
Amherst Shore,ON ,4,Full,CampsitePermit,Single Tent,
Porters Lake,NS ,2,Full,CampsitePermit,Less than 20ft,
Valleyview,NS ,2,Full,CampsitePermit,Single Tent,
Caribou Munroes,NS ,3,Full,CampsitePermit,Single Tent,
Rissers Beach,ON ,2,Full,CampsitePermit,Less than 20ft,
Graves Island,NS ,2,Senior,CampsitePermit,Less than 20ft,
Dollar Lake,NS ,3,Full,CampsitePermit,Single Tent,
Thomas Raddall,NS ,4,Full,CampsitePermit,Single Tent,
Caribou Munroes,NS ,2,Full,CampsitePermit,Single Tent,
Blomidon,NS ,6,Full,CampsitePermit,Tents,
Dollar Lake,NS ,4,Full,CampsitePermit,Less than 20ft,
Mira River,QC ,4,Full,CampsitePermit,Less than 40ft,
Blomidon,QC ,1,Full,CampsitePermit,Single Tent,
Smileys,NS ,2,Full,CampsitePermit,Single Tent,
Rissers Beach,NS ,3,Full,CampsitePermit,Less than 30ft,
Smileys,NS ,4,Full,CampsitePermit,Single Tent,
Caribou Munroes,ON ,4,Full,CampsitePermit,Less than 30ft,
Thomas Raddall,NS ,3,Full,CampsitePermit,Less than 30ft,
Rissers Beach,NS ,2,Full,CampsitePermit,Greater than 40ft,
Five Islands,NB ,4,Full,CampsitePermit,Tents,
Boylston,NS ,4,Full,CampsitePermit,Single Tent,
Rissers Beach,NS ,2,Senior,CampsitePermit,Less than 20ft,
Whycocomagh,QC ,2,Full,CampsitePermit,Less than 30ft,
Caribou Munroes,NS ,3,Full,CampsitePermit,Single Tent,
Porters Lake,QC ,1,Full,CampsitePermit,Single Tent,
Mira River,ON ,2,Full,CampsitePermit,Less than 30ft,
Rissers Beach,ON ,2,Senior,CampsitePermit,Less than 20ft,
Blomidon,NS ,2,Full,CampsitePermit,Single Tent,
Battery,NS ,3,Full,CampsitePermit,Single Tent,
Rissers Beach,NS ,2,Senior,CampsitePermit,Less than 30ft,
Caribou Munroes,NS ,2,Full,CampsitePermit,Tents,
Whycocomagh,BC ,3,Full,CampsitePermit,Less than 20ft,
Graves Island,NB ,2,Full,CampsitePermit,Less than 40ft,
Rissers Beach,NS ,4,Full,CampsitePermit,Tents,
Mira River,ON ,2,Full,CampsitePermit,Single Tent,
Mira River,NS ,2,Full,CampsitePermit,Less than 20ft,
Porters Lake,NS ,6,Full,CampsitePermit,Tents,
Rissers Beach,NS ,6,Full,CampsitePermit,Less than 30ft,
Caribou Munroes,NS ,4,Full,CampsitePermit,Tents,
Blomidon,NS ,2,Full,CampsitePermit,Single Tent,
Mira River,NS ,4,Full,CampsitePermit,Tents,
Thomas Raddall,NS ,3,Full,CampsitePermit,Single Tent,
Rissers Beach,NS ,4,Full,CampsitePermit,Less than 20ft,
Valleyview,BC ,2,Senior,CampsitePermit,Single Tent,
Mira River,NS ,4,Full,CampsitePermit,Less than 20ft,
Laurie,NS ,3,Full,CampsitePermit,Single Tent,
Porters Lake,NS ,2,Full,CampsitePermit,Single Tent,
Amherst Shore,NB ,3,Full,CampsitePermit,Single Tent,
Whycocomagh,BC ,2,Full,CampsitePermit,Less than 20ft,
Laurie,NS ,4,Full,CampsitePermit,Single Tent,
Porters Lake,NS ,2,Full,CampsitePermit,Single Tent,
Mira River,NS ,5,Full,CampsitePermit,Less than 20ft,
Five Islands,ON ,4,Senior,CampsitePermit,Single Tent,
Caribou Munroes,NS ,4,Full,CampsitePermit,Less than 30ft,
Five Islands,NS ,2,Full,CampsitePermit,Less than 30ft,
Graves Island,NS ,2,Full,CampsitePermit,Less than 30ft,
Caribou Munroes,NS ,5,Full,CampsitePermit,Tents,
Mira River,NS ,3,Full,CampsitePermit,Less than 20ft,
Smileys,NL ,2,Full,CampsitePermit,Single Tent,
Battery,NS ,3,Full,CampsitePermit,Less than 30ft,
Rissers Beach,ON ,4,Full,CampsitePermit,Less than 30ft,
Caribou Munroes,ON ,4,Full,CampsitePermit,Tents,
The Islands,NS ,4,Full,CampsitePermit,Tents,
Dollar Lake,NS ,3,Full,CampsitePermit,Single Tent,
Caribou Munroes,NS ,6,Full,CampsitePermit,Single Tent,
Whycocomagh,PE ,2,Senior,CampsitePermit,Less than 20ft,
Laurie,NS ,3,Senior,CampsitePermit,Single Tent,
Ellenwood Lake,NS ,4,Full,CampsitePermit,Less than 30ft,
Porters Lake,ON ,2,Senior,CampsitePermit,Single Tent,
Battery,AB ,2,Full,CampsitePermit,Less than 20ft,
Porters Lake,ON ,2,Full,CampsitePermit,Single Tent,
Dollar Lake,NS ,4,Full,CampsitePermit,Tents,
Five Islands,NS ,3,Full,CampsitePermit,Single Tent,
Rissers Beach,NS ,5,Full,CampsitePermit,Single Tent,
Whycocomagh,NL ,2,Senior,CampsitePermit,Single Tent,
Rissers Beach,NS ,4,Full,CampsitePermit,Less than 30ft,
Dollar Lake,NS ,4,Full,CampsitePermit,Single Tent,
Smileys,NS ,5,Full,CampsitePermit,Less than 20ft,
Rissers Beach,NS ,3,Full,CampsitePermit,Less than 20ft,
Salsman,QC ,2,Full,CampsitePermit,Single Tent,
Caribou Munroes,NS ,3,Full,CampsitePermit,Single Tent,
Rissers Beach,NS ,1,Full,CampsitePermit,Tents,
Thomas Raddall,NS ,4,Full,CampsitePermit,Single Tent,
Whycocomagh,ON ,2,Full,CampsitePermit,Single Tent,
Caribou Munroes,NS ,2,Full,CampsitePermit,Less than 30ft,
Rissers Beach,NS ,2,Full,CampsitePermit,Single Tent,
Blomidon,AB ,1,Full,CampsitePermit,Single Tent,
Caribou Munroes,NS ,6,Full,CampsitePermit,Less than 30ft,
Mira River,QC ,2,Full,CampsitePermit,Single Tent,
Rissers Beach,NS ,2,Full,CampsitePermit,Less than 30ft,
Caribou Munroes,QC ,2,Full,CampsitePermit,Single Tent,
Laurie,NS ,4,Full,CampsitePermit,Tents,
Thomas Raddall,NS ,3,Full,CampsitePermit,Single Tent,
Whycocomagh,NS ,2,Full,CampsitePermit,Single Tent,
Caribou Munroes,NS ,3,Full,CampsitePermit,Single Tent,
Thomas Raddall,NS ,4,Full,CampsitePermit,Tents,
Mira River,ON ,4,Senior,CampsitePermit,Less than 20ft,
Blomidon,NS ,4,Full,CampsitePermit,Single Tent,
Caribou Munroes,ON ,2,Full,CampsitePermit,Single Tent,
Mira River,ON ,2,Full,CampsitePermit,Less than 40ft,
Blomidon,ON ,5,Full,CampsitePermit,Tents,
Ellenwood Lake,NS ,3,Full,CampsitePermit,Single Tent,
Mira River,PE ,2,Senior,CampsitePermit,Less than 20ft,
Rissers Beach,NS ,4,Senior,CampsitePermit,Less than 20ft,
Mira River,NS ,4,Full,CampsitePermit,Less than 40ft,
Mira River,NS ,3,Full,CampsitePermit,Less than 40ft,
Ellenwood Lake,NS ,3,Full,CampsitePermit,Single Tent,
Graves Island,NS ,2,Full,CampsitePermit,Less than 30ft,
Smileys,NS ,4,Full,CampsitePermit,Single Tent,
Amherst Shore,ON ,1,Full,CampsitePermit,Single Tent,
Five Islands,NS ,3,Full,CampsitePermit,Single Tent,
Smileys,NS ,4,Full,CampsitePermit,Less than 20ft,
Whycocomagh,ON ,1,Full,CampsitePermit,Single Tent,
Mira River,NS ,2,Full,CampsitePermit,Less than 40ft,
Mira River,NS ,5,Senior,CampsitePermit,Single Tent,
Smileys,NS ,4,Full,CampsitePermit,Less than 30ft,
Mira River,MB ,6,Full,CampsitePermit,Less than 30ft,
Caribou Munroes,NS ,2,Senior,CampsitePermit,Less than 30ft,
Mira River,QC ,1,Full,CampsitePermit,Single Tent,
Whycocomagh,ON ,2,Full,CampsitePermit,Single Tent,
Dollar Lake,NS ,2,Full,CampsitePermit,Less than 20ft,
Cape Chignecto,NS ,4,Full,BackcountryPermit,Single Tent,
Mira River,ON ,6,Full,CampsitePermit,Less than 20ft,
Caribou Munroes,NS ,2,Full,CampsitePermit,Single Tent,
Ellenwood Lake,NS ,4,Full,CampsitePermit,Less than 30ft,
Blomidon,NS ,1,Senior,CampsitePermit,Single Tent,
Thomas Raddall,ON ,2,Full,CampsitePermit,Single Tent,
Graves Island,NS ,2,Full,CampsitePermit,Less than 40ft,
Salsman,NS ,2,Full,CampsitePermit,Less than 30ft,
Blomidon,ON ,1,Senior,CampsitePermit,Single Tent,
Mira River,NS ,5,Full,CampsitePermit,Single Tent,
Rissers Beach,NS ,6,Full,CampsitePermit,Less than 30ft,
Caribou Munroes,NS ,4,Full,CampsitePermit,Less than 30ft,
Smileys,NS ,5,Full,CampsitePermit,Less than 30ft,
Whycocomagh,ON ,1,Full,CampsitePermit,Single Tent,
Ellenwood Lake,NS ,3,Full,CampsitePermit,Single Tent,
The Islands,NS ,2,Full,CampsitePermit,Single Tent,
Amherst Shore,NS ,2,Senior,CampsitePermit,Less than 30ft,
Rissers Beach,NS ,2,Full,CampsitePermit,Less than 30ft,
Laurie,NS ,3,Full,CampsitePermit,Less than 20ft,
Mira River,NS ,6,Full,CampsitePermit,Tents,
Caribou Munroes,NS ,3,Full,CampsitePermit,Single Tent,
Caribou Munroes,NS ,6,Veteran,CampsitePermit,Less than 20ft,
Blomidon,NS ,4,Full,CampsitePermit,Single Tent,
Rissers Beach,NS ,4,Full,CampsitePermit,Less than 40ft,
Whycocomagh,QC ,3,Full,CampsitePermit,Less than 20ft,
Blomidon,NS ,1,Full,CampsitePermit,Less than 30ft,
Caribou Munroes,QC ,4,Full,CampsitePermit,Less than 40ft,
Blomidon,NS ,6,Full,CampsitePermit,Tents,
Porters Lake,ON ,1,Full,CampsitePermit,Single Tent,
Rissers Beach,ON ,4,Full,CampsitePermit,Single Tent,
Smileys,NS ,2,Full,CampsitePermit,Less than 20ft,
Graves Island,NS ,1,Full,CampsitePermit,Single Tent,
Graves Island,NS ,2,Full,CampsitePermit,Less than 30ft,
Rissers Beach,NS ,2,Full,CampsitePermit,Less than 30ft,
Thomas Raddall,NS ,3,Full,CampsitePermit,Single Tent,
Amherst Shore,NB ,2,Full,CampsitePermit,Single Tent,
Thomas Raddall,NS ,4,Full,CampsitePermit,Single Tent,
Porters Lake,NS ,2,Full,CampsitePermit,Single Tent,
Mira River,ON ,4,Full,CampsitePermit,Single Tent,
Rissers Beach,NS ,5,Full,CampsitePermit,Tents,
Caribou Munroes,NS ,2,Full,CampsitePermit,Less than 20ft,
Rissers Beach,NS ,2,Full,CampsitePermit,Less than 20ft,
Whycocomagh,MB ,3,Full,CampsitePermit,Single Tent,
Battery,QC ,2,Full,CampsitePermit,Single Tent,
Thomas Raddall,NS ,2,Full,CampsitePermit,Single Tent,
Caribou Munroes,NS ,3,Full,CampsitePermit,Less than 20ft,
Mira River,NS ,2,Full,CampsitePermit,Less than 30ft,
Ellenwood Lake,NS ,6,Full,CampsitePermit,Less than 40ft,
Mira River,ON ,1,Senior,CampsitePermit,Single Tent,
Graves Island,NS ,2,Full,CampsitePermit,Less than 30ft,
Thomas Raddall,NS ,4,Full,CampsitePermit,Single Tent,
Dollar Lake,NS ,5,Full,CampsitePermit,Tents,
The Islands,QC ,2,Senior,CampsitePermit,Less than 20ft,
The Islands,QC ,2,Full,CampsitePermit,Single Tent,
Porters Lake,NS ,5,Full,CampsitePermit,Tents,
Mira River,NS ,3,Full,CampsitePermit,Single Tent,
Thomas Raddall,NS ,4,Full,CampsitePermit,Less than 40ft,
Caribou Munroes,NS ,2,Full,CampsitePermit,Single Tent,
Battery,QC ,2,Full,CampsitePermit,Single Tent,
Graves Island,NS ,6,Full,CampsitePermit,Less than 30ft,
Caribou Munroes,NS ,2,Senior,CampsitePermit,Less than 30ft,
Rissers Beach,NS ,2,Senior,CampsitePermit,Less than 30ft,
Graves Island,QC ,2,Full,CampsitePermit,Single Tent,
Ellenwood Lake,NS ,4,Full,CampsitePermit,Tents,
Rissers Beach,NS ,2,Full,CampsitePermit,Single Tent,
Dollar Lake,NS ,4,Full,CampsitePermit,Single Tent,
Porters Lake,ON ,1,Full,CampsitePermit,Single Tent,
Mira River,NS ,5,Full,CampsitePermit,Single Tent,
Smileys,NS ,5,Full,CampsitePermit,Less than 20ft,
Rissers Beach,NS ,3,Full,CampsitePermit,Tents,
Blomidon,NS ,2,Full,CampsitePermit,Single Tent,
Rissers Beach,QC ,3,Full,CampsitePermit,Tents,
The Islands,NB ,2,Senior,CampsitePermit,Less than 30ft,
Ellenwood Lake,NS ,3,Full,CampsitePermit,Tents,
Smileys,NS ,5,Full,CampsitePermit,Less than 20ft,
Mira River,NS ,4,Full,CampsitePermit,Single Tent,
Battery,NS ,2,Full,CampsitePermit,Single Tent,
Rissers Beach,NS ,3,Full,CampsitePermit,Less than 20ft,
Smileys,NS ,2,Senior,CampsitePermit,Less than 30ft,
Valleyview,NS ,2,Full,CampsitePermit,Single Tent,
Mira River,NS ,5,Full,CampsitePermit,Single Tent,
Caribou Munroes,ON ,2,Full,CampsitePermit,Single Tent,
Caribou Munroes,NS ,3,Full,CampsitePermit,Less than 20ft,
Valleyview,NS ,2,Senior,CampsitePermit,Single Tent,
Five Islands,QC ,2,Full,CampsitePermit,Less than 20ft,
Five Islands,NS ,2,Full,CampsitePermit,Single Tent,
Caribou Munroes,NS ,2,Full,CampsitePermit,Less than 30ft,
Rissers Beach,NS ,4,Full,CampsitePermit,Single Tent,
Blomidon,NS ,4,Full,CampsitePermit,Less than 20ft,
Mira River,ON ,3,Full,CampsitePermit,Single Tent,
Valleyview,NS ,2,Senior,CampsitePermit,Less than 20ft,
Graves Island,NS ,1,Full,CampsitePermit,Single Tent,
Valleyview,NS ,2,Senior,CampsitePermit,Single Tent,
Mira River,NS ,4,Full,CampsitePermit,Less than 40ft,
Dollar Lake,NS ,3,Full,CampsitePermit,Single Tent,
Caribou Munroes,NS ,4,Full,CampsitePermit,Single Tent,
Graves Island,NS ,4,Full,CampsitePermit,Less than 20ft,
Porters Lake,NS ,4,Full,CampsitePermit,Less than 20ft,
Graves Island,NS ,1,Full,CampsitePermit,Single Tent,
Dollar Lake,NS ,4,Full,CampsitePermit,Tents,
Smileys,ON ,2,Full,CampsitePermit,Less than 30ft,
Caribou Munroes,QC ,4,Senior,CampsitePermit,Less than 40ft,
Dollar Lake,NS ,2,Full,CampsitePermit,Single Tent,
Whycocomagh,QC ,1,Full,CampsitePermit,Single Tent,
Porters Lake,NS ,5,Full,CampsitePermit,Less than 20ft,
Smileys,NS ,2,Full,CampsitePermit,Less than 40ft,
Rissers Beach,NS ,4,Full,CampsitePermit,Less than 20ft,
Graves Island,NS ,2,Full,CampsitePermit,Single Tent,
Porters Lake,ON ,2,Full,CampsitePermit,Single Tent,
Mira River,NS ,2,Full,CampsitePermit,Single Tent,
Cape Chignecto,NS ,2,Full,BackcountryPermit,Single Tent,
Caribou Munroes,QC ,3,Full,CampsitePermit,Single Tent,
Dollar Lake,NS ,4,Full,CampsitePermit,Tents,
Graves Island,NS ,2,Full,CampsitePermit,Single Tent,
Graves Island,QC ,1,Full,CampsitePermit,Single Tent,
Rissers Beach,NS ,6,Full,CampsitePermit,Tents,
Mira River,NS ,2,Full,CampsitePermit,Less than 20ft,
Blomidon,NS ,2,Full,CampsitePermit,Single Tent,
Five Islands,NS ,4,Full,CampsitePermit,Less than 20ft,
Graves Island,NS ,4,Full,CampsitePermit,Tents,
Mira River,NS ,5,Full,CampsitePermit,Single Tent,
Battery,NS ,2,Full,CampsitePermit,Less than 20ft,
Five Islands,NS ,3,Full,CampsitePermit,Single Tent,
Graves Island,NS ,3,Full,CampsitePermit,Less than 30ft,
Amherst Shore,NS ,2,Full,CampsitePermit,Single Tent,
Cape Chignecto,NS ,2,Full,BackcountryPermit,Single Tent,
Rissers Beach,NS ,4,Full,CampsitePermit,Less than 20ft,
Valleyview,NS ,4,Full,CampsitePermit,Less than 20ft,
Laurie,NS ,3,Full,CampsitePermit,Less than 30ft,
Amherst Shore,QC ,2,Full,CampsitePermit,Single Tent,
Caribou Munroes,NS ,2,Full,CampsitePermit,Single Tent,
Thomas Raddall,BC ,1,Senior,CampsitePermit,Single Tent,
Five Islands,NB ,2,Full,CampsitePermit,Single Tent,
Cape Chignecto,NS ,2,Full,BackcountryPermit,Single Tent,
Caribou Munroes,NS ,2,Full,CampsitePermit,Single Tent,
Porters Lake,NS ,2,Full,CampsitePermit,Less than 20ft,
Mira River,NS ,2,Full,CampsitePermit,Less than 30ft,
Mira River,NS ,2,Senior,CampsitePermit,Less than 30ft,
Porters Lake,NS ,2,Full,CampsitePermit,Less than 20ft,
Graves Island,NS ,2,Senior,CampsitePermit,Less than 30ft,
Dollar Lake,NS ,2,Full,CampsitePermit,Single Tent,
Blomidon,NS ,5,Full,CampsitePermit,Less than 20ft,
Graves Island,NS ,4,Full,CampsitePermit,Less than 30ft,
Porters Lake,QC ,2,Full,CampsitePermit,Single Tent,
Caribou Munroes,NS ,3,Full,CampsitePermit,Tents,
Graves Island,NS ,2,Full,CampsitePermit,Single Tent,
Rissers Beach,QC ,2,Full,CampsitePermit,Single Tent,
Ellenwood Lake,NS ,2,Full,CampsitePermit,Less than 30ft,
Battery,NS ,1,Full,CampsitePermit,Single Tent,
Laurie,NB ,4,Full,CampsitePermit,Less than 20ft,
Mira River,NB ,6,Full,CampsitePermit,Single Tent,
Laurie,NS ,2,Full,CampsitePermit,Single Tent,
Graves Island,NS ,2,Full,CampsitePermit,Single Tent,
Mira River,NS ,4,Full,CampsitePermit,Less than 40ft,
Porters Lake,NB ,2,Full,CampsitePermit,Less than 20ft,
Dollar Lake,NS ,2,Full,CampsitePermit,Single Tent,
Ellenwood Lake,NS ,2,Full,CampsitePermit,Single Tent,
Caribou Munroes,NS ,3,Full,CampsitePermit,Single Tent,
Porters Lake,NS ,6,Full,CampsitePermit,Tents,
Graves Island,ON ,2,Full,CampsitePermit,Single Tent,
The Islands,NS ,2,Full,CampsitePermit,Less than 30ft,
Ellenwood Lake,NS ,3,Full,CampsitePermit,Single Tent,
Boylston,NS ,2,Full,CampsitePermit,Less than 30ft,
The Islands,NS ,2,Full,CampsitePermit,Single Tent,
Whycocomagh,ON ,2,Full,CampsitePermit,Single Tent,
Smileys,NS ,2,Full,CampsitePermit,Less than 40ft,
Laurie,NS ,3,Full,CampsitePermit,Tents,
Blomidon,NS ,2,Full,CampsitePermit,Single Tent,
Mira River,NS ,4,Full,CampsitePermit,Single Tent,
Smileys,NL ,4,Full,CampsitePermit,Less than 40ft,
Caribou Munroes,QC ,2,Full,CampsitePermit,Single Tent,
Five Islands,QC ,2,Full,CampsitePermit,Less than 20ft,
Amherst Shore,NS ,1,Full,CampsitePermit,Single Tent,
Porters Lake,QC ,2,Full,CampsitePermit,Single Tent,
Ellenwood Lake,NS ,3,Full,CampsitePermit,Single Tent,
Graves Island,NS ,2,Senior,CampsitePermit,Less than 40ft,
Ellenwood Lake,NS ,4,Full,CampsitePermit,Less than 20ft,
Rissers Beach,NS ,5,Full,CampsitePermit,Tents,
Dollar Lake,NB ,2,Full,CampsitePermit,Single Tent,
Ellenwood Lake,NS ,4,Full,CampsitePermit,Less than 20ft,
Porters Lake,QC ,2,Full,CampsitePermit,Tents,
Mira River,QC ,4,Full,CampsitePermit,Single Tent,
Thomas Raddall,NS ,2,Full,CampsitePermit,Single Tent,
Valleyview,NB ,3,Full,CampsitePermit,Less than 20ft,
Graves Island,ON ,4,Full,CampsitePermit,Less than 30ft,
Mira River,NS ,3,Full,CampsitePermit,Less than 20ft,
Battery,MB ,2,Full,CampsitePermit,Single Tent,
Porters Lake,QC ,2,Full,CampsitePermit,Single Tent,
Graves Island,NS ,2,Full,CampsitePermit,Less than 30ft,
Salsman,NS ,2,Full,CampsitePermit,Single Tent,
Dollar Lake,ON ,2,Senior,CampsitePermit,Single Tent,
The Islands,NS ,2,Full,CampsitePermit,Single Tent,
Thomas Raddall,NS ,2,Full,CampsitePermit,Single Tent,
Caribou Munroes,NS ,2,Full,CampsitePermit,Less than 30ft,
Rissers Beach,NS ,3,Full,CampsitePermit,Less than 20ft,
Laurie,NS ,3,Full,CampsitePermit,Less than 20ft,
Cape Chignecto,NS ,3,Full,BackcountryPermit,Single Tent,
Caribou Munroes,NS ,4,Full,CampsitePermit,Less than 20ft,
Thomas Raddall,NS ,3,Full,CampsitePermit,Less than 30ft,
Smileys,NS ,4,Full,CampsitePermit,Less than 30ft,
The Islands,NS ,2,Senior,CampsitePermit,Less than 30ft,
Whycocomagh,NS ,2,Full,CampsitePermit,Tents,
Five Islands,ON ,2,Full,CampsitePermit,Single Tent,
Laurie,ON ,2,Senior,CampsitePermit,Less than 30ft,
Valleyview,NS ,2,Senior,CampsitePermit,Single Tent,
Thomas Raddall,NS ,5,Full,CampsitePermit,Tents,
Rissers Beach,NS ,5,Full,CampsitePermit,Less than 30ft,
Caribou Munroes,ON ,2,Senior,CampsitePermit,Less than 30ft,
Valleyview,NS ,1,Full,CampsitePermit,Single Tent,
Blomidon,NB ,2,Full,CampsitePermit,Single Tent,
Porters Lake,NS ,2,Senior,CampsitePermit,Less than 30ft,
Graves Island,NS ,2,Full,CampsitePermit,Less than 30ft,
Whycocomagh,BC ,2,Full,CampsitePermit,Less than 30ft,
The Islands,NS ,2,Full,CampsitePermit,Single Tent,
Caribou Munroes,NS ,3,Full,CampsitePermit,Single Tent,
Smileys,NS ,5,Full,CampsitePermit,Tents,
Graves Island,NS ,2,Full,CampsitePermit,Less than 30ft,
Caribou Munroes,NS ,1,Full,CampsitePermit,Single Tent,
Dollar Lake,NS ,2,Full,CampsitePermit,Less than 30ft,
Mira River,NS ,5,Full,CampsitePermit,Less than 20ft,
Amherst Shore,NS ,2,Full,CampsitePermit,Less than 20ft,
Battery,NS ,2,Full,CampsitePermit,Less than 40ft,
Caribou Munroes,NS ,4,Full,CampsitePermit,Less than 20ft,
Graves Island,NS ,2,Full,CampsitePermit,Less than 20ft,
Graves Island,NS ,1,Senior,CampsitePermit,Single Tent,
Dollar Lake,NS ,2,Full,CampsitePermit,Single Tent,
Thomas Raddall,NS ,4,Full,CampsitePermit,Less than 30ft,
Amherst Shore,NS ,1,Full,CampsitePermit,Less than 20ft,
Cape Chignecto,NS ,1,Full,BackcountryPermit,Single Tent,
Caribou Munroes,ON ,4,Full,CampsitePermit,Single Tent,
Rissers Beach,NS ,2,FULL,CampsitePermit,Less than 20ft,
Whycocomagh,SK ,2,Senior,CampsitePermit,Single Tent,
Valleyview,NS ,2,Full,CampsitePermit,Single Tent,
Thomas Raddall,NS ,2,Full,CampsitePermit,Single Tent,
Rissers Beach,ON ,1,Full,CampsitePermit,Single Tent,
Ellenwood Lake,NS ,2,Senior,CampsitePermit,Less than 20ft,
Graves Island,QC ,1,Full,CampsitePermit,Single Tent,
Graves Island,NS ,2,Senior,CampsitePermit,Less than 30ft,
Mira River,NS ,3,Senior,CampsitePermit,Less than 30ft,
Cape Chignecto,NB ,2,Full,BackcountryPermit,Single Tent,
Mira River,NS ,5,Full,CampsitePermit,Tents,
Porters Lake,NS ,2,Full,CampsitePermit,Less than 20ft,
Graves Island,NS ,1,Full,CampsitePermit,Single Tent,
Salsman,QC ,2,Senior,CampsitePermit,Less than 30ft,
Rissers Beach,NS ,2,Full,CampsitePermit,Less than 30ft,
Blomidon,NS ,2,Full,CampsitePermit,Single Tent,
Caribou Munroes,QC ,2,Full,CampsitePermit,Less than 20ft,
Blomidon,NS ,4,Full,CampsitePermit,Tents,
Battery,ON ,6,Full,CampsitePermit,Single Tent,
Blomidon,AB ,1,Full,CampsitePermit,Single Tent,
Thomas Raddall,NL ,2,Full,CampsitePermit,Single Tent,
Blomidon,NS ,4,Full,CampsitePermit,Single Tent,
Battery,NS ,2,Senior,CampsitePermit,Single Tent,
Caribou Munroes,ON ,1,Senior,CampsitePermit,Less than 20ft,
Graves Island,NS ,4,Full,CampsitePermit,Less than 30ft,
Graves Island,QC ,1,Full,CampsitePermit,Single Tent,
Cape Chignecto,NB ,2,Full,BackcountryPermit,Single Tent,
Laurie,NS ,2,Full,CampsitePermit,Single Tent,
The Islands,NS ,6,Full,CampsitePermit,Less than 30ft,
Rissers Beach,QC ,1,Full,CampsitePermit,Single Tent,
Valleyview,PE ,1,Senior,CampsitePermit,Single Tent,
Dollar Lake,NS ,2,Full,CampsitePermit,Less than 30ft,
Rissers Beach,NS ,4,Full,CampsitePermit,Single Tent,
Mira River,QC ,2,Full,CampsitePermit,Less than 30ft,
Five Islands,NS ,2,Senior,CampsitePermit,Less than 20ft,
Mira River,ON ,5,Full,CampsitePermit,Single Tent,
Mira River,NB ,2,Senior,CampsitePermit,Single Tent,
Dollar Lake,NS ,4,Full,CampsitePermit,Single Tent,
Graves Island,NS ,4,Full,CampsitePermit,Less than 30ft,
Caribou Munroes,NS ,6,Full,CampsitePermit,Less than 20ft,
Ellenwood Lake,NS ,3,Full,CampsitePermit,Single Tent,
Whycocomagh,QC ,2,Full,YurtPermit,Tents,
Smileys,NS ,3,Full,CampsitePermit,Less than 20ft,
Rissers Beach,NS ,2,Full,CampsitePermit,Less than 20ft,
Cape Chignecto,NS ,2,Full,BackcountryPermit,Single Tent,
Five Islands,NB ,5,Senior,CampsitePermit,Tents,
Graves Island,NS ,2,Full,CampsitePermit,Less than 40ft,
Whycocomagh,ON ,5,Full,CampsitePermit,Less than 40ft,
Rissers Beach,NS ,2,Full,CampsitePermit,Less than 30ft,
Mira River,NS ,2,Full,CampsitePermit,Single Tent,
Ellenwood Lake,NS ,4,Full,CampsitePermit,Single Tent,
Battery,NS ,2,Full,CampsitePermit,Single Tent,
Battery,QC ,2,Full,CampsitePermit,Less than 20ft,
Rissers Beach,NS ,2,Senior,CampsitePermit,Less than 20ft,
Smileys,NS ,4,Full,CampsitePermit,Less than 30ft,
Porters Lake,ON ,2,Senior,CampsitePermit,Less than 40ft,
Rissers Beach,NS ,3,Veteran,CampsitePermit,Less than 40ft,
Graves Island,NS ,2,Full,CampsitePermit,Less than 30ft,
Whycocomagh,ON ,4,Senior,CampsitePermit,Tents,
Ellenwood Lake,NS ,7,Full,CampsitePermit,Single Tent,
Rissers Beach,NS ,2,Full,CampsitePermit,Less than 40ft,
Five Islands,QC ,2,Full,CampsitePermit,Less than 20ft,
Laurie,NS ,5,Full,CampsitePermit,Single Tent,
Graves Island,NS ,1,Senior,CampsitePermit,Single Tent,
Porters Lake,NS ,4,Full,CampsitePermit,Less than 20ft,
Blomidon,NS ,2,Full,CampsitePermit,Single Tent,
Five Islands,NS ,2,Full,CampsitePermit,Less than 20ft,
Caribou Munroes,QC ,2,Full,CampsitePermit,Less than 20ft,
Graves Island,NS ,1,Senior,CampsitePermit,Single Tent,
Five Islands,QC ,4,Full,CampsitePermit,Single Tent,
Battery,NS ,2,Full,CampsitePermit,Less than 30ft,
Laurie,QC ,2,Full,CampsitePermit,Single Tent,
Mira River,NS ,2,Full,CampsitePermit,Less than 40ft,
Porters Lake,QC ,2,Full,CampsitePermit,Single Tent,
Smileys,NS ,4,Full,CampsitePermit,Less than 20ft,
Dollar Lake,NS ,4,Full,CampsitePermit,Less than 20ft,
Dollar Lake,NS ,4,Full,CampsitePermit,Tents,
Ellenwood Lake,NS ,4,Full,CampsitePermit,Less than 30ft,
Caribou Munroes,NS ,2,Veteran,CampsitePermit,Less than 30ft,
Rissers Beach,NS ,4,Full,CampsitePermit,Less than 30ft,
Laurie,BC ,4,Full,CampsitePermit,Less than 30ft,
Graves Island,NS ,5,Full,CampsitePermit,Less than 30ft,
Rissers Beach,QC ,4,FULL,CampsitePermit,Single Tent,
Battery,NB ,6,Full,CampsitePermit,Single Tent,
Porters Lake,NS ,6,Full,CampsitePermit,Tents,
Dollar Lake,NS ,6,Full,CampsitePermit,Less than 20ft,
Dollar Lake,NS ,4,Full,CampsitePermit,Tents,
Ellenwood Lake,ON ,3,Full,CampsitePermit,Less than 20ft,
Mira River,NS ,2,Full,CampsitePermit,Less than 30ft,
Mira River,NS ,2,Full,CampsitePermit,Single Tent,
Mira River,ON ,2,Full,CampsitePermit,Single Tent,
Smileys,NB ,2,Full,CampsitePermit,Less than 20ft,
Graves Island,NB ,1,Host,CampsitePermit,Single Tent,
Laurie,NS ,4,Full,CampsitePermit,Single Tent,
Caribou Munroes,QC ,2,Full,CampsitePermit,Single Tent,
Mira River,NS ,6,Full,CampsitePermit,Single Tent,
The Islands,NS ,2,Full,CampsitePermit,Single Tent,
Dollar Lake,NS ,4,Full,CampsitePermit,Less than 20ft,
Caribou Munroes,NS ,2,Full,CampsitePermit,Less than 20ft,
Dollar Lake,NS ,6,Full,CampsitePermit,Tents,
Porters Lake,ON ,2,Senior,CampsitePermit,Less than 40ft,
Rissers Beach,NS ,2,Full,CampsitePermit,Single Tent,
Graves Island,NS ,3,Full,CampsitePermit,Single Tent,
Graves Island,PE ,2,Senior,CampsitePermit,Less than 40ft,
Whycocomagh,NS ,1,Full,CampsitePermit,Single Tent,
Battery,QC ,2,Senior,CampsitePermit,Single Tent,
Ellenwood Lake,NS ,5,Full,CampsitePermit,Single Tent,
Dollar Lake,NS ,4,Full,CampsitePermit,Single Tent,
Rissers Beach,ON ,2,Full,CampsitePermit,Single Tent,
Porters Lake,BC ,1,Senior,CampsitePermit,Single Tent,
Amherst Shore,NS ,5,Full,CampsitePermit,Tents,
Mira River,NS ,2,Full,CampsitePermit,Less than 20ft,
Smileys,NS ,2,Full,CampsitePermit,Single Tent,
Amherst Shore,NS ,2,Full,CampsitePermit,Less than 20ft,
Blomidon,NS ,4,Full,CampsitePermit,Less than 20ft,
Smileys,NS ,2,Full,CampsitePermit,Single Tent,
Battery,MB ,2,Full,CampsitePermit,Single Tent,
Thomas Raddall,NS ,2,Full,CampsitePermit,Less than 30ft,
Thomas Raddall,NS ,1,Full,CampsitePermit,Single Tent,
Graves Island,NB ,3,Full,CampsitePermit,Single Tent,
The Islands,NS ,2,Full,CampsitePermit,Less than 20ft,
Mira River,NS ,5,Full,CampsitePermit,Less than 30ft,
Ellenwood Lake,QC ,2,Full,CampsitePermit,Less than 20ft,
Dollar Lake,NS ,5,Full,CampsitePermit,Less than 20ft,
Cape Chignecto,NB ,1,Full,BackcountryPermit,Single Tent,
Rissers Beach,NS ,6,FULL,CampsitePermit,Less than 30ft,
Caribou Munroes,NS ,1,Full,CampsitePermit,Single Tent,
Mira River,ON ,2,Full,CampsitePermit,Less than 20ft,
Mira River,BC ,5,Full,CampsitePermit,Single Tent,
Valleyview,ON ,2,Full,CampsitePermit,Single Tent,
The Islands,NS ,2,Full,CampsitePermit,Single Tent,
Graves Island,NS ,2,Senior,CampsitePermit,Less than 30ft,
Rissers Beach,NS ,2,Full,CampsitePermit,Less than 30ft,
Porters Lake,ON ,2,Full,CampsitePermit,Single Tent,
Dollar Lake,NS ,3,Full,CampsitePermit,Single Tent,
Rissers Beach,NS ,2,Full,CampsitePermit,Less than 20ft,
Porters Lake,NS ,6,Full,CampsitePermit,Tents,
Laurie,NS ,2,Full,CampsitePermit,Single Tent,
Graves Island,NS ,2,Full,CampsitePermit,Less than 20ft,
Thomas Raddall,NB ,2,Full,CampsitePermit,Single Tent,
Thomas Raddall,NS ,2,Full,CampsitePermit,Single Tent,
Caribou Munroes,ON ,2,Senior,CampsitePermit,Single Tent,
Mira River,NS ,2,Full,CampsitePermit,Single Tent,
Ellenwood Lake,QC ,2,Full,CampsitePermit,Less than 20ft,
Valleyview,NS ,2,Full,CampsitePermit,Single Tent,
Smileys,NS ,2,Full,CampsitePermit,Less than 30ft,
Porters Lake,NS ,3,Full,CampsitePermit,Less than 30ft,
Laurie,NS ,4,Full,CampsitePermit,Less than 30ft,
Laurie,NS ,2,Full,CampsitePermit,Less than 20ft,
Caribou Munroes,NS ,3,Full,CampsitePermit,Tents,
Porters Lake,NS ,2,Full,CampsitePermit,Single Tent,
Thomas Raddall,NS ,2,Full,CampsitePermit,Single Tent,
Valleyview,BC ,2,Senior,CampsitePermit,Single Tent,
Thomas Raddall,NS ,5,Full,CampsitePermit,Single Tent,
Dollar Lake,NS ,1,Full,CampsitePermit,Single Tent,
The Islands,ON ,3,Full,CampsitePermit,Less than 30ft,
Rissers Beach,SK ,2,Full,CampsitePermit,Single Tent,
Five Islands,NS ,4,Full,CampsitePermit,Single Tent,
Smileys,NS ,4,Full,CampsitePermit,Single Tent,
Porters Lake,NS ,2,Full,CampsitePermit,Single Tent,
Rissers Beach,NS ,2,Full,CampsitePermit,Single Tent,
Caribou Munroes,NS ,2,Full,CampsitePermit,Less than 30ft,
Caribou Munroes,NS ,2,Full,CampsitePermit,Less than 30ft,
Blomidon,NS ,2,Full,CampsitePermit,Single Tent,
Rissers Beach,NS ,2,Full,CampsitePermit,Less than 20ft,
Smileys,BC ,2,Full,CampsitePermit,Less than 20ft,
Cape Chignecto,NB ,1,Veteran,BackcountryPermit,Single Tent,
Battery,NS ,4,Full,CampsitePermit,Less than 20ft,
Valleyview,QC ,2,Full,CampsitePermit,Single Tent,
Cape Chignecto,NS ,2,Full,BackcountryPermit,Single Tent,
Salsman,NS ,4,Full,CampsitePermit,Single Tent,
Thomas Raddall,NS ,2,Full,CampsitePermit,Single Tent,
Amherst Shore,QC ,2,Senior,CampsitePermit,Single Tent,
Smileys,NS ,2,Full,CampsitePermit,Less than 20ft,
Amherst Shore,QC ,2,Full,CampsitePermit,Single Tent,
Salsman,NS ,2,Full,CampsitePermit,Less than 30ft,
Cape Chignecto,NS ,2,Full,BackcountryPermit,Cabin,
Dollar Lake,NS ,4,Full,CampsitePermit,Less than 30ft,
Thomas Raddall,NS ,2,Full,CampsitePermit,Less than 30ft,
Mira River,PE ,2,Full,CampsitePermit,Single Tent,
Mira River,NS ,1,Full,CampsitePermit,Single Tent,
Mira River,SK ,2,Senior,CampsitePermit,Less than 30ft,
Blomidon,QC ,2,Full,CampsitePermit,Less than 20ft,
Dollar Lake,NS ,4,Full,CampsitePermit,Less than 20ft,
Thomas Raddall,NS ,3,Full,CampsitePermit,Single Tent,
Graves Island,NS ,2,Full,CampsitePermit,Less than 30ft,
Mira River,NS ,1,Full,CampsitePermit,Single Tent,
Rissers Beach,NS ,2,Full,CampsitePermit,Single Tent,
Blomidon,NS ,2,Full,CampsitePermit,Tents,
Mira River,ON ,5,Full,CampsitePermit,Less than 20ft,
Whycocomagh,NS ,2,Full,CampsitePermit,Single Tent,
Five Islands,NS ,2,Full,CampsitePermit,Single Tent,
Rissers Beach,NS ,2,Full,CampsitePermit,Less than 30ft,
Porters Lake,NS ,3,Full,CampsitePermit,Single Tent,
Thomas Raddall,NS ,3,Full,CampsitePermit,Single Tent,
Cape Chignecto,NS ,2,Full,BackcountryPermit,Single Tent,
Rissers Beach,NS ,2,Full,CampsitePermit,Less than 30ft,
Cape Chignecto,NB ,1,Full,BackcountryPermit,Single Tent,
Dollar Lake,NS ,2,Full,CampsitePermit,Less than 40ft,
Blomidon,NS ,5,Full,CampsitePermit,Single Tent,
Cape Chignecto,NS ,2,Veteran,BackcountryPermit,Single Tent,
Thomas Raddall,NS ,1,Full,CampsitePermit,Single Tent,
Laurie,NS ,4,Full,CampsitePermit,Single Tent,
Thomas Raddall,NS ,4,Full,CampsitePermit,Less than 20ft,
Whycocomagh,ON ,2,Senior,CampsitePermit,Single Tent,
Porters Lake,NS ,4,Full,CampsitePermit,Single Tent,
Blomidon,NS ,4,Full,CampsitePermit,Single Tent,
Dollar Lake,NS ,2,Full,CampsitePermit,Less than 20ft,
Mira River,NS ,5,Full,CampsitePermit,Less than 40ft,
Ellenwood Lake,NS ,4,Full,CampsitePermit,Single Tent,
Five Islands,NS ,2,Senior,CampsitePermit,Less than 30ft,
Dollar Lake,NS ,4,Full,CampsitePermit,Tents,
Caribou Munroes,NS ,2,Senior,CampsitePermit,Less than 20ft,
Five Islands,QC ,1,Full,CampsitePermit,Single Tent,
Dollar Lake,NS ,6,Full,CampsitePermit,Tents,
Cape Chignecto,NS ,1,Full,BackcountryPermit,Single Tent,
Rissers Beach,NS ,2,Full,CampsitePermit,Single Tent,
Five Islands,NS ,2,Senior,CampsitePermit,Less than 20ft,
Thomas Raddall,NS ,3,Full,CampsitePermit,Tents,
Five Islands,NS ,4,Full,CampsitePermit,Tents,
Ellenwood Lake,NS ,2,Full,CampsitePermit,Single Tent,
Rissers Beach,NS ,5,Full,CampsitePermit,Less than 30ft,
Porters Lake,NS ,2,Full,CampsitePermit,Single Tent,
Dollar Lake,NS ,4,Full,CampsitePermit,Tents,
Dollar Lake,NS ,3,Full,CampsitePermit,Less than 20ft,
Graves Island,NS ,3,Full,CampsitePermit,Less than 20ft,
Caribou Munroes,NS ,5,Full,CampsitePermit,Less than 30ft,
Blomidon,NS ,2,Full,CampsitePermit,Single Tent,
Caribou Munroes,NS ,4,Full,CampsitePermit,Less than 30ft,
Caribou Munroes,YT ,2,Full,CampsitePermit,Less than 30ft,
Thomas Raddall,NS ,2,Full,CampsitePermit,Less than 20ft,
Ellenwood Lake,NS ,1,Full,CampsitePermit,Single Tent,
Battery,QC ,2,Full,CampsitePermit,Single Tent,
The Islands,NS ,2,Senior,CampsitePermit,Less than 30ft,
Porters Lake,NS ,2,Full,CampsitePermit,Less than 20ft,
Blomidon,QC ,2,Full,CampsitePermit,Less than 40ft,
Dollar Lake,NS ,2,Senior,CampsitePermit,Single Tent,
Five Islands,NS ,2,Full,CampsitePermit,Single Tent,
Blomidon,NS ,2,Full,CampsitePermit,Single Tent,
Dollar Lake,NS ,3,Full,CampsitePermit,Less than 20ft,
Dollar Lake,NS ,4,Full,CampsitePermit,Tents,
Mira River,NS ,2,Full,CampsitePermit,Single Tent,
Cape Chignecto,NS ,4,Full,BackcountryPermit,Cabin,
Blomidon,NS ,4,Full,CampsitePermit,Single Tent,
Graves Island,BC ,1,Full,CampsitePermit,Single Tent,
Caribou Munroes,NS ,4,Full,CampsitePermit,Single Tent,
Whycocomagh,NS ,2,Full,CampsitePermit,Less than 40ft,
Five Islands,NS ,2,Full,CampsitePermit,Less than 30ft,
Valleyview,NS ,2,Full,CampsitePermit,Single Tent,
Laurie,NS ,4,Full,CampsitePermit,Less than 30ft,
Mira River,ON ,2,Full,CampsitePermit,Greater than 40ft,
Mira River,QC ,2,Full,CampsitePermit,Less than 30ft,
Porters Lake,NS ,4,Full,CampsitePermit,Less than 20ft,
Blomidon,NS ,2,Senior,CampsitePermit,Less than 30ft,
Laurie,BC ,1,Full,CampsitePermit,Single Tent,
Smileys,BC ,3,Full,CampsitePermit,Single Tent,
Battery,QC ,1,Full,CampsitePermit,Less than 30ft,
Mira River,NS ,4,Senior,CampsitePermit,Single Tent,
Porters Lake,QC ,2,Full,CampsitePermit,Less than 20ft,
Five Islands,AB ,4,Senior,CampsitePermit,Tents,
Rissers Beach,NS ,4,Full,CampsitePermit,Single Tent,
Dollar Lake,NS ,3,Full,CampsitePermit,Tents,
Rissers Beach,NS ,4,Full,CampsitePermit,Tents,
Porters Lake,NS ,2,Veteran,CampsitePermit,Single Tent,
Five Islands,QC ,3,Full,CampsitePermit,Single Tent,
Dollar Lake,NS ,2,Full,CampsitePermit,Single Tent,
Porters Lake,NS ,5,Full,CampsitePermit,Single Tent,
Rissers Beach,NS ,3,Full,CampsitePermit,Less than 20ft,
Amherst Shore,NS ,2,Full,CampsitePermit,Less than 20ft,
Dollar Lake,NS ,6,Full,CampsitePermit,Tents,
Whycocomagh,ON ,2,Full,CampsitePermit,Single Tent,
Rissers Beach,NS ,2,Senior,CampsitePermit,Less than 20ft,
Dollar Lake,NS ,4,Full,CampsitePermit,Single Tent,
Dollar Lake,NS ,2,Full,CampsitePermit,Single Tent,
Rissers Beach,NS ,2,Full,CampsitePermit,Single Tent,
Valleyview,NS ,2,Full,CampsitePermit,Less than 30ft,
Blomidon,ON ,2,Full,CampsitePermit,Single Tent,
Battery,NS ,2,Senior,CampsitePermit,Single Tent,
Graves Island,NS ,3,Full,CampsitePermit,Less than 30ft,
Mira River,NS ,3,Full,CampsitePermit,Less than 30ft,
Ellenwood Lake,NS ,2,Full,CampsitePermit,Less than 20ft,
Battery,NS ,2,Full,CampsitePermit,Single Tent,
Rissers Beach,NS ,2,Full,CampsitePermit,Single Tent,
Blomidon,NS ,4,Full,CampsitePermit,Single Tent,
Graves Island,NS ,2,Full,CampsitePermit,Less than 30ft,
Rissers Beach,NS ,2,Full,CampsitePermit,Single Tent,
Mira River,NS ,2,Full,CampsitePermit,Single Tent,
Caribou Munroes,NS ,4,Full,CampsitePermit,Less than 40ft,
Smileys,NS ,5,Full,CampsitePermit,Single Tent,
Battery,QC ,3,Full,CampsitePermit,Single Tent,
Caribou Munroes,ON ,5,Full,CampsitePermit,Single Tent,
Rissers Beach,NS ,4,Full,CampsitePermit,Single Tent,
Ellenwood Lake,NS ,4,Full,CampsitePermit,Less than 20ft,
Battery,NB ,3,Full,CampsitePermit,Tents,
Ellenwood Lake,NS ,2,Full,CampsitePermit,Single Tent,
Porters Lake,QC ,2,Full,CampsitePermit,Less than 20ft,
Amherst Shore,NS ,2,Full,CampsitePermit,Single Tent,
The Islands,NS ,1,Full,CampsitePermit,Less than 20ft,
Caribou Munroes,QC ,2,Full,CampsitePermit,Less than 20ft,
Whycocomagh,QC ,4,Full,CampsitePermit,Single Tent,
Mira River,NS ,5,Full,CampsitePermit,Less than 30ft,
Rissers Beach,NS ,2,Full,CampsitePermit,Less than 20ft,
The Islands,NS ,2,Full,CampsitePermit,Less than 30ft,
Mira River,NS ,2,Full,CampsitePermit,Less than 30ft,
Rissers Beach,ON ,1,Full,CampsitePermit,Single Tent,
Amherst Shore,ON ,1,Full,CampsitePermit,Less than 20ft,
Caribou Munroes,NS ,4,Full,CampsitePermit,Less than 40ft,
Laurie,NS ,5,Full,CampsitePermit,Less than 30ft,
Graves Island,NS ,4,Full,CampsitePermit,Single Tent,
Mira River,QC ,2,Full,CampsitePermit,Single Tent,
Amherst Shore,QC ,1,Full,CampsitePermit,Single Tent,
Graves Island,ON ,2,Senior,CampsitePermit,Less than 30ft,
Thomas Raddall,NS ,4,Full,CampsitePermit,Single Tent,
Graves Island,NS ,1,Full,CampsitePermit,Single Tent,
Amherst Shore,NS ,5,Full,CampsitePermit,Single Tent,
Caribou Munroes,NS ,4,Full,CampsitePermit,Less than 20ft,
Caribou Munroes,NS ,2,Full,CampsitePermit,Single Tent,
Porters Lake,QC ,2,Full,CampsitePermit,Less than 20ft,
Five Islands,NS ,1,Full,CampsitePermit,Single Tent,
Porters Lake,ON ,2,Full,CampsitePermit,Less than 20ft,
Rissers Beach,ON ,2,Full,CampsitePermit,Less than 20ft,
Laurie,AB ,2,Full,CampsitePermit,Single Tent,
Laurie,NS ,2,Full,CampsitePermit,Single Tent,
Blomidon,NS ,6,Full,CampsitePermit,Tents,
Cape Chignecto,NS ,2,Full,BackcountryPermit,Single Tent,
Rissers Beach,NS ,3,Full,CampsitePermit,Less than 20ft,
Smileys,NS ,4,Full,CampsitePermit,Tents,
Caribou Munroes,NS ,2,Full,CampsitePermit,Tents,
Amherst Shore,ON ,4,Senior,CampsitePermit,Less than 20ft,
Thomas Raddall,NS ,3,Full,CampsitePermit,Single Tent,
Mira River,QC ,2,Senior,CampsitePermit,Single Tent,
Dollar Lake,NS ,4,Full,CampsitePermit,Single Tent,
Blomidon,NS ,5,Full,CampsitePermit,Single Tent,
Dollar Lake,NS ,7,Full,CampsitePermit,Single Tent,
Amherst Shore,ON ,2,Full,CampsitePermit,Single Tent,
Thomas Raddall,NS ,2,Full,CampsitePermit,Tents,
Porters Lake,NS ,2,Full,CampsitePermit,Less than 30ft,
Five Islands,AB ,2,Full,CampsitePermit,Single Tent,
Blomidon,NS ,2,Full,CampsitePermit,Single Tent,
Rissers Beach,NS ,4,Full,CampsitePermit,Less than 40ft,
Blomidon,NS ,2,Full,CampsitePermit,Less than 40ft,
Mira River,AB ,2,Full,CampsitePermit,Less than 20ft,
Blomidon,ON ,4,Full,CampsitePermit,Single Tent,
Rissers Beach,NB ,6,Full,CampsitePermit,Tents,
Salsman,NS ,5,Full,CampsitePermit,Less than 30ft,
Dollar Lake,NS ,4,Full,CampsitePermit,Tents,
Amherst Shore,BC ,1,Full,CampsitePermit,Less than 30ft,
Rissers Beach,NS ,2,Full,CampsitePermit,Single Tent,
The Islands,NS ,2,Full,CampsitePermit,Single Tent,
Five Islands,NS ,2,Full,CampsitePermit,Single Tent,
Caribou Munroes,NS ,2,Full,CampsitePermit,Less than 20ft,
Amherst Shore,BC ,6,Full,CampsitePermit,Less than 40ft,
Whycocomagh,QC ,2,Full,CampsitePermit,Less than 20ft,
Five Islands,NS ,3,Full,CampsitePermit,Single Tent,
Rissers Beach,NS ,3,Full,CampsitePermit,Single Tent,
Thomas Raddall,QC ,1,Full,CampsitePermit,Single Tent,
Graves Island,NS ,2,Full,CampsitePermit,Less than 30ft,
Smileys,NS ,2,Full,CampsitePermit,Less than 30ft,
Rissers Beach,NS ,2,Full,CampsitePermit,Tents,
Caribou Munroes,ON ,1,Full,CampsitePermit,Single Tent,
Porters Lake,QC ,2,Senior,CampsitePermit,Less than 30ft,
Rissers Beach,ON ,2,Full,CampsitePermit,Less than 30ft,
Battery,NS ,2,Full,CampsitePermit,Single Tent,
Laurie,NS ,4,Full,CampsitePermit,Single Tent,
Graves Island,NS ,2,Full,CampsitePermit,Less than 30ft,
Amherst Shore,NB ,2,Senior,CampsitePermit,Less than 30ft,
Valleyview,QC ,2,Senior,CampsitePermit,Less than 20ft,
Caribou Munroes,NS ,2,Full,CampsitePermit,Single Tent,
The Islands,NS ,4,Full,CampsitePermit,Tents,
Rissers Beach,NS ,2,Full,CampsitePermit,Less than 20ft,
Dollar Lake,NS ,3,Full,CampsitePermit,Less than 20ft,
Caribou Munroes,ON ,2,Full,CampsitePermit,Single Tent,
Blomidon,QC ,2,Full,CampsitePermit,Single Tent,
Blomidon,ON ,2,Full,CampsitePermit,Single Tent,
Ellenwood Lake,NS ,2,Full,CampsitePermit,Single Tent,
Rissers Beach,ON ,2,Full,CampsitePermit,Single Tent,
Blomidon,NB ,2,Full,CampsitePermit,Less than 40ft,
Caribou Munroes,NS ,3,Full,CampsitePermit,Less than 20ft,
Smileys,NS ,3,Full,CampsitePermit,Single Tent,
Graves Island,NS ,2,Full,CampsitePermit,Less than 20ft,
Ellenwood Lake,NS ,4,Full,CampsitePermit,Single Tent,
Graves Island,NS ,4,Full,CampsitePermit,Less than 40ft,
Boylston,NS ,4,Full,CampsitePermit,Less than 20ft,
Ellenwood Lake,NS ,2,Full,CampsitePermit,Less than 30ft,
Rissers Beach,NS ,2,Senior,CampsitePermit,Less than 30ft,
Amherst Shore,NS ,3,Full,CampsitePermit,Less than 30ft,
Thomas Raddall,NS ,2,Full,CampsitePermit,Less than 30ft,
Caribou Munroes,ON ,2,Full,CampsitePermit,Less than 40ft,
Graves Island,NS ,2,Full,CampsitePermit,Less than 40ft,
Thomas Raddall,NS ,2,Full,CampsitePermit,Less than 20ft,
Caribou Munroes,NS ,2,Senior,CampsitePermit,Single Tent,
Porters Lake,NS ,2,Full,CampsitePermit,Single Tent,
Caribou Munroes,ON ,2,Full,CampsitePermit,Single Tent,
Amherst Shore,QC ,3,Full,CampsitePermit,Single Tent,
Thomas Raddall,NS ,1,Full,CampsitePermit,Single Tent,
Thomas Raddall,ON ,2,Full,CampsitePermit,Less than 30ft,
The Islands,NS ,2,Full,CampsitePermit,Single Tent,
Mira River,NS ,2,Senior,CampsitePermit,Less than 30ft,
Battery,AB ,2,Senior,CampsitePermit,Single Tent,
Battery,NS ,3,Full,CampsitePermit,Tents,
Dollar Lake,NS ,2,Full,CampsitePermit,Single Tent,
Graves Island,ON ,2,Full,CampsitePermit,Less than 20ft,
Rissers Beach,NS ,2,Full,CampsitePermit,Less than 30ft,
Mira River,ON ,2,Senior,CampsitePermit,Single Tent,
Whycocomagh,QC ,3,Full,CampsitePermit,Less than 30ft,
Graves Island,NS ,2,Full,CampsitePermit,Less than 30ft,
Rissers Beach,NS ,2,Full,CampsitePermit,Less than 30ft,
Laurie,BC ,2,Full,CampsitePermit,Single Tent,
Whycocomagh,ON ,2,Senior,CampsitePermit,Single Tent,
Dollar Lake,NS ,3,Full,CampsitePermit,Less than 20ft,
Mira River,NS ,3,Full,CampsitePermit,Less than 30ft,
Porters Lake,NS ,2,Full,CampsitePermit,Single Tent,
Porters Lake,NS ,2,Full,CampsitePermit,Single Tent,
Porters Lake,NS ,6,Full,CampsitePermit,Less than 30ft,
Dollar Lake,NS ,1,Full,CampsitePermit,Single Tent,
Dollar Lake,NS ,5,Full,CampsitePermit,Single Tent,
Caribou Munroes,NS ,4,Full,CampsitePermit,Less than 30ft,
Battery,NS ,2,Full,CampsitePermit,Single Tent,
Five Islands,ON ,2,Full,CampsitePermit,Single Tent,
Caribou Munroes,NS ,5,Full,CampsitePermit,Single Tent,
Mira River,NS ,2,Full,CampsitePermit,Less than 20ft,
Graves Island,QC ,1,Full,CampsitePermit,Single Tent,
Mira River,NS ,2,Full,CampsitePermit,Less than 20ft,
Dollar Lake,NS ,5,Full,CampsitePermit,Tents,
Rissers Beach,NS ,1,Full,CampsitePermit,Less than 20ft,
Laurie,NS ,3,Full,CampsitePermit,Less than 20ft,
Porters Lake,NS ,3,Full,CampsitePermit,Less than 30ft,
Graves Island,NS ,3,Full,CampsitePermit,Single Tent,
Rissers Beach,NS ,2,Full,CampsitePermit,Less than 30ft,
Graves Island,NS ,1,Full,CampsitePermit,Single Tent,
Graves Island,NS ,5,Senior,CampsitePermit,Less than 20ft,
Five Islands,NS ,4,Full,CampsitePermit,Single Tent,
Smileys,ON ,4,Full,CampsitePermit,Single Tent,
Thomas Raddall,ON ,2,Full,CampsitePermit,Single Tent,
Graves Island,NS ,3,Full,CampsitePermit,Single Tent,
Ellenwood Lake,NS ,2,Full,CampsitePermit,Less than 20ft,
Valleyview,ON ,1,Senior,CampsitePermit,Less than 20ft,
Graves Island,NS ,2,Full,CampsitePermit,Less than 30ft,
Rissers Beach,NS ,2,Full,CampsitePermit,Less than 20ft,
Thomas Raddall,NS ,3,Full,CampsitePermit,Single Tent,
Graves Island,NS ,2,Full,CampsitePermit,Less than 20ft,
Amherst Shore,NS ,2,Full,CampsitePermit,Less than 30ft,
Graves Island,NS ,4,Full,CampsitePermit,Tents,
Salsman,NS ,2,Full,CampsitePermit,Less than 30ft,
Smileys,NL ,2,Senior,CampsitePermit,Less than 20ft,
Blomidon,SK ,1,Full,CampsitePermit,Single Tent,
Ellenwood Lake,NS ,2,Full,CampsitePermit,Less than 20ft,
Rissers Beach,NS ,2,Full,CampsitePermit,Less than 20ft,
Five Islands,NS ,5,Full,CampsitePermit,Less than 20ft,
Mira River,NS ,2,Full,CampsitePermit,Less than 20ft,
Laurie,QC ,2,Full,CampsitePermit,Single Tent,
Graves Island,NS ,2,Full,CampsitePermit,Single Tent,
Mira River,NS ,4,Full,CampsitePermit,Less than 30ft,
Graves Island,QC ,1,Full,CampsitePermit,Single Tent,
Whycocomagh,QC ,1,Full,CampsitePermit,Single Tent,
Graves Island,NB ,2,Full,CampsitePermit,Single Tent,
Laurie,NS ,6,Full,CampsitePermit,Tents,
Mira River,QC ,2,Full,CampsitePermit,Less than 20ft,
Thomas Raddall,NS ,2,Full,CampsitePermit,Single Tent,
Blomidon,NS ,2,Full,CampsitePermit,Single Tent,
Thomas Raddall,NS ,2,Full,CampsitePermit,Less than 20ft,
Rissers Beach,NS ,2,Full,CampsitePermit,Less than 30ft,
Whycocomagh,NS ,4,Full,CampsitePermit,Less than 40ft,
Thomas Raddall,NS ,2,Full,CampsitePermit,Single Tent,
Porters Lake,NS ,2,Full,CampsitePermit,Single Tent,
Caribou Munroes,NS ,2,Senior,CampsitePermit,Less than 30ft,
Thomas Raddall,NB ,1,Full,CampsitePermit,Single Tent,
Porters Lake,NS ,2,Full,CampsitePermit,Single Tent,
Laurie,NS ,2,Full,CampsitePermit,Less than 40ft,
Graves Island,NS ,2,Full,CampsitePermit,Less than 20ft,
The Islands,NB ,2,Full,CampsitePermit,Single Tent,
Laurie,NS ,2,Full,CampsitePermit,Less than 30ft,
Mira River,NB ,4,Full,CampsitePermit,Less than 20ft,
Laurie,NS ,3,Full,CampsitePermit,Single Tent,
Thomas Raddall,NS ,4,Full,CampsitePermit,Single Tent,
Amherst Shore,NS ,5,Full,CampsitePermit,Single Tent,
Battery,QC ,2,Full,CampsitePermit,Single Tent,
Smileys,NS ,2,FULL,CampsitePermit,Less than 40ft,
Amherst Shore,AB ,2,Full,CampsitePermit,Single Tent,
Amherst Shore,QC ,2,Full,CampsitePermit,Single Tent,
Five Islands,NS ,2,Full,CampsitePermit,Single Tent,
Smileys,NS ,2,Full,CampsitePermit,Single Tent,
Smileys,NS ,2,Senior,CampsitePermit,Less than 20ft,
Graves Island,ON ,3,Full,CampsitePermit,Single Tent,
Blomidon,NS ,4,Full,CampsitePermit,Single Tent,
Porters Lake,NS ,4,Full,CampsitePermit,Less than 30ft,
Mira River,QC ,2,Full,CampsitePermit,Less than 20ft,
Salsman,NS ,2,Senior,CampsitePermit,Less than 20ft,
Valleyview,NS ,2,Full,CampsitePermit,Single Tent,
Battery,NS ,6,Full,CampsitePermit,Single Tent,
Rissers Beach,NS ,2,Full,CampsitePermit,Less than 20ft,
Graves Island,ON ,5,Full,CampsitePermit,Less than 30ft,
Caribou Munroes,NS ,2,Senior,CampsitePermit,Less than 30ft,
Mira River,BC ,4,Full,CampsitePermit,Tents,
Dollar Lake,NS ,2,Full,CampsitePermit,Single Tent,
Graves Island,NS ,4,Full,CampsitePermit,Less than 30ft,
Laurie,NS ,3,Full,CampsitePermit,Single Tent,
Ellenwood Lake,NS ,4,Full,CampsitePermit,Single Tent,
Ellenwood Lake,NS ,8,Full,CampsitePermit,Single Tent,
Blomidon,NS ,4,Full,CampsitePermit,Tents,
Five Islands,NS ,6,Full,CampsitePermit,Tents,
Whycocomagh,NS ,4,Senior,CampsitePermit,Less than 20ft,
Battery,ON ,2,Full,CampsitePermit,Single Tent,
Battery,NS ,1,Senior,CampsitePermit,Single Tent,
Smileys,NS ,3,Full,CampsitePermit,Single Tent,
Caribou Munroes,NS ,5,Full,CampsitePermit,Single Tent,
Porters Lake,ON ,3,Full,CampsitePermit,Less than 30ft,
Blomidon,PE ,2,Full,CampsitePermit,Single Tent,
Graves Island,QC ,1,Full,CampsitePermit,Single Tent,
Thomas Raddall,NS ,5,Full,CampsitePermit,Tents,
Amherst Shore,NS ,3,Full,CampsitePermit,Single Tent,
Blomidon,NS ,3,Full,CampsitePermit,Single Tent,
Valleyview,NS ,2,Full,CampsitePermit,Single Tent,
Mira River,QC ,2,Full,CampsitePermit,Single Tent,
Rissers Beach,BC ,6,Full,CampsitePermit,Tents,
Caribou Munroes,NS ,2,Full,CampsitePermit,Less than 20ft,
Smileys,NS ,2,Full,CampsitePermit,Less than 20ft,
Caribou Munroes,ON ,2,Full,CampsitePermit,Single Tent,
Mira River,PE ,2,Full,CampsitePermit,Single Tent,
Rissers Beach,NS ,4,Full,CampsitePermit,Less than 30ft,
Laurie,MB ,2,Full,CampsitePermit,Single Tent,
The Islands,ON ,2,Full,CampsitePermit,Single Tent,
Dollar Lake,NS ,5,Full,CampsitePermit,Less than 30ft,
Thomas Raddall,NS ,2,Full,CampsitePermit,Single Tent,
Whycocomagh,ON ,2,Senior,CampsitePermit,Less than 30ft,
Mira River,NS ,6,Full,CampsitePermit,Tents,
Blomidon,NB ,6,Full,CampsitePermit,Tents,
Mira River,NS ,2,Host,CampsitePermit,Single Tent,
Graves Island,QC ,1,Full,CampsitePermit,Single Tent,
Blomidon,NS ,1,Full,CampsitePermit,Single Tent,
Porters Lake,NS ,2,Full,CampsitePermit,Single Tent,
Mira River,NS ,2,Senior,CampsitePermit,Less than 20ft,
Graves Island,NB ,1,Full,CampsitePermit,Less than 20ft,
Caribou Munroes,NS ,4,Full,CampsitePermit,Less than 20ft,
Porters Lake,NS ,4,Full,CampsitePermit,Less than 30ft,
Valleyview,BC ,2,Full,CampsitePermit,Single Tent,
Battery,NS ,5,Full,CampsitePermit,Single Tent,
Dollar Lake,NS ,6,Full,CampsitePermit,Tents,
Graves Island,NS ,3,Full,CampsitePermit,Less than 20ft,
Salsman,NS ,3,Full,CampsitePermit,Tents,
Dollar Lake,NS ,5,Full,CampsitePermit,Less than 20ft,
Thomas Raddall,NS ,5,Full,CampsitePermit,Less than 20ft,
Blomidon,NS ,2,Full,CampsitePermit,Less than 20ft,
The Islands,NS ,4,Full,CampsitePermit,Single Tent,
Graves Island,NS ,4,Full,CampsitePermit,Tents,
Mira River,NS ,5,Full,CampsitePermit,Less than 20ft,
Caribou Munroes,NS ,2,Full,CampsitePermit,Less than 40ft,
Valleyview,NS ,2,Full,CampsitePermit,Single Tent,
Mira River,NS ,3,Full,CampsitePermit,Single Tent,
Blomidon,ON ,2,Full,CampsitePermit,Single Tent,
Rissers Beach,NS ,5,Full,CampsitePermit,Tents,
Mira River,NS ,3,Full,CampsitePermit,Less than 20ft,
Blomidon,NS ,2,Full,CampsitePermit,Single Tent,
Caribou Munroes,NS ,1,Full,CampsitePermit,Single Tent,
Mira River,NS ,2,Full,CampsitePermit,Single Tent,
Mira River,QC ,3,Full,CampsitePermit,Less than 20ft,
Graves Island,NS ,2,Full,CampsitePermit,Less than 30ft,
Smileys,NS ,2,Full,CampsitePermit,Less than 30ft,
Porters Lake,QC ,2,Senior,CampsitePermit,Single Tent,
Smileys,NS ,4,Full,CampsitePermit,Less than 40ft,
Mira River,NS ,3,Senior,CampsitePermit,Single Tent,
Rissers Beach,NS ,2,Full,CampsitePermit,Less than 20ft,
Salsman,NS ,3,Full,CampsitePermit,Less than 30ft,
Cape Chignecto,MB ,1,Senior,BackcountryPermit,Single Tent,
Porters Lake,NS ,3,Full,CampsitePermit,Single Tent,
Graves Island,NS ,3,Senior,CampsitePermit,Less than 30ft,
Five Islands,QC ,3,Full,CampsitePermit,Single Tent,
Thomas Raddall,NS ,3,Full,CampsitePermit,Less than 20ft,
Mira River,NS ,2,Senior,CampsitePermit,Less than 30ft,
Caribou Munroes,NS ,2,Full,CampsitePermit,Less than 30ft,
Valleyview,NS ,6,Full,CampsitePermit,Less than 20ft,
Rissers Beach,NS ,1,Full,CampsitePermit,Single Tent,
Porters Lake,QC ,2,Full,CampsitePermit,Less than 20ft,
Battery,ON ,5,Full,CampsitePermit,Single Tent,
Smileys,NS ,2,Senior,CampsitePermit,Less than 30ft,
Dollar Lake,NS ,5,Full,CampsitePermit,Single Tent,
Thomas Raddall,NS ,2,Full,CampsitePermit,Less than 20ft,
Caribou Munroes,AB ,2,Full,CampsitePermit,Less than 20ft,
Porters Lake,NS ,6,Full,CampsitePermit,Tents,
Whycocomagh,NS ,4,Full,YurtPermit,Tents,
Battery,QC ,2,Full,CampsitePermit,Less than 30ft,
Porters Lake,NS ,4,Full,CampsitePermit,Less than 30ft,
Blomidon,NS ,2,Full,CampsitePermit,Less than 40ft,
Salsman,NS ,2,Full,CampsitePermit,Single Tent,
Amherst Shore,NB ,2,Senior,CampsitePermit,Single Tent,
Caribou Munroes,NS ,1,Senior,CampsitePermit,Single Tent,
Five Islands,BC ,2,Full,CampsitePermit,Less than 20ft,
Laurie,NS ,2,Senior,CampsitePermit,Less than 20ft,
Ellenwood Lake,NS ,3,Full,CampsitePermit,Single Tent,
Mira River,NS ,4,Full,CampsitePermit,Less than 30ft,
Graves Island,NS ,2,Senior,CampsitePermit,Less than 30ft,
Caribou Munroes,QC ,1,Full,CampsitePermit,Single Tent,
Dollar Lake,NS ,2,Full,CampsitePermit,Less than 30ft,
Whycocomagh,ON ,1,Full,CampsitePermit,Less than 30ft,
Thomas Raddall,NS ,2,Full,CampsitePermit,Single Tent,
Caribou Munroes,NS ,4,Full,CampsitePermit,Less than 30ft,
Blomidon,NS ,2,Full,CampsitePermit,Less than 30ft,
Caribou Munroes,NS ,3,Full,CampsitePermit,Less than 20ft,
Graves Island,NS ,1,Full,CampsitePermit,Single Tent,
Thomas Raddall,AB ,2,Full,CampsitePermit,Single Tent,
The Islands,NS ,3,Full,CampsitePermit,Less than 30ft,
Rissers Beach,NS ,3,Full,CampsitePermit,Less than 30ft,
Graves Island,NS ,3,Full,CampsitePermit,Less than 20ft,
Amherst Shore,NS ,2,Full,CampsitePermit,Single Tent,
Ellenwood Lake,QC ,2,Full,CampsitePermit,Less than 30ft,
Thomas Raddall,NS ,2,Full,CampsitePermit,Less than 30ft,
Valleyview,ON ,2,Senior,CampsitePermit,Single Tent,
Ellenwood Lake,NS ,2,Full,CampsitePermit,Less than 20ft,
Battery,NS ,4,Full,CampsitePermit,Less than 40ft,
Graves Island,NS ,2,Full,CampsitePermit,Less than 20ft,
Amherst Shore,ON ,2,Full,CampsitePermit,Single Tent,
Caribou Munroes,NS ,4,Full,CampsitePermit,Single Tent,
Battery,NS ,1,Veteran,CampsitePermit,Single Tent,
Mira River,NS ,2,Full,CampsitePermit,Single Tent,
Laurie,QC ,4,Full,CampsitePermit,Tents,
Boylston,ON ,1,Full,CampsitePermit,Single Tent,
Laurie,NS ,3,Full,CampsitePermit,Single Tent,
Blomidon,NS ,2,Full,CampsitePermit,Single Tent,
Dollar Lake,NS ,6,Full,CampsitePermit,Tents,
Amherst Shore,NS ,1,Senior,CampsitePermit,Less than 30ft,
Dollar Lake,NS ,4,Full,CampsitePermit,Single Tent,
The Islands,NS ,1,Full,CampsitePermit,Single Tent,
Graves Island,NS ,4,Full,CampsitePermit,Less than 20ft,
Blomidon,QC ,2,Full,CampsitePermit,Single Tent,
Dollar Lake,PE ,3,Full,CampsitePermit,Single Tent,
Graves Island,NS ,2,Senior,CampsitePermit,Less than 30ft,
Battery,QC ,2,Full,CampsitePermit,Single Tent,
Porters Lake,NS ,5,Full,CampsitePermit,Less than 30ft,
Porters Lake,NS ,2,Full,CampsitePermit,Less than 20ft,
Graves Island,NS ,2,Full,CampsitePermit,Less than 30ft,
Smileys,NS ,6,Full,CampsitePermit,Less than 20ft,
Rissers Beach,NS ,2,Senior,CampsitePermit,Less than 20ft,
Rissers Beach,NS ,2,Senior,CampsitePermit,Less than 30ft,
Dollar Lake,NS ,4,Full,CampsitePermit,Tents,
Amherst Shore,QC ,2,Full,CampsitePermit,Single Tent,
Rissers Beach,NS ,4,Full,CampsitePermit,Less than 30ft,
Rissers Beach,NS ,2,Senior,CampsitePermit,Less than 30ft,
Dollar Lake,NS ,3,Full,CampsitePermit,Single Tent,
Mira River,NS ,1,Full,CampsitePermit,Single Tent,
Porters Lake,NS ,4,Full,CampsitePermit,Single Tent,
Ellenwood Lake,NS ,2,Full,CampsitePermit,Single Tent,
Battery,QC ,2,Full,CampsitePermit,Single Tent,
Caribou Munroes,NS ,4,Senior,CampsitePermit,Less than 20ft,
Whycocomagh,NS ,1,Full,CampsitePermit,Single Tent,
Mira River,NS ,3,Full,CampsitePermit,Less than 20ft,
Porters Lake,ON ,3,Senior,CampsitePermit,Tents,
Whycocomagh,NS ,1,Full,CampsitePermit,Single Tent,
Graves Island,QC ,1,Full,CampsitePermit,Single Tent,
Dollar Lake,NS ,2,Full,CampsitePermit,Single Tent,
Thomas Raddall,NS ,6,Full,CampsitePermit,Less than 30ft,
Rissers Beach,NS ,4,Full,CampsitePermit,Less than 30ft,
Porters Lake,NS ,2,Full,CampsitePermit,Less than 20ft,
Dollar Lake,BC ,4,Full,CampsitePermit,Single Tent,
Graves Island,NS ,4,Full,CampsitePermit,Less than 30ft,
Mira River,NS ,5,Full,CampsitePermit,Less than 40ft,
Caribou Munroes,ON ,1,Full,CampsitePermit,Single Tent,
Graves Island,NS ,2,Full,CampsitePermit,Single Tent,
Laurie,NS ,3,Full,CampsitePermit,Single Tent,
Mira River,NS ,3,Full,CampsitePermit,Single Tent,
Five Islands,NB ,2,Senior,CampsitePermit,Single Tent,
Amherst Shore,NS ,3,Full,CampsitePermit,Single Tent,
Graves Island,NS ,2,Full,CampsitePermit,Less than 30ft,
Blomidon,BC ,2,Full,CampsitePermit,Single Tent,
Mira River,NS ,3,Full,CampsitePermit,Single Tent,
Whycocomagh,NS ,1,Senior,CampsitePermit,Less than 30ft,
Blomidon,NS ,6,Full,CampsitePermit,Tents,
Five Islands,NS ,5,Full,CampsitePermit,Less than 20ft,
Graves Island,NS ,2,Full,CampsitePermit,Single Tent,
Porters Lake,NS ,2,Full,CampsitePermit,Single Tent,
Rissers Beach,NS ,4,Full,CampsitePermit,Single Tent,
Rissers Beach,NS ,4,Full,CampsitePermit,Less than 20ft,
Porters Lake,NB ,2,Full,CampsitePermit,Single Tent,
Graves Island,PE ,1,Full,CampsitePermit,Single Tent,
The Islands,NS ,1,Senior,CampsitePermit,Tents,
Porters Lake,NS ,5,Full,CampsitePermit,Less than 30ft,
Five Islands,NS ,3,Full,CampsitePermit,Single Tent,
Graves Island,NS ,4,Full,CampsitePermit,Less than 30ft,
Dollar Lake,NS ,4,Full,CampsitePermit,Tents,
Blomidon,NS ,2,Full,CampsitePermit,Single Tent,
Thomas Raddall,NS ,6,Full,CampsitePermit,Tents,
Caribou Munroes,ON ,2,Full,CampsitePermit,Single Tent,
Rissers Beach,NS ,2,Full,CampsitePermit,Less than 30ft,
Salsman,NS ,4,Full,CampsitePermit,Less than 20ft,
Mira River,NS ,3,Full,CampsitePermit,Single Tent,
Graves Island,NS ,3,Full,CampsitePermit,Less than 40ft,
Amherst Shore,BC ,1,Full,CampsitePermit,Single Tent,
Blomidon,NS ,2,Full,CampsitePermit,Single Tent,
Five Islands,AB ,2,Full,CampsitePermit,Less than 20ft,
Laurie,ON ,2,Senior,CampsitePermit,Single Tent,
Thomas Raddall,NS ,2,FULL,CampsitePermit,Less than 20ft,
Graves Island,ON ,1,Full,CampsitePermit,Single Tent,
Whycocomagh,NS ,2,Full,CampsitePermit,Single Tent,
Porters Lake,ON ,3,Senior,CampsitePermit,Less than 30ft,
Graves Island,ON ,1,Full,CampsitePermit,Single Tent,
Porters Lake,NS ,2,Full,CampsitePermit,Less than 30ft,
Caribou Munroes,NB ,2,Senior,CampsitePermit,Less than 30ft,
Whycocomagh,ON ,2,Full,CampsitePermit,Single Tent,
Whycocomagh,NS ,3,Full,YurtPermit,Tents,
Laurie,QC ,3,Full,CampsitePermit,Single Tent,
Five Islands,NS ,3,Full,CampsitePermit,Less than 30ft,
Mira River,NS ,2,Senior,CampsitePermit,Less than 20ft,
Amherst Shore,NB ,5,Full,CampsitePermit,Tents,
Caribou Munroes,NS ,2,Full,CampsitePermit,Less than 40ft,
Whycocomagh,AB ,1,Full,CampsitePermit,Single Tent,
Rissers Beach,NS ,5,Full,CampsitePermit,Less than 40ft,
Dollar Lake,NS ,6,Full,CampsitePermit,Less than 20ft,
Dollar Lake,NS ,4,Full,CampsitePermit,Single Tent,
Mira River,NS ,2,Full,CampsitePermit,Single Tent,
Graves Island,NS ,4,Full,CampsitePermit,Less than 40ft,
Laurie,NS ,6,Full,CampsitePermit,Tents,
Five Islands,QC ,2,Senior,CampsitePermit,Less than 20ft,
Porters Lake,ON ,1,Full,CampsitePermit,Less than 20ft,
Five Islands,NS ,4,Full,CampsitePermit,Less than 20ft,
Dollar Lake,NS ,5,Full,CampsitePermit,Single Tent,
Cape Chignecto,NS ,2,Full,BackcountryPermit,Single Tent,
Mira River,QC ,2,Senior,CampsitePermit,Less than 20ft,
Blomidon,NS ,3,Full,CampsitePermit,Single Tent,
Mira River,NS ,3,Full,CampsitePermit,Less than 30ft,
Dollar Lake,NS ,4,Full,CampsitePermit,Single Tent,
Blomidon,NS ,3,Full,CampsitePermit,Single Tent,
Laurie,NS ,3,Full,CampsitePermit,Tents,
Dollar Lake,NS ,3,Full,CampsitePermit,Single Tent,
Ellenwood Lake,NS ,2,Full,CampsitePermit,Single Tent,
Battery,ON ,2,Full,CampsitePermit,Single Tent,
Caribou Munroes,NS ,2,Full,CampsitePermit,Less than 20ft,
Mira River,NS ,5,Full,CampsitePermit,Less than 20ft,
The Islands,NS ,5,Full,CampsitePermit,Single Tent,
Battery,NS ,4,Full,CampsitePermit,Single Tent,
Laurie,QC ,2,Full,CampsitePermit,Single Tent,
Five Islands,NS ,4,Full,CampsitePermit,Single Tent,
Rissers Beach,NS ,5,Full,CampsitePermit,Single Tent,
Rissers Beach,BC ,2,Senior,CampsitePermit,Single Tent,
Smileys,NS ,2,Full,CampsitePermit,Less than 30ft,
Dollar Lake,NS ,5,Full,CampsitePermit,Tents,
Mira River,NS ,4,Full,CampsitePermit,Less than 40ft,
Graves Island,NS ,2,Full,CampsitePermit,Less than 30ft,
The Islands,NS ,2,Senior,CampsitePermit,Less than 20ft,
Battery,ON ,2,Senior,CampsitePermit,Single Tent,
Thomas Raddall,NS ,6,Senior,CampsitePermit,Tents,
Graves Island,QC ,1,Full,CampsitePermit,Single Tent,
Battery,NS ,1,Full,CampsitePermit,Single Tent,
Rissers Beach,NS ,2,Senior,CampsitePermit,Less than 30ft,
Caribou Munroes,NS ,5,Full,CampsitePermit,Less than 40ft,
Laurie,NS ,2,Full,CampsitePermit,Less than 20ft,
Blomidon,NS ,2,Full,CampsitePermit,Less than 30ft,
Mira River,NS ,2,Full,CampsitePermit,Less than 20ft,
Graves Island,NS ,4,Full,CampsitePermit,Less than 20ft,
Mira River,NS ,2,Full,CampsitePermit,Single Tent,
Graves Island,NS ,4,Full,CampsitePermit,Single Tent,
Caribou Munroes,NS ,2,Full,CampsitePermit,Less than 20ft,
Mira River,NS ,3,Full,CampsitePermit,Less than 30ft,
Rissers Beach,ON ,2,Full,CampsitePermit,Less than 20ft,
Mira River,NS ,2,Senior,CampsitePermit,Less than 30ft,
Mira River,QC ,2,Full,CampsitePermit,Single Tent,
Five Islands,NS ,4,Full,CampsitePermit,Tents,
Dollar Lake,NS ,2,Full,CampsitePermit,Single Tent,
Whycocomagh,NS ,2,Full,CampsitePermit,Less than 20ft,
Porters Lake,QC ,4,Full,CampsitePermit,Single Tent,
Rissers Beach,NS ,4,Full,CampsitePermit,Less than 30ft,
Five Islands,NS ,5,Full,CampsitePermit,Less than 20ft,
Mira River,NS ,2,Full,CampsitePermit,Less than 30ft,
Caribou Munroes,QC ,2,Full,CampsitePermit,Single Tent,
Dollar Lake,NS ,1,Full,CampsitePermit,Single Tent,
Rissers Beach,NS ,4,Full,CampsitePermit,Less than 40ft,
Five Islands,NS ,7,Full,CampsitePermit,Single Tent,
Blomidon,NS ,5,Full,CampsitePermit,Single Tent,
Cape Chignecto,NB ,2,Full,BackcountryPermit,Single Tent,
Five Islands,ON ,4,Full,CampsitePermit,Single Tent,
Rissers Beach,NS ,4,Full,CampsitePermit,Less than 20ft,
Caribou Munroes,QC ,4,Full,CampsitePermit,Tents,
Graves Island,QC ,2,Full,CampsitePermit,Single Tent,
Battery,QC ,1,Full,CampsitePermit,Single Tent,
Graves Island,NS ,2,Full,CampsitePermit,Less than 20ft,
The Islands,NS ,2,Full,CampsitePermit,Single Tent,
Caribou Munroes,NS ,2,Full,CampsitePermit,Single Tent,
Graves Island,NS ,3,Senior,CampsitePermit,Less than 20ft,
Dollar Lake,NS ,4,Full,CampsitePermit,Tents,
The Islands,NS ,2,Full,CampsitePermit,Less than 30ft,
Whycocomagh,BC ,3,Senior,CampsitePermit,Less than 20ft,
Laurie,ON ,4,Full,CampsitePermit,Less than 30ft,
Blomidon,NS ,4,Veteran,CampsitePermit,Less than 40ft,
Rissers Beach,NS ,2,Senior,CampsitePermit,Less than 30ft,
Battery,QC ,2,Full,CampsitePermit,Single Tent,
Mira River,NS ,2,Full,CampsitePermit,Less than 30ft,
Rissers Beach,NS ,2,Full,CampsitePermit,Single Tent,
Smileys,NS ,2,Full,CampsitePermit,Single Tent,
Cape Chignecto,NS ,2,Full,BackcountryPermit,Single Tent,
Caribou Munroes,NS ,5,Full,CampsitePermit,Less than 20ft,
Valleyview,NS ,6,Full,CampsitePermit,Tents,
Porters Lake,NS ,1,Full,CampsitePermit,Single Tent,
Cape Chignecto,PE ,1,Full,BackcountryPermit,Single Tent,
Rissers Beach,NS ,3,Full,CampsitePermit,Single Tent,
Mira River,NS ,2,Full,CampsitePermit,Single Tent,
Cape Chignecto,NS ,1,Full,BackcountryPermit,Single Tent,
Smileys,PE ,2,Full,CampsitePermit,Single Tent,
Graves Island,NS ,2,Full,CampsitePermit,Less than 40ft,
Porters Lake,ON ,2,Full,CampsitePermit,Single Tent,
The Islands,NS ,1,Full,CampsitePermit,Single Tent,
Five Islands,BC ,2,Senior,CampsitePermit,Single Tent,
Valleyview,NS ,2,Full,CampsitePermit,Less than 30ft,
Laurie,ON ,2,Full,CampsitePermit,Less than 20ft,
Rissers Beach,NS ,2,Full,CampsitePermit,Less than 30ft,
Laurie,NS ,2,Full,CampsitePermit,Single Tent,
Blomidon,NS ,2,Senior,CampsitePermit,Less than 30ft,
Five Islands,NS ,2,Host,CampsitePermit,Less than 20ft,
The Islands,QC ,3,Full,CampsitePermit,Less than 20ft,
Mira River,ON ,2,Senior,CampsitePermit,Less than 20ft,
Cape Chignecto,NS ,2,Full,BackcountryPermit,Single Tent,
Valleyview,NS ,4,Full,CampsitePermit,Single Tent,
Thomas Raddall,ON ,5,Full,CampsitePermit,Tents,
Blomidon,NS ,4,Full,CampsitePermit,Single Tent,
Laurie,NS ,4,Full,CampsitePermit,Tents,
Dollar Lake,NS ,4,Full,CampsitePermit,Single Tent,
Rissers Beach,NS ,4,Full,CampsitePermit,Less than 30ft,
Whycocomagh,NS ,2,Full,CampsitePermit,Single Tent,
Blomidon,NS ,3,Full,CampsitePermit,Less than 40ft,
Amherst Shore,NS ,2,Senior,CampsitePermit,Less than 30ft,
Whycocomagh,ON ,4,Full,CampsitePermit,Less than 30ft,
Whycocomagh,NS ,2,Full,CampsitePermit,Less than 20ft,
Cape Chignecto,NB ,2,Full,BackcountryPermit,Single Tent,
Five Islands,ON ,2,Full,CampsitePermit,Less than 20ft,
Ellenwood Lake,NS ,2,Senior,CampsitePermit,Less than 30ft,
Mira River,NS ,4,Full,CampsitePermit,Single Tent,
Laurie,ON ,3,Full,CampsitePermit,Tents,
Five Islands,NS ,2,Senior,CampsitePermit,Single Tent,
Laurie,NS ,2,Full,CampsitePermit,Single Tent,
Amherst Shore,NS ,3,Full,CampsitePermit,Tents,
Mira River,QC ,2,Full,CampsitePermit,Single Tent,
Valleyview,NS ,2,Full,CampsitePermit,Single Tent,
Rissers Beach,NS ,2,Full,CampsitePermit,Less than 20ft,
Mira River,NS ,2,Full,CampsitePermit,Single Tent,
Rissers Beach,NS ,2,Full,CampsitePermit,Less than 20ft,
Rissers Beach,NS ,2,Full,CampsitePermit,Less than 30ft,
Five Islands,NS ,4,Full,CampsitePermit,Less than 20ft,
Whycocomagh,NS ,4,Full,CampsitePermit,Single Tent,
Graves Island,NS ,3,Full,CampsitePermit,Less than 20ft,
Rissers Beach,AB ,5,Full,CampsitePermit,Less than 30ft,
Amherst Shore,NB ,1,Senior,CampsitePermit,Single Tent,
Blomidon,NS ,3,Full,CampsitePermit,Single Tent,
Amherst Shore,ON ,4,Full,CampsitePermit,Tents,
Ellenwood Lake,NB ,4,Full,CampsitePermit,Single Tent,
Caribou Munroes,NT ,10,Full,CampsitePermit,Tents,
Amherst Shore,NS ,1,Full,CampsitePermit,Single Tent,
Mira River,NS ,6,Full,CampsitePermit,Tents,
Cape Chignecto,NS ,2,Full,BackcountryPermit,Single Tent,
Graves Island,NS ,4,Full,CampsitePermit,Less than 30ft,
Amherst Shore,NS ,2,Host,CampsitePermit,Less than 30ft,
Dollar Lake,NS ,3,Full,CampsitePermit,Single Tent,
Dollar Lake,NS ,5,Full,CampsitePermit,Tents,
Rissers Beach,NS ,6,Full,CampsitePermit,Single Tent,
Ellenwood Lake,NS ,6,Full,CampsitePermit,Single Tent,
Porters Lake,MB ,2,Full,CampsitePermit,Single Tent,
Valleyview,NS ,1,Full,CampsitePermit,Less than 20ft,
Battery,QC ,2,Full,CampsitePermit,Single Tent,
Blomidon,NS ,1,Full,CampsitePermit,Single Tent,
Thomas Raddall,NS ,2,Full,CampsitePermit,Single Tent,
Five Islands,ON ,3,Full,CampsitePermit,Single Tent,
Porters Lake,ON ,3,Full,CampsitePermit,Single Tent,
Thomas Raddall,NS ,2,Full,CampsitePermit,Single Tent,
Battery,AB ,2,Full,CampsitePermit,Single Tent,
Five Islands,NS ,3,Full,CampsitePermit,Less than 20ft,
Caribou Munroes,QC ,2,Full,CampsitePermit,Less than 30ft,
Rissers Beach,NS ,1,Full,CampsitePermit,Single Tent,
Thomas Raddall,QC ,4,Full,CampsitePermit,Single Tent,
Thomas Raddall,NS ,6,Full,CampsitePermit,Less than 30ft,
Porters Lake,NS ,3,Full,CampsitePermit,Single Tent,
Blomidon,QC ,3,Full,CampsitePermit,Single Tent,
Thomas Raddall,NS ,3,Full,CampsitePermit,Less than 20ft,
Mira River,ON ,4,Full,CampsitePermit,Less than 30ft,
Blomidon,NS ,2,Full,CampsitePermit,Single Tent,
Laurie,NS ,3,Full,CampsitePermit,Single Tent,
Caribou Munroes,NS ,4,Full,CampsitePermit,Single Tent,
The Islands,NS ,4,Full,CampsitePermit,Single Tent,
Laurie,NS ,3,Full,CampsitePermit,Less than 20ft,
Porters Lake,NS ,6,Full,CampsitePermit,Tents,
Porters Lake,NS ,5,Full,CampsitePermit,Tents,
Five Islands,NS ,2,Full,CampsitePermit,Less than 20ft,
Porters Lake,NS ,4,Full,CampsitePermit,Single Tent,
Porters Lake,NS ,4,Full,CampsitePermit,Less than 20ft,
Graves Island,NS ,4,Senior,CampsitePermit,Less than 30ft,
Blomidon,QC ,1,Full,CampsitePermit,Single Tent,
Porters Lake,QC ,2,Full,CampsitePermit,Single Tent,
Laurie,NT ,2,Senior,CampsitePermit,Less than 20ft,
Smileys,QC ,2,Senior,CampsitePermit,Less than 20ft,
Graves Island,NS ,3,Full,CampsitePermit,Less than 30ft,
Rissers Beach,NS ,4,Full,CampsitePermit,Tents,
Blomidon,NS ,3,Full,CampsitePermit,Less than 20ft,
Rissers Beach,NS ,6,Full,CampsitePermit,Less than 30ft,
Cape Chignecto,NS ,3,Full,BackcountryPermit,Single Tent,
Boylston,NS ,2,Full,CampsitePermit,Single Tent,
Rissers Beach,NS ,6,Full,CampsitePermit,Less than 30ft,
Amherst Shore,QC ,3,Senior,CampsitePermit,Single Tent,
Whycocomagh,QC ,3,Full,CampsitePermit,Less than 30ft,
Porters Lake,NS ,2,Full,CampsitePermit,Less than 30ft,
Mira River,NS ,2,Full,CampsitePermit,Single Tent,
Thomas Raddall,NS ,3,Full,CampsitePermit,Single Tent,
The Islands,NS ,2,Full,CampsitePermit,Single Tent,
Rissers Beach,NB ,3,Full,CampsitePermit,Less than 20ft,
Caribou Munroes,NS ,3,Senior,CampsitePermit,Less than 30ft,
Thomas Raddall,NS ,2,Full,CampsitePermit,Single Tent,
Caribou Munroes,ON ,2,Full,CampsitePermit,Less than 20ft,
Graves Island,QC ,4,Full,CampsitePermit,Less than 20ft,
Smileys,NS ,2,Full,CampsitePermit,Less than 30ft,
Caribou Munroes,BC ,1,Senior,CampsitePermit,Tents,
Five Islands,NB ,3,Full,CampsitePermit,Single Tent,
Valleyview,NS ,2,Full,CampsitePermit,Single Tent,
Laurie,NS ,2,Full,CampsitePermit,Less than 40ft,
Cape Chignecto,YT ,2,Full,BackcountryPermit,Single Tent,
Mira River,QC ,2,Full,CampsitePermit,Single Tent,
Smileys,NS ,2,Full,CampsitePermit,Less than 20ft,
Blomidon,NS ,2,Full,CampsitePermit,Single Tent,
Graves Island,ON ,2,Full,CampsitePermit,Less than 20ft,
Mira River,NS ,4,Full,CampsitePermit,Less than 40ft,
Battery,NS ,4,Full,CampsitePermit,Single Tent,
Blomidon,NS ,2,Full,CampsitePermit,Single Tent,
Five Islands,ON ,4,Full,CampsitePermit,Tents,
Graves Island,NS ,4,Full,CampsitePermit,Less than 30ft,
Porters Lake,NS ,4,Veteran,CampsitePermit,Tents,
Smileys,NS ,3,Full,CampsitePermit,Less than 40ft,
Rissers Beach,NS ,3,Full,CampsitePermit,Single Tent,
Graves Island,NS ,1,Full,CampsitePermit,Single Tent,
Ellenwood Lake,NS ,4,Full,CampsitePermit,Single Tent,
Ellenwood Lake,NS ,2,Full,CampsitePermit,Single Tent,
Smileys,MB ,2,Senior,CampsitePermit,Less than 30ft,
Rissers Beach,NS ,4,Full,CampsitePermit,Single Tent,
Thomas Raddall,AB ,1,Full,CampsitePermit,Single Tent,
Rissers Beach,NS ,4,Full,CampsitePermit,Tents,
Mira River,NS ,5,Full,CampsitePermit,Less than 20ft,
Rissers Beach,NS ,4,Full,CampsitePermit,Single Tent,
Porters Lake,NS ,2,Full,CampsitePermit,Single Tent,
Ellenwood Lake,NS ,3,Full,CampsitePermit,Less than 30ft,
The Islands,NS ,4,Veteran,CampsitePermit,Single Tent,
Graves Island,ON ,2,Full,CampsitePermit,Single Tent,
Ellenwood Lake,NS ,2,Senior,CampsitePermit,Less than 30ft,
Caribou Munroes,NS ,4,Senior,CampsitePermit,Less than 20ft,
Smileys,NS ,5,Full,CampsitePermit,Less than 20ft,
Five Islands,NS ,3,Full,CampsitePermit,Single Tent,
Thomas Raddall,NS ,2,Full,CampsitePermit,Less than 30ft,
Graves Island,NS ,2,Full,CampsitePermit,Single Tent,
Amherst Shore,NB ,2,Senior,CampsitePermit,Less than 30ft,
Laurie,NS ,2,Full,CampsitePermit,Single Tent,
Laurie,QC ,2,Full,CampsitePermit,Single Tent,
Graves Island,NS ,1,Full,CampsitePermit,Single Tent,
Rissers Beach,NS ,3,Full,CampsitePermit,Single Tent,
Rissers Beach,NS ,2,Full,CampsitePermit,Single Tent,
Thomas Raddall,NS ,2,Full,CampsitePermit,Less than 20ft,
Caribou Munroes,ON ,1,Full,CampsitePermit,Single Tent,
Thomas Raddall,NS ,4,Full,CampsitePermit,Less than 20ft,
Caribou Munroes,NS ,5,Full,CampsitePermit,Tents,
Blomidon,ON ,2,Full,CampsitePermit,Single Tent,
Mira River,NS ,4,Full,CampsitePermit,Less than 30ft,
Mira River,NS ,2,Full,CampsitePermit,Less than 30ft,
Graves Island,NS ,4,Full,CampsitePermit,Less than 30ft,
Mira River,NS ,2,Full,CampsitePermit,Single Tent,
Dollar Lake,NS ,2,Full,CampsitePermit,Less than 20ft,
Mira River,QC ,2,Senior,CampsitePermit,Less than 30ft,
Blomidon,NS ,2,Full,CampsitePermit,Single Tent,
Blomidon,NS ,3,Full,CampsitePermit,Single Tent,
Caribou Munroes,NS ,2,Full,CampsitePermit,Single Tent,
Blomidon,ON ,1,Senior,CampsitePermit,Less than 30ft,
Caribou Munroes,NS ,2,Full,CampsitePermit,Less than 20ft,
Battery,BC ,2,Full,CampsitePermit,Less than 20ft,
Battery,NS ,4,Full,CampsitePermit,Less than 40ft,
Rissers Beach,NS ,4,Full,CampsitePermit,Tents,
Rissers Beach,NS ,2,Full,CampsitePermit,Less than 20ft,
Rissers Beach,BC ,4,Full,CampsitePermit,Single Tent,
Ellenwood Lake,NS ,4,Full,CampsitePermit,Single Tent,
Porters Lake,QC ,2,Full,CampsitePermit,Single Tent,
Rissers Beach,ON ,1,Full,CampsitePermit,Single Tent,
Blomidon,ON ,5,Full,CampsitePermit,Less than 20ft,
Smileys,PE ,2,Full,CampsitePermit,Single Tent,
Mira River,NS ,2,Full,CampsitePermit,Less than 20ft,
Graves Island,NS ,4,Full,CampsitePermit,Single Tent,
Smileys,NS ,2,Full,CampsitePermit,Single Tent,
Mira River,QC ,4,Full,CampsitePermit,Single Tent,
Amherst Shore,NS ,2,Full,CampsitePermit,Single Tent,
Amherst Shore,ON ,2,Full,CampsitePermit,Single Tent,
The Islands,ON ,1,Senior,CampsitePermit,Single Tent,
Mira River,QC ,4,Senior,CampsitePermit,Single Tent,
The Islands,NS ,4,Full,CampsitePermit,Tents,
Caribou Munroes,QC ,4,Senior,CampsitePermit,Less than 20ft,
Rissers Beach,NS ,5,Full,CampsitePermit,Less than 30ft,
Caribou Munroes,NS ,4,Full,CampsitePermit,Less than 30ft,
Thomas Raddall,NS ,2,Full,CampsitePermit,Single Tent,
Smileys,NS ,1,Full,CampsitePermit,Single Tent,
Battery,ON ,4,Full,CampsitePermit,Tents,
Battery,NS ,4,Senior,CampsitePermit,Single Tent,
Smileys,NS ,3,Full,CampsitePermit,Single Tent,
Five Islands,NS ,2,Full,CampsitePermit,Tents,
Rissers Beach,NS ,1,Senior,CampsitePermit,Single Tent,
Graves Island,NS ,2,Full,CampsitePermit,Tents,
Rissers Beach,NS ,2,Full,CampsitePermit,Less than 40ft,
Caribou Munroes,NS ,2,Full,CampsitePermit,Less than 20ft,
The Islands,NS ,3,Full,CampsitePermit,Less than 20ft,
Amherst Shore,NS ,2,Full,CampsitePermit,Tents,
Porters Lake,NS ,3,Full,CampsitePermit,Less than 20ft,
Dollar Lake,NS ,5,Full,CampsitePermit,Single Tent,
Blomidon,NB ,4,Senior,CampsitePermit,Less than 20ft,
Battery,QC ,1,Full,CampsitePermit,Single Tent,
The Islands,ON ,2,Full,CampsitePermit,Single Tent,
Graves Island,NS ,6,Full,CampsitePermit,Tents,
Battery,NS ,6,Full,CampsitePermit,Tents,
Porters Lake,NS ,4,Full,CampsitePermit,Less than 30ft,
Caribou Munroes,NL ,5,Full,CampsitePermit,Greater than 40ft,
Five Islands,ON ,4,Full,CampsitePermit,Less than 20ft,
Ellenwood Lake,NS ,2,Full,CampsitePermit,Less than 20ft,
Graves Island,QC ,1,Full,CampsitePermit,Single Tent,
Ellenwood Lake,NS ,2,Full,CampsitePermit,Single Tent,
Five Islands,NS ,2,Full,CampsitePermit,Single Tent,
Ellenwood Lake,NS ,3,Full,CampsitePermit,Less than 20ft,
Thomas Raddall,NS ,2,Full,CampsitePermit,Single Tent,
Battery,NS ,2,Full,CampsitePermit,Less than 20ft,
Dollar Lake,NS ,3,Full,CampsitePermit,Less than 20ft,
Dollar Lake,NS ,4,Full,CampsitePermit,Less than 30ft,
Graves Island,QC ,2,Full,CampsitePermit,Single Tent,
Porters Lake,NS ,3,Full,CampsitePermit,Single Tent,
Amherst Shore,NS ,4,Full,CampsitePermit,Less than 30ft,
Amherst Shore,NS ,2,Full,CampsitePermit,Less than 20ft,
Five Islands,NS ,4,Full,CampsitePermit,Tents,
Rissers Beach,NS ,4,Full,CampsitePermit,Less than 30ft,
Battery,NS ,2,Full,CampsitePermit,Single Tent,
Graves Island,NS ,2,Full,CampsitePermit,Less than 20ft,
Blomidon,NB ,2,Full,CampsitePermit,Single Tent,
Graves Island,ON ,2,Senior,CampsitePermit,Less than 30ft,
Graves Island,NS ,1,Senior,CampsitePermit,Single Tent,
Blomidon,NS ,5,Full,CampsitePermit,Tents,
Smileys,NS ,5,Full,CampsitePermit,Single Tent,
Mira River,NS ,2,Full,CampsitePermit,Less than 20ft,
Whycocomagh,ON ,4,Full,YurtPermit,Tents,
Dollar Lake,NS ,2,Full,CampsitePermit,Tents,
Blomidon,NS ,4,Full,CampsitePermit,Tents,
Graves Island,NS ,2,Full,CampsitePermit,Less than 30ft,
Thomas Raddall,NS ,1,Full,CampsitePermit,Less than 30ft,
Valleyview,NS ,5,Full,CampsitePermit,Less than 30ft,
Laurie,NS ,4,Full,CampsitePermit,Tents,
Dollar Lake,NS ,6,Full,CampsitePermit,Single Tent,
Five Islands,NS ,3,Full,CampsitePermit,Less than 20ft,
Thomas Raddall,NS ,2,Full,CampsitePermit,Less than 20ft,
The Islands,QC ,2,Full,CampsitePermit,Less than 30ft,
Blomidon,NS ,3,Full,CampsitePermit,Tents,
Porters Lake,NS ,2,Full,CampsitePermit,Less than 30ft,
Porters Lake,NS ,2,Veteran,CampsitePermit,Less than 30ft,
Mira River,QC ,2,Full,CampsitePermit,Single Tent,
Whycocomagh,NS ,2,Full,CampsitePermit,Single Tent,
Mira River,QC ,2,Senior,CampsitePermit,Single Tent,
Blomidon,QC ,2,Full,CampsitePermit,Single Tent,
Rissers Beach,NS ,4,Full,CampsitePermit,Single Tent,
Graves Island,NS ,4,Full,CampsitePermit,Less than 30ft,
Thomas Raddall,ON ,2,Full,CampsitePermit,Single Tent,
Smileys,NS ,2,Full,CampsitePermit,Less than 40ft,
Dollar Lake,NS ,1,Full,CampsitePermit,Single Tent,
Porters Lake,ON ,3,Full,CampsitePermit,Single Tent,
Smileys,NS ,6,Full,CampsitePermit,Less than 30ft,
Ellenwood Lake,NS ,5,Full,CampsitePermit,Less than 30ft,
Five Islands,NS ,2,Full,CampsitePermit,Single Tent,
The Islands,ON ,5,Full,CampsitePermit,Less than 30ft,
Mira River,QC ,3,Full,CampsitePermit,Single Tent,
Mira River,NL ,2,Full,CampsitePermit,Single Tent,
Amherst Shore,ON ,3,Full,CampsitePermit,Tents,
Laurie,ON ,5,Full,CampsitePermit,Less than 20ft,
Amherst Shore,NS ,2,Full,CampsitePermit,Single Tent,
Ellenwood Lake,NS ,3,Full,CampsitePermit,Less than 30ft,
Cape Chignecto,NB ,2,Full,BackcountryPermit,Single Tent,
Rissers Beach,NS ,2,Full,CampsitePermit,Tents,
Dollar Lake,NS ,5,Full,CampsitePermit,Less than 40ft,
Battery,NS ,4,Full,CampsitePermit,Single Tent,
Laurie,NS ,2,Full,CampsitePermit,Single Tent,
Graves Island,NS ,2,Full,CampsitePermit,Less than 30ft,
Blomidon,NS ,2,Full,CampsitePermit,Less than 20ft,
Caribou Munroes,NS ,5,Full,CampsitePermit,Single Tent,
Porters Lake,NS ,2,Full,CampsitePermit,Single Tent,
Dollar Lake,NS ,5,Full,CampsitePermit,Tents,
Mira River,NS ,4,Full,CampsitePermit,Less than 20ft,
Smileys,NS ,6,Full,CampsitePermit,Tents,
Amherst Shore,QC ,2,Full,CampsitePermit,Single Tent,
Battery,QC ,2,Full,CampsitePermit,Single Tent,
Laurie,NS ,2,Full,CampsitePermit,Less than 30ft,
Porters Lake,SK ,2,Full,CampsitePermit,Less than 20ft,
Porters Lake,NS ,5,Full,CampsitePermit,Single Tent,
Dollar Lake,NS ,4,Full,CampsitePermit,Single Tent,
Blomidon,NS ,2,Full,CampsitePermit,Single Tent,
Graves Island,NS ,2,Full,CampsitePermit,Less than 30ft,
Caribou Munroes,QC ,1,Full,CampsitePermit,Single Tent,
Five Islands,QC ,3,Senior,CampsitePermit,Single Tent,
Salsman,NS ,2,Full,CampsitePermit,Less than 20ft,
Whycocomagh,NS ,3,Full,CampsitePermit,Tents,
Boylston,NS ,4,Full,CampsitePermit,Less than 20ft,
The Islands,QC ,2,Full,CampsitePermit,Single Tent,
Porters Lake,NS ,4,Full,CampsitePermit,Less than 30ft,
Smileys,NS ,2,Full,CampsitePermit,Single Tent,
Dollar Lake,NS ,5,Full,CampsitePermit,Single Tent,
Laurie,NS ,6,Full,CampsitePermit,Tents,
Valleyview,NS ,1,Full,CampsitePermit,Single Tent,
Laurie,NS ,2,Full,CampsitePermit,Single Tent,
Ellenwood Lake,NS ,3,Full,CampsitePermit,Single Tent,
Ellenwood Lake,QC ,2,Full,CampsitePermit,Single Tent,
Porters Lake,NS ,6,Full,CampsitePermit,Less than 30ft,
Laurie,NS ,2,Full,CampsitePermit,Single Tent,
Thomas Raddall,NS ,2,Senior,CampsitePermit,Single Tent,
Caribou Munroes,QC ,2,Full,CampsitePermit,Single Tent,
Valleyview,NS ,2,Senior,CampsitePermit,Single Tent,
Smileys,NS ,6,Full,CampsitePermit,Tents,
Graves Island,NS ,2,Full,CampsitePermit,Less than 30ft,
Whycocomagh,NS ,2,Full,CampsitePermit,Single Tent,
Laurie,NS ,2,Veteran,CampsitePermit,Single Tent,
Salsman,NS ,2,Full,CampsitePermit,Less than 30ft,
Mira River,NS ,4,Full,CampsitePermit,Tents,
Thomas Raddall,NS ,2,Full,CampsitePermit,Less than 30ft,
Ellenwood Lake,QC ,2,Full,CampsitePermit,Less than 30ft,
Thomas Raddall,NS ,2,Full,CampsitePermit,Less than 30ft,
Dollar Lake,NS ,3,Full,CampsitePermit,Tents,
Caribou Munroes,NS ,4,Full,CampsitePermit,Single Tent,
Mira River,NS ,3,Senior,CampsitePermit,Less than 40ft,
Porters Lake,NS ,5,Full,CampsitePermit,Less than 20ft,
Amherst Shore,NS ,1,Full,CampsitePermit,Single Tent,
Battery,NB ,1,Full,CampsitePermit,Single Tent,
Porters Lake,NS ,4,Full,CampsitePermit,Single Tent,
Laurie,NS ,3,Full,CampsitePermit,Less than 30ft,
Rissers Beach,NS ,2,Full,CampsitePermit,Less than 30ft,
Caribou Munroes,ON ,1,Full,CampsitePermit,Single Tent,
Blomidon,NS ,2,Full,CampsitePermit,Single Tent,
Thomas Raddall,NS ,1,Full,CampsitePermit,Less than 20ft,
Rissers Beach,NS ,3,Full,CampsitePermit,Less than 20ft,
Rissers Beach,NS ,2,Senior,CampsitePermit,Less than 20ft,
Mira River,NS ,6,Full,CampsitePermit,Less than 30ft,
Graves Island,NL ,1,Full,CampsitePermit,Single Tent,
Mira River,NS ,5,Full,CampsitePermit,Single Tent,
Dollar Lake,NS ,2,Full,CampsitePermit,Less than 30ft,
Thomas Raddall,NS ,2,Full,CampsitePermit,Single Tent,
Amherst Shore,QC ,1,Full,CampsitePermit,Single Tent,
Rissers Beach,NS ,6,Full,CampsitePermit,Tents,
Graves Island,NS ,2,Full,CampsitePermit,Single Tent,
Rissers Beach,NS ,5,Full,CampsitePermit,Single Tent,
Cape Chignecto,NS ,1,Full,BackcountryPermit,Single Tent,
Salsman,NS ,3,Full,CampsitePermit,Less than 20ft,
Blomidon,QC ,5,Full,CampsitePermit,Tents,
Mira River,QC ,1,Full,CampsitePermit,Single Tent,
Cape Chignecto,NS ,2,Full,BackcountryPermit,Single Tent,
Laurie,NS ,4,Full,CampsitePermit,Single Tent,
Whycocomagh,ON ,4,Full,CampsitePermit,Less than 20ft,
Whycocomagh,QC ,2,Full,CampsitePermit,Less than 20ft,
Dollar Lake,NS ,1,Full,CampsitePermit,Single Tent,
Ellenwood Lake,NS ,2,Full,CampsitePermit,Single Tent,
Rissers Beach,NS ,2,Senior,CampsitePermit,Less than 20ft,
Dollar Lake,NS ,2,Full,CampsitePermit,Single Tent,
Smileys,NS ,4,Full,CampsitePermit,Single Tent,
Graves Island,NS ,3,Full,CampsitePermit,Single Tent,
Ellenwood Lake,NS ,4,Full,CampsitePermit,Tents,
Mira River,NS ,5,Full,CampsitePermit,Tents,
The Islands,NS ,2,Full,CampsitePermit,Single Tent,
Thomas Raddall,ON ,1,Full,CampsitePermit,Single Tent,
Mira River,ON ,1,Senior,CampsitePermit,Less than 20ft,
Battery,ON ,2,Full,CampsitePermit,Single Tent,
Mira River,NB ,8,Full,CampsitePermit,Less than 20ft,
Amherst Shore,NB ,4,Full,CampsitePermit,Tents,
Laurie,NS ,4,Full,CampsitePermit,Single Tent,
Caribou Munroes,ON ,2,Senior,CampsitePermit,Less than 20ft,
Graves Island,NS ,1,Full,CampsitePermit,Single Tent,
Rissers Beach,NS ,4,Full,CampsitePermit,Single Tent,
Battery,NS ,1,Full,CampsitePermit,Single Tent,
Thomas Raddall,NS ,4,Full,CampsitePermit,Less than 20ft,
Laurie,NS ,6,Full,CampsitePermit,Tents,
Caribou Munroes,ON ,2,Full,CampsitePermit,Single Tent,
Amherst Shore,ON ,2,Full,CampsitePermit,Single Tent,
Laurie,NS ,2,Full,CampsitePermit,Less than 30ft,
Cape Chignecto,NS ,3,Full,BackcountryPermit,Single Tent,
Rissers Beach,NS ,3,Full,CampsitePermit,Single Tent,
Graves Island,NS ,5,Full,CampsitePermit,Less than 20ft,
Blomidon,NS ,2,Full,CampsitePermit,Single Tent,
Blomidon,NS ,1,Full,CampsitePermit,Single Tent,
Amherst Shore,NS ,5,Full,CampsitePermit,Less than 40ft,
Graves Island,QC ,1,Full,CampsitePermit,Single Tent,
Salsman,NB ,2,Senior,CampsitePermit,Less than 30ft,
Porters Lake,NS ,6,Full,CampsitePermit,Tents,
Whycocomagh,ON ,2,Full,CampsitePermit,Single Tent,
Amherst Shore,NS ,3,Full,CampsitePermit,Less than 20ft,
Blomidon,NS ,3,Full,CampsitePermit,Less than 20ft,
Rissers Beach,NS ,3,Full,CampsitePermit,Single Tent,
Valleyview,ON ,2,Full,CampsitePermit,Single Tent,
Five Islands,NS ,2,Full,CampsitePermit,Single Tent,
Valleyview,NS ,1,Full,CampsitePermit,Single Tent,
Graves Island,NS ,6,Full,CampsitePermit,Single Tent,
Battery,ON ,1,Full,CampsitePermit,Single Tent,
Dollar Lake,NS ,5,Full,CampsitePermit,Single Tent,
Five Islands,NS ,4,Full,CampsitePermit,Tents,
Blomidon,NS ,2,Senior,CampsitePermit,Single Tent,
Smileys,NS ,6,Full,CampsitePermit,Less than 30ft,
Porters Lake,NS ,1,Full,CampsitePermit,Single Tent,
Blomidon,NL ,2,Full,CampsitePermit,Single Tent,
The Islands,NS ,2,Veteran,CampsitePermit,Less than 20ft,
Battery,NS ,5,Full,CampsitePermit,Less than 30ft,
Rissers Beach,NS ,2,Full,CampsitePermit,Single Tent,
Five Islands,NB ,2,Full,CampsitePermit,Single Tent,
Graves Island,NS ,3,Full,CampsitePermit,Single Tent,
Graves Island,ON ,1,Full,CampsitePermit,Single Tent,
Laurie,NS ,4,Full,CampsitePermit,Less than 40ft,
Smileys,NS ,4,Full,CampsitePermit,Single Tent,
Smileys,NS ,4,Full,CampsitePermit,Less than 20ft,
Mira River,NS ,3,Full,CampsitePermit,Less than 40ft,
Rissers Beach,NS ,2,Full,CampsitePermit,Single Tent,
Smileys,NS ,4,Full,CampsitePermit,Single Tent,
Porters Lake,NS ,3,Full,CampsitePermit,Less than 30ft,
Smileys,NS ,2,Full,CampsitePermit,Tents,
Five Islands,NB ,4,Full,CampsitePermit,Tents,
Laurie,BC ,1,Full,CampsitePermit,Tents,
Thomas Raddall,NS ,1,Full,CampsitePermit,Single Tent,
Whycocomagh,ON ,1,Full,CampsitePermit,Single Tent,
Graves Island,QC ,2,Full,CampsitePermit,Less than 30ft,
Rissers Beach,NS ,2,Senior,CampsitePermit,Less than 20ft,
Mira River,NS ,4,Full,CampsitePermit,Less than 30ft,
Five Islands,NS ,2,Full,CampsitePermit,Single Tent,
Whycocomagh,QC ,2,Full,CampsitePermit,Single Tent,
Graves Island,NS ,2,Full,CampsitePermit,Single Tent,
Caribou Munroes,NS ,2,Full,CampsitePermit,Single Tent,
Dollar Lake,NS ,2,Full,CampsitePermit,Less than 20ft,
Mira River,AB ,3,Full,CampsitePermit,Single Tent,
Rissers Beach,NS ,6,Full,CampsitePermit,Tents,
Caribou Munroes,NS ,5,Full,CampsitePermit,Single Tent,
Blomidon,NL ,1,Full,CampsitePermit,Single Tent,
Rissers Beach,NS ,2,Full,CampsitePermit,Less than 20ft,
Whycocomagh,NS ,4,Full,CampsitePermit,Single Tent,
Porters Lake,QC ,1,Full,CampsitePermit,Less than 20ft,
Caribou Munroes,QC ,2,Full,CampsitePermit,Less than 40ft,
Rissers Beach,ON ,2,Full,CampsitePermit,Single Tent,
Porters Lake,NS ,2,Full,CampsitePermit,Less than 20ft,
Whycocomagh,NS ,2,Full,CampsitePermit,Less than 30ft,
Blomidon,NS ,2,Full,CampsitePermit,Less than 30ft,
Porters Lake,QC ,5,Full,CampsitePermit,Single Tent,
Rissers Beach,NS ,3,Full,CampsitePermit,Tents,
Thomas Raddall,NS ,2,Full,CampsitePermit,Single Tent,
Blomidon,AB ,3,Full,CampsitePermit,Less than 30ft,
Mira River,AB ,2,Senior,CampsitePermit,Less than 30ft,
Amherst Shore,NS ,5,Full,CampsitePermit,Less than 30ft,
Blomidon,QC ,1,Full,CampsitePermit,Single Tent,
Dollar Lake,NS ,2,Full,CampsitePermit,Single Tent,
Blomidon,NS ,2,Full,CampsitePermit,Less than 20ft,
Blomidon,ON ,1,Full,CampsitePermit,Single Tent,
Battery,NS ,4,Full,CampsitePermit,Single Tent,
Rissers Beach,QC ,4,Full,CampsitePermit,Less than 20ft,
Five Islands,AB ,4,Full,CampsitePermit,Tents,
Porters Lake,NB ,6,Full,CampsitePermit,Tents,
Graves Island,NS ,5,Full,CampsitePermit,Less than 20ft,
Porters Lake,NS ,2,Full,CampsitePermit,Less than 20ft,
Blomidon,NS ,3,Full,CampsitePermit,Tents,
Porters Lake,NS ,2,Senior,CampsitePermit,Less than 20ft,
Rissers Beach,QC ,2,Full,CampsitePermit,Single Tent,
Thomas Raddall,NS ,1,Full,CampsitePermit,Single Tent,
Ellenwood Lake,NS ,4,Full,CampsitePermit,Single Tent,
Mira River,NS ,2,Full,CampsitePermit,Less than 20ft,
Caribou Munroes,NS ,4,Full,CampsitePermit,Tents,
Ellenwood Lake,QC ,2,Full,CampsitePermit,Single Tent,
Rissers Beach,NS ,3,Full,CampsitePermit,Less than 20ft,
Dollar Lake,NS ,5,Full,CampsitePermit,Less than 30ft,
Caribou Munroes,NS ,4,Full,CampsitePermit,Single Tent,
Five Islands,QC ,2,Full,CampsitePermit,Single Tent,
Five Islands,QC ,5,Full,CampsitePermit,Single Tent,
Rissers Beach,NS ,4,Full,CampsitePermit,Single Tent,
Rissers Beach,NS ,4,Full,CampsitePermit,Less than 40ft,
Mira River,NS ,5,Full,CampsitePermit,Single Tent,
Mira River,NS ,4,Full,CampsitePermit,Less than 30ft,
Dollar Lake,NS ,4,Full,CampsitePermit,Single Tent,
Porters Lake,BC ,1,Full,CampsitePermit,Single Tent,
Caribou Munroes,YT ,2,Full,CampsitePermit,Single Tent,
Blomidon,QC ,4,Full,CampsitePermit,Single Tent,
Ellenwood Lake,NS ,4,Full,CampsitePermit,Less than 20ft,
Thomas Raddall,QC ,2,Senior,CampsitePermit,Single Tent,
Smileys,NS ,2,Full,CampsitePermit,Less than 30ft,
Graves Island,NS ,3,Full,CampsitePermit,Less than 30ft,
Porters Lake,NS ,2,Full,CampsitePermit,Single Tent,
Graves Island,NS ,2,Full,CampsitePermit,Less than 20ft,
Graves Island,NS ,4,Full,CampsitePermit,Single Tent,
Rissers Beach,NL ,2,Full,CampsitePermit,Less than 30ft,
Rissers Beach,ON ,4,Full,CampsitePermit,Less than 30ft,
Thomas Raddall,BC ,2,Full,CampsitePermit,Less than 20ft,
Graves Island,QC ,1,Full,CampsitePermit,Single Tent,
Blomidon,NS ,3,Full,CampsitePermit,Single Tent,
Blomidon,NS ,1,Full,CampsitePermit,Single Tent,
Graves Island,NS ,2,Full,CampsitePermit,Tents,
Smileys,NS ,3,Full,CampsitePermit,Less than 30ft,
Caribou Munroes,NS ,3,Full,CampsitePermit,Less than 20ft,
Rissers Beach,NS ,2,Full,CampsitePermit,Less than 20ft,
Thomas Raddall,ON ,2,Full,CampsitePermit,Single Tent,
The Islands,ON ,4,Full,CampsitePermit,Single Tent,
Porters Lake,NS ,2,Full,CampsitePermit,Single Tent,
Five Islands,QC ,2,Full,CampsitePermit,Less than 30ft,
Graves Island,NS ,5,Full,CampsitePermit,Single Tent,
Caribou Munroes,NS ,2,Senior,CampsitePermit,Less than 20ft,
Mira River,NS ,2,Full,CampsitePermit,Less than 20ft,
Valleyview,NS ,2,Senior,CampsitePermit,Less than 20ft,
Graves Island,NS ,2,Full,CampsitePermit,Less than 30ft,
Smileys,NS ,3,Full,CampsitePermit,Less than 20ft,
Porters Lake,ON ,3,Full,CampsitePermit,Less than 20ft,
Dollar Lake,NS ,3,Full,CampsitePermit,Single Tent,
Five Islands,NB ,2,Full,CampsitePermit,Single Tent,
Porters Lake,NS ,4,Full,CampsitePermit,Less than 20ft,
Cape Chignecto,NB ,2,Full,BackcountryPermit,Single Tent,
Thomas Raddall,NS ,3,Full,CampsitePermit,Less than 20ft,
Amherst Shore,NB ,1,Full,CampsitePermit,Single Tent,
Porters Lake,NS ,3,Full,CampsitePermit,Single Tent,
Porters Lake,QC ,2,Full,CampsitePermit,Single Tent,
Caribou Munroes,ON ,2,Full,CampsitePermit,Single Tent,
Porters Lake,NS ,2,Full,CampsitePermit,Less than 30ft,
Five Islands,AB ,2,Senior,CampsitePermit,Less than 20ft,
Laurie,NS ,2,Full,CampsitePermit,Single Tent,
Graves Island,NS ,3,Full,CampsitePermit,Less than 40ft,
Whycocomagh,ON ,4,Full,CampsitePermit,Greater than 40ft,
Battery,QC ,4,Full,CampsitePermit,Single Tent,
Laurie,NS ,5,Full,CampsitePermit,Less than 30ft,
Mira River,QC ,2,Full,CampsitePermit,Tents,
Rissers Beach,NS ,2,Full,CampsitePermit,Single Tent,
Caribou Munroes,ON ,2,Full,CampsitePermit,Less than 30ft,
Smileys,NS ,3,Full,CampsitePermit,Single Tent,
Cape Chignecto,NS ,2,Full,BackcountryPermit,Single Tent,
Graves Island,NS ,2,Senior,CampsitePermit,Less than 30ft,
Thomas Raddall,NS ,5,Full,CampsitePermit,Single Tent,
Battery,NS ,6,Full,CampsitePermit,Less than 20ft,
Graves Island,NS ,2,Senior,CampsitePermit,Less than 30ft,
Mira River,ON ,3,Full,CampsitePermit,Tents,
Cape Chignecto,NB ,2,Full,BackcountryPermit,Single Tent,
Graves Island,ON ,2,Full,CampsitePermit,Less than 20ft,
Blomidon,NS ,3,Full,CampsitePermit,Single Tent,
Smileys,NS ,3,Full,CampsitePermit,Less than 20ft,
Blomidon,NS ,2,Full,CampsitePermit,Less than 20ft,
Graves Island,PE ,2,Full,CampsitePermit,Less than 20ft,
Whycocomagh,NB ,2,Full,CampsitePermit,Single Tent,
Five Islands,NS ,5,Full,CampsitePermit,Single Tent,
Graves Island,NS ,2,Full,CampsitePermit,Single Tent,
Graves Island,NS ,2,Full,CampsitePermit,Less than 20ft,
Cape Chignecto,NS ,4,Full,BackcountryPermit,Cabin,
Caribou Munroes,NS ,2,Full,CampsitePermit,Less than 20ft,
Blomidon,NS ,2,Full,CampsitePermit,Single Tent,
Graves Island,NB ,1,Full,CampsitePermit,Single Tent,
Ellenwood Lake,BC ,2,Full,CampsitePermit,Single Tent,
Porters Lake,NS ,2,Full,CampsitePermit,Single Tent,
Battery,NS ,2,Full,CampsitePermit,Less than 20ft,
Amherst Shore,QC ,2,Senior,CampsitePermit,Single Tent,
Whycocomagh,NS ,2,Full,CampsitePermit,Less than 30ft,
Caribou Munroes,NS ,3,Full,CampsitePermit,Single Tent,
Laurie,NS ,4,Full,CampsitePermit,Single Tent,
Mira River,NS ,2,Full,CampsitePermit,Less than 30ft,
Rissers Beach,NS ,2,Full,CampsitePermit,Less than 40ft,
Rissers Beach,NS ,2,Full,CampsitePermit,Less than 20ft,
Rissers Beach,NS ,2,Full,CampsitePermit,Less than 30ft,
Smileys,NS ,2,Full,CampsitePermit,Less than 20ft,
Ellenwood Lake,NS ,3,Full,CampsitePermit,Single Tent,
Caribou Munroes,NS ,4,Full,CampsitePermit,Single Tent,
Whycocomagh,QC ,1,Full,CampsitePermit,Single Tent,
Ellenwood Lake,NS ,2,Full,CampsitePermit,Less than 20ft,
Rissers Beach,NS ,4,Full,CampsitePermit,Less than 40ft,
The Islands,NS ,1,Full,CampsitePermit,Single Tent,
Five Islands,NS ,1,Full,CampsitePermit,Single Tent,
Rissers Beach,NS ,5,Full,CampsitePermit,Less than 40ft,
Porters Lake,QC ,2,Full,CampsitePermit,Single Tent,
Graves Island,NS ,2,Full,CampsitePermit,Less than 30ft,
Rissers Beach,NS ,2,Full,CampsitePermit,Single Tent,
Blomidon,NS ,1,Full,CampsitePermit,Single Tent,
Graves Island,NS ,1,Full,CampsitePermit,Less than 20ft,
Blomidon,NL ,2,Full,CampsitePermit,Single Tent,
Blomidon,NS ,4,Veteran,CampsitePermit,Single Tent,
Salsman,NS ,2,Full,CampsitePermit,Less than 30ft,
Ellenwood Lake,NS ,2,Full,CampsitePermit,Less than 20ft,
Blomidon,NS ,2,Full,CampsitePermit,Single Tent,
Amherst Shore,NL ,4,Full,CampsitePermit,Single Tent,
Mira River,NS ,5,Full,CampsitePermit,Less than 30ft,
Five Islands,ON ,3,Full,CampsitePermit,Tents,
Mira River,NS ,2,Senior,CampsitePermit,Less than 30ft,
Salsman,QC ,3,Full,CampsitePermit,Single Tent,
Rissers Beach,NS ,2,Full,CampsitePermit,Less than 20ft,
Thomas Raddall,NS ,4,Full,CampsitePermit,Single Tent,
Blomidon,NS ,4,Full,CampsitePermit,Single Tent,
Rissers Beach,NS ,2,Full,CampsitePermit,Less than 40ft,
Graves Island,ON ,2,Full,CampsitePermit,Single Tent,
Blomidon,NS ,4,Senior,CampsitePermit,Less than 30ft,
Porters Lake,NS ,2,Full,CampsitePermit,Single Tent,
Caribou Munroes,NS ,3,Full,CampsitePermit,Less than 20ft,
Mira River,QC ,2,Full,CampsitePermit,Less than 20ft,
Rissers Beach,NS ,2,Full,CampsitePermit,Less than 30ft,
Blomidon,QC ,2,Full,CampsitePermit,Single Tent,
Graves Island,NS ,2,Full,CampsitePermit,Less than 20ft,
Graves Island,AB ,2,Senior,CampsitePermit,Single Tent,
Mira River,NS ,5,Full,CampsitePermit,Single Tent,
Ellenwood Lake,NS ,2,Full,CampsitePermit,Single Tent,
Blomidon,NS ,1,Full,CampsitePermit,Single Tent,
Dollar Lake,NS ,4,Full,CampsitePermit,Single Tent,
Graves Island,NS ,2,Full,CampsitePermit,Less than 20ft,
Porters Lake,QC ,2,Full,CampsitePermit,Single Tent,
Thomas Raddall,NS ,4,Full,CampsitePermit,Tents,
Valleyview,NS ,1,Senior,CampsitePermit,Single Tent,
Graves Island,NS ,4,Full,CampsitePermit,Less than 30ft,
Rissers Beach,NS ,4,Full,CampsitePermit,Single Tent,
Whycocomagh,ON ,4,Full,CampsitePermit,Single Tent,
Rissers Beach,NS ,2,Full,CampsitePermit,Less than 30ft,
Amherst Shore,NB ,2,Full,CampsitePermit,Single Tent,
Dollar Lake,NS ,4,Full,CampsitePermit,Single Tent,
Laurie,NS ,4,Full,CampsitePermit,Single Tent,
Caribou Munroes,NS ,2,Full,CampsitePermit,Single Tent,
Battery,QC ,3,Full,CampsitePermit,Single Tent,
Rissers Beach,NS ,4,Full,CampsitePermit,Less than 20ft,
Battery,QC ,2,Senior,CampsitePermit,Single Tent,
Salsman,NS ,5,Full,CampsitePermit,Less than 20ft,
Boylston,NS ,2,Full,CampsitePermit,Less than 20ft,
Battery,QC ,2,Senior,CampsitePermit,Single Tent,
Graves Island,NS ,2,Full,CampsitePermit,Less than 40ft,
Smileys,NS ,4,Full,CampsitePermit,Less than 30ft,
Caribou Munroes,NS ,2,Full,CampsitePermit,Less than 20ft,
Mira River,NS ,4,Full,CampsitePermit,Less than 20ft,
Ellenwood Lake,AB ,2,Full,CampsitePermit,Less than 30ft,
Rissers Beach,NS ,4,Full,CampsitePermit,Less than 20ft,
Graves Island,NS ,2,Full,CampsitePermit,Less than 40ft,
Five Islands,ON ,1,Full,CampsitePermit,Single Tent,
Salsman,NS ,2,Full,CampsitePermit,Less than 20ft,
Graves Island,NS ,1,Full,CampsitePermit,Single Tent,
Mira River,NS ,2,Full,CampsitePermit,Less than 20ft,
Mira River,QC ,2,Full,CampsitePermit,Less than 20ft,
Blomidon,NS ,2,Full,CampsitePermit,Single Tent,
The Islands,AB ,2,Senior,CampsitePermit,Single Tent,
Salsman,NS ,2,Full,CampsitePermit,Single Tent,
Blomidon,NS ,2,Full,CampsitePermit,Less than 20ft,
Caribou Munroes,SK ,2,Full,CampsitePermit,Less than 20ft,
Whycocomagh,NS ,2,Full,CampsitePermit,Less than 30ft,
Smileys,NS ,2,Full,CampsitePermit,Less than 20ft,
Graves Island,NS ,6,Full,CampsitePermit,Tents,
Porters Lake,NS ,4,Full,CampsitePermit,Less than 30ft,
Rissers Beach,ON ,4,Full,CampsitePermit,Less than 40ft,
Whycocomagh,NS ,2,Full,CampsitePermit,Less than 30ft,
Five Islands,ON ,4,Full,CampsitePermit,Single Tent,
Amherst Shore,NS ,5,Full,CampsitePermit,Less than 20ft,
Graves Island,NS ,2,Full,CampsitePermit,Single Tent,
Smileys,NS ,2,Senior,CampsitePermit,Less than 30ft,
Dollar Lake,NS ,4,Full,CampsitePermit,Single Tent,
Graves Island,QC ,2,Full,CampsitePermit,Less than 20ft,
Dollar Lake,NS ,4,Full,CampsitePermit,Tents,
Blomidon,QC ,2,Full,CampsitePermit,Single Tent,
Rissers Beach,NS ,4,Full,CampsitePermit,Less than 30ft,
Mira River,NS ,5,Full,CampsitePermit,Single Tent,
Five Islands,NS ,3,Full,CampsitePermit,Tents,
Rissers Beach,NS ,2,Full,CampsitePermit,Less than 20ft,
Cape Chignecto,NB ,2,Full,BackcountryPermit,Single Tent,
Mira River,NS ,3,Full,CampsitePermit,Less than 20ft,
Amherst Shore,NS ,3,Full,CampsitePermit,Single Tent,
Dollar Lake,BC ,2,Full,CampsitePermit,Single Tent,
Dollar Lake,NS ,2,Full,CampsitePermit,Single Tent,
Whycocomagh,QC ,2,Full,CampsitePermit,Single Tent,
Caribou Munroes,NS ,2,Full,CampsitePermit,Single Tent,
Mira River,ON ,2,Full,CampsitePermit,Single Tent,
Laurie,NS ,4,Full,CampsitePermit,Less than 40ft,
Amherst Shore,ON ,2,Full,CampsitePermit,Less than 20ft,
Ellenwood Lake,NS ,2,Full,CampsitePermit,Single Tent,
Mira River,NS ,2,Veteran,CampsitePermit,Greater than 40ft,
Graves Island,NS ,4,Full,CampsitePermit,Single Tent,
Battery,QC ,2,Senior,CampsitePermit,Single Tent,
Ellenwood Lake,NS ,3,Full,CampsitePermit,Less than 20ft,
Smileys,NS ,2,Full,CampsitePermit,Single Tent,
Laurie,NS ,6,Full,CampsitePermit,Single Tent,
Rissers Beach,NS ,4,Full,CampsitePermit,Less than 30ft,
Smileys,NS ,6,Full,CampsitePermit,Single Tent,
Caribou Munroes,NS ,3,Full,CampsitePermit,Single Tent,
Rissers Beach,NS ,3,Full,CampsitePermit,Less than 30ft,
Smileys,NS ,5,Full,CampsitePermit,Less than 20ft,
Graves Island,ON ,1,Full,CampsitePermit,Single Tent,
Valleyview,NS ,2,Full,CampsitePermit,Less than 40ft,
Blomidon,NS ,2,Full,CampsitePermit,Single Tent,
Battery,QC ,5,Full,CampsitePermit,Single Tent,
Whycocomagh,ON ,4,Full,CampsitePermit,Single Tent,
Mira River,NS ,4,Full,CampsitePermit,Tents,
Laurie,NS ,2,Full,CampsitePermit,Single Tent,
Laurie,NS ,4,Full,CampsitePermit,Single Tent,
Porters Lake,NS ,2,Senior,CampsitePermit,Less than 30ft,
Ellenwood Lake,NS ,4,Full,CampsitePermit,Single Tent,
The Islands,NS ,4,Full,CampsitePermit,Less than 20ft,
Caribou Munroes,NS ,2,Full,CampsitePermit,Less than 30ft,
Graves Island,NS ,4,Full,CampsitePermit,Less than 30ft,
Amherst Shore,NS ,5,Full,CampsitePermit,Single Tent,
Ellenwood Lake,NS ,5,Full,CampsitePermit,Tents,
Blomidon,NS ,1,Full,CampsitePermit,Single Tent,
Blomidon,ON ,4,Full,CampsitePermit,Single Tent,
Thomas Raddall,NS ,6,Full,CampsitePermit,Tents,
Caribou Munroes,NS ,3,Full,CampsitePermit,Single Tent,
Graves Island,NS ,1,Senior,CampsitePermit,Single Tent,
Amherst Shore,NS ,4,Senior,CampsitePermit,Less than 30ft,
Caribou Munroes,NS ,4,Full,CampsitePermit,Less than 30ft,
Blomidon,NS ,1,Full,CampsitePermit,Single Tent,
Porters Lake,QC ,2,Full,CampsitePermit,Less than 20ft,
Graves Island,NS ,5,Full,CampsitePermit,Less than 40ft,
Graves Island,NS ,2,Full,CampsitePermit,Single Tent,
Amherst Shore,NS ,2,Full,CampsitePermit,Single Tent,
Mira River,QC ,2,Full,CampsitePermit,Less than 30ft,
Dollar Lake,NS ,4,Full,CampsitePermit,Single Tent,
Mira River,NS ,4,Full,CampsitePermit,Single Tent,
Dollar Lake,NS ,2,Full,CampsitePermit,Less than 30ft,
Amherst Shore,PE ,1,Full,CampsitePermit,Single Tent,
Caribou Munroes,QC ,5,Full,CampsitePermit,Single Tent,
Mira River,QC ,4,Full,CampsitePermit,Tents,
Caribou Munroes,NB ,2,Full,CampsitePermit,Single Tent,
Whycocomagh,NS ,1,Full,CampsitePermit,Single Tent,
Five Islands,QC ,2,Full,CampsitePermit,Tents,
Rissers Beach,NS ,1,Full,CampsitePermit,Single Tent,
Ellenwood Lake,NS ,2,Full,CampsitePermit,Less than 30ft,
Dollar Lake,NS ,2,Full,CampsitePermit,Single Tent,
Cape Chignecto,NS ,1,Full,BackcountryPermit,Single Tent,
Whycocomagh,QC ,1,Full,CampsitePermit,Less than 40ft,
Boylston,NS ,4,Full,CampsitePermit,Less than 20ft,
Ellenwood Lake,NS ,4,Full,CampsitePermit,Tents,
Cape Chignecto,NS ,4,Full,BackcountryPermit,Tents,
Rissers Beach,NS ,4,Full,CampsitePermit,Tents,
Mira River,NS ,3,Full,CampsitePermit,Less than 20ft,
Caribou Munroes,QC ,1,Senior,CampsitePermit,Single Tent,
Cape Chignecto,ON ,2,Full,BackcountryPermit,Single Tent,
Graves Island,QC ,2,Full,CampsitePermit,Single Tent,
Ellenwood Lake,NS ,2,Full,CampsitePermit,Single Tent,
Dollar Lake,NS ,6,Full,CampsitePermit,Single Tent,
Rissers Beach,NS ,2,Full,CampsitePermit,Less than 30ft,
Rissers Beach,NS ,3,Full,CampsitePermit,Less than 30ft,
Ellenwood Lake,NS ,6,Full,CampsitePermit,Single Tent,
Mira River,NS ,1,Veteran,CampsitePermit,Single Tent,
Mira River,QC ,3,Full,CampsitePermit,Less than 20ft,
Amherst Shore,NS ,5,Full,CampsitePermit,Single Tent,
Caribou Munroes,ON ,2,Full,CampsitePermit,Single Tent,
Graves Island,NS ,2,Senior,CampsitePermit,Less than 30ft,
Amherst Shore,NS ,2,Full,CampsitePermit,Single Tent,
Caribou Munroes,QC ,1,Full,CampsitePermit,Single Tent,
Caribou Munroes,QC ,2,Full,CampsitePermit,Less than 20ft,
Dollar Lake,BC ,2,Senior,CampsitePermit,Single Tent,
Thomas Raddall,NS ,2,Full,CampsitePermit,Less than 30ft,
Cape Chignecto,NS ,2,Full,BackcountryPermit,Single Tent,
Mira River,QC ,2,Full,CampsitePermit,Single Tent,
Amherst Shore,QC ,1,Full,CampsitePermit,Single Tent,
Rissers Beach,NS ,3,Full,CampsitePermit,Less than 20ft,
Ellenwood Lake,NS ,3,Full,CampsitePermit,Single Tent,
Caribou Munroes,NS ,2,Full,CampsitePermit,Less than 30ft,
Porters Lake,NS ,6,Full,CampsitePermit,Single Tent,
Mira River,NS ,3,Full,CampsitePermit,Less than 20ft,
Graves Island,NB ,1,Full,CampsitePermit,Single Tent,
Blomidon,NS ,1,Full,CampsitePermit,Single Tent,
Amherst Shore,QC ,2,Senior,CampsitePermit,Single Tent,
Caribou Munroes,NS ,5,Full,CampsitePermit,Less than 20ft,
Dollar Lake,NS ,2,Full,CampsitePermit,Single Tent,
Graves Island,QC ,4,Full,CampsitePermit,Less than 20ft,
Caribou Munroes,QC ,2,Full,CampsitePermit,Single Tent,
Rissers Beach,NS ,4,Veteran,CampsitePermit,Tents,
Graves Island,NS ,2,Full,CampsitePermit,Single Tent,
Whycocomagh,NS ,3,Full,CampsitePermit,Single Tent,
Porters Lake,NS ,2,Full,CampsitePermit,Single Tent,
Rissers Beach,NS ,2,Full,CampsitePermit,Less than 20ft,
Smileys,NS ,4,Full,CampsitePermit,Tents,
Rissers Beach,NS ,5,Full,CampsitePermit,Less than 30ft,
Caribou Munroes,NS ,8,Full,CampsitePermit,Single Tent,
Graves Island,NS ,2,Full,CampsitePermit,Less than 20ft,
Ellenwood Lake,NS ,2,Full,CampsitePermit,Single Tent,
Dollar Lake,NS ,4,Full,CampsitePermit,Single Tent,
Battery,QC ,2,Full,CampsitePermit,Single Tent,
Valleyview,NS ,2,Full,CampsitePermit,Single Tent,
Dollar Lake,NS ,4,Full,CampsitePermit,Single Tent,
Battery,NS ,2,Full,CampsitePermit,Single Tent,
Porters Lake,NS ,2,Full,CampsitePermit,Single Tent,
Rissers Beach,NS ,3,Full,CampsitePermit,Less than 30ft,
Caribou Munroes,NS ,4,Full,CampsitePermit,Less than 40ft,
Valleyview,NS ,3,Full,CampsitePermit,Less than 20ft,
Thomas Raddall,NS ,2,Full,CampsitePermit,Single Tent,
Graves Island,NS ,2,Full,CampsitePermit,Less than 40ft,
Thomas Raddall,NB ,2,Full,CampsitePermit,Single Tent,
Rissers Beach,QC ,2,Full,CampsitePermit,Single Tent,
Mira River,NS ,2,Full,CampsitePermit,Less than 30ft,
Mira River,NS ,2,Full,CampsitePermit,Single Tent,
Battery,ON ,2,Full,CampsitePermit,Single Tent,
Dollar Lake,NS ,4,Full,CampsitePermit,Single Tent,
Porters Lake,QC ,2,Full,CampsitePermit,Single Tent,
Rissers Beach,QC ,2,Full,CampsitePermit,Single Tent,
Thomas Raddall,NS ,2,Full,CampsitePermit,Less than 30ft,
Thomas Raddall,NS ,2,Full,CampsitePermit,Single Tent,
Dollar Lake,NS ,4,Full,CampsitePermit,Single Tent,
Mira River,NS ,2,Full,CampsitePermit,Less than 30ft,
Graves Island,NS ,2,Full,CampsitePermit,Tents,
Caribou Munroes,NS ,4,Full,CampsitePermit,Less than 20ft,
Graves Island,NS ,2,Full,CampsitePermit,Less than 20ft,
Graves Island,NS ,2,Full,CampsitePermit,Less than 20ft,
Thomas Raddall,NS ,2,Full,CampsitePermit,Less than 20ft,
Porters Lake,NS ,1,Full,CampsitePermit,Single Tent,
The Islands,NS ,3,Full,CampsitePermit,Single Tent,
Dollar Lake,NB ,6,Full,CampsitePermit,Tents,
Graves Island,NS ,3,Full,CampsitePermit,Tents,
The Islands,NS ,3,Full,CampsitePermit,Less than 20ft,
Dollar Lake,NS ,4,Full,CampsitePermit,Tents,
Caribou Munroes,NS ,4,Full,CampsitePermit,Single Tent,
Graves Island,NS ,2,Full,CampsitePermit,Single Tent,
Whycocomagh,AB ,2,Full,CampsitePermit,Less than 30ft,
Rissers Beach,ON ,3,Full,CampsitePermit,Tents,
Salsman,QC ,2,Full,CampsitePermit,Single Tent,
Laurie,QC ,4,Full,CampsitePermit,Less than 30ft,
Thomas Raddall,NS ,3,Full,CampsitePermit,Less than 30ft,
Caribou Munroes,AB ,2,Full,CampsitePermit,Single Tent,
Caribou Munroes,QC ,2,Full,CampsitePermit,Less than 30ft,
Caribou Munroes,NS ,4,Full,CampsitePermit,Tents,
The Islands,QC ,4,Full,CampsitePermit,Less than 20ft,
Dollar Lake,NS ,5,Full,CampsitePermit,Tents,
Porters Lake,NS ,6,Full,CampsitePermit,Single Tent,
Blomidon,NS ,4,Full,CampsitePermit,Tents,
Caribou Munroes,NS ,2,Full,CampsitePermit,Less than 20ft,
Smileys,NS ,4,Full,CampsitePermit,Single Tent,
Graves Island,NS ,6,Full,CampsitePermit,Less than 20ft,
Porters Lake,NS ,2,Full,CampsitePermit,Single Tent,
Porters Lake,NB ,4,Full,CampsitePermit,Single Tent,
Cape Chignecto,AB ,1,Full,BackcountryPermit,Single Tent,
Five Islands,NS ,2,Full,CampsitePermit,Less than 20ft,
Laurie,NS ,2,Full,CampsitePermit,Single Tent,
Dollar Lake,NS ,6,Full,CampsitePermit,Tents,
Graves Island,ON ,4,Full,CampsitePermit,Single Tent,
Cape Chignecto,NB ,2,Full,BackcountryPermit,Single Tent,
Dollar Lake,NS ,4,Full,CampsitePermit,Single Tent,
Graves Island,NS ,2,Full,CampsitePermit,Less than 20ft,
Valleyview,NS ,2,Full,CampsitePermit,Single Tent,
Amherst Shore,NB ,2,Full,CampsitePermit,Single Tent,
Dollar Lake,NS ,3,Full,CampsitePermit,Less than 20ft,
Mira River,NS ,4,Full,CampsitePermit,Less than 30ft,
Caribou Munroes,QC ,2,Full,CampsitePermit,Single Tent,
Caribou Munroes,NS ,2,Full,CampsitePermit,Less than 30ft,
Mira River,NS ,2,Full,CampsitePermit,Less than 20ft,
Laurie,NS ,2,Senior,CampsitePermit,Less than 30ft,
Dollar Lake,NS ,4,Full,CampsitePermit,Tents,
Caribou Munroes,NS ,2,Full,CampsitePermit,Less than 20ft,
Whycocomagh,NS ,2,Full,CampsitePermit,Less than 40ft,
Mira River,NS ,3,Full,CampsitePermit,Less than 40ft,
Five Islands,QC ,2,Full,CampsitePermit,Less than 30ft,
Caribou Munroes,NS ,3,Full,CampsitePermit,Less than 30ft,
Five Islands,NS ,2,Full,CampsitePermit,Single Tent,
Five Islands,ON ,2,Full,CampsitePermit,Single Tent,
Rissers Beach,NS ,3,Full,CampsitePermit,Less than 30ft,
Mira River,QC ,4,Full,CampsitePermit,Single Tent,
Mira River,QC ,2,Full,CampsitePermit,Single Tent,
Blomidon,NS ,2,Full,CampsitePermit,Less than 20ft,
Caribou Munroes,NS ,2,Full,CampsitePermit,Single Tent,
Amherst Shore,NS ,3,Full,CampsitePermit,Single Tent,
Thomas Raddall,NB ,1,Full,CampsitePermit,Single Tent,
Amherst Shore,NS ,5,Full,CampsitePermit,Single Tent,
Mira River,NS ,4,Full,CampsitePermit,Less than 20ft,
Caribou Munroes,ON ,2,Full,CampsitePermit,Single Tent,
Dollar Lake,NS ,2,Veteran,CampsitePermit,Less than 20ft,
Amherst Shore,NB ,4,Full,CampsitePermit,Less than 20ft,
Graves Island,ON ,2,Full,CampsitePermit,Less than 40ft,
Mira River,NS ,2,Full,CampsitePermit,Less than 20ft,
Blomidon,NS ,2,Full,CampsitePermit,Single Tent,
Caribou Munroes,NS ,2,Full,CampsitePermit,Less than 40ft,
Ellenwood Lake,NS ,2,Senior,CampsitePermit,Less than 20ft,
Amherst Shore,NS ,2,Full,CampsitePermit,Less than 20ft,
Whycocomagh,ON ,2,Senior,CampsitePermit,Less than 30ft,
Mira River,NS ,3,Full,CampsitePermit,Single Tent,
Thomas Raddall,NS ,2,Veteran,CampsitePermit,Less than 20ft,
Caribou Munroes,NS ,2,Full,CampsitePermit,Single Tent,
Amherst Shore,PE ,2,Full,CampsitePermit,Single Tent,
Mira River,QC ,2,Full,CampsitePermit,Single Tent,
The Islands,NS ,3,Full,CampsitePermit,Single Tent,
Blomidon,ON ,2,Full,CampsitePermit,Single Tent,
Caribou Munroes,NS ,3,Full,CampsitePermit,Less than 30ft,
Dollar Lake,NS ,2,Senior,CampsitePermit,Less than 20ft,
Rissers Beach,NS ,3,Full,CampsitePermit,Less than 30ft,
Blomidon,NS ,2,Full,CampsitePermit,Single Tent,
Mira River,NS ,2,Senior,CampsitePermit,Less than 30ft,
Caribou Munroes,ON ,4,Full,CampsitePermit,Tents,
Five Islands,QC ,3,Full,CampsitePermit,Less than 20ft,
Battery,AB ,2,Full,CampsitePermit,Single Tent,
Smileys,NS ,4,Senior,CampsitePermit,Less than 20ft,
Mira River,ON ,6,Full,CampsitePermit,Less than 40ft,
Porters Lake,NS ,4,Full,CampsitePermit,Less than 20ft,
Porters Lake,NS ,4,Full,CampsitePermit,Tents,
Rissers Beach,NS ,4,Full,CampsitePermit,Single Tent,
Mira River,ON ,2,Full,CampsitePermit,Single Tent,
Rissers Beach,NS ,2,Full,CampsitePermit,Single Tent,
Rissers Beach,NS ,2,Full,CampsitePermit,Less than 30ft,
Smileys,NS ,2,Senior,CampsitePermit,Less than 20ft,
Battery,NS ,2,Full,CampsitePermit,Single Tent,
Rissers Beach,NS ,2,Senior,CampsitePermit,Less than 20ft,
Ellenwood Lake,NS ,4,Full,CampsitePermit,Single Tent,
Whycocomagh,QC ,2,Full,CampsitePermit,Less than 30ft,
Mira River,NS ,2,Full,CampsitePermit,Less than 20ft,
Porters Lake,NS ,4,Full,CampsitePermit,Single Tent,
Thomas Raddall,NS ,2,Full,CampsitePermit,Tents,
Dollar Lake,NS ,2,Full,CampsitePermit,Less than 30ft,
Caribou Munroes,QC ,2,Full,CampsitePermit,Less than 20ft,
Porters Lake,NS ,6,Full,CampsitePermit,Less than 20ft,
Caribou Munroes,ON ,1,Full,CampsitePermit,Single Tent,
Dollar Lake,NS ,4,Full,CampsitePermit,Single Tent,
Ellenwood Lake,NS ,2,Full,CampsitePermit,Less than 20ft,
Dollar Lake,NS ,6,Full,CampsitePermit,Single Tent,
Mira River,NS ,2,Full,CampsitePermit,Less than 20ft,
Smileys,NS ,3,Full,CampsitePermit,Single Tent,
Ellenwood Lake,NS ,5,Full,CampsitePermit,Tents,
Porters Lake,NS ,2,Full,CampsitePermit,Single Tent,
Five Islands,NS ,4,Full,CampsitePermit,Tents,
Graves Island,QC ,3,Full,CampsitePermit,Less than 30ft,
Rissers Beach,BC ,3,Senior,CampsitePermit,Less than 20ft,
Mira River,NS ,3,Full,CampsitePermit,Tents,
Caribou Munroes,NS ,2,Senior,CampsitePermit,Less than 30ft,
Smileys,NS ,4,Full,CampsitePermit,Single Tent,
Graves Island,NS ,4,Full,CampsitePermit,Single Tent,
Mira River,NS ,4,Full,CampsitePermit,Single Tent,
Cape Chignecto,NS ,2,Full,BackcountryPermit,Single Tent,
Porters Lake,NS ,4,Full,CampsitePermit,Single Tent,
Caribou Munroes,NS ,1,Full,CampsitePermit,Less than 20ft,
Battery,NS ,4,Full,CampsitePermit,Single Tent,
Dollar Lake,NS ,5,Full,CampsitePermit,Single Tent,
Mira River,NS ,2,Veteran,CampsitePermit,Single Tent,
Smileys,NS ,4,Full,CampsitePermit,Greater than 40ft,
Caribou Munroes,NS ,2,Full,CampsitePermit,Single Tent,
Thomas Raddall,NS ,2,Senior,CampsitePermit,Less than 30ft,
Five Islands,QC ,3,Full,CampsitePermit,Less than 20ft,
Cape Chignecto,BC ,2,Full,BackcountryPermit,Single Tent,
Rissers Beach,NS ,5,Full,CampsitePermit,Tents,
Mira River,NS ,2,Full,CampsitePermit,Less than 20ft,
Rissers Beach,NS ,4,Full,CampsitePermit,Tents,
Dollar Lake,NS ,2,Full,CampsitePermit,Single Tent,
Graves Island,NS ,2,Full,CampsitePermit,Less than 40ft,
Ellenwood Lake,NS ,2,Full,CampsitePermit,Tents,
Dollar Lake,NS ,5,Senior,CampsitePermit,Less than 20ft,
Dollar Lake,NS ,4,Full,CampsitePermit,Single Tent,
Whycocomagh,NS ,2,Senior,CampsitePermit,Less than 30ft,
Salsman,NS ,2,Senior,CampsitePermit,Less than 30ft,
Five Islands,ON ,2,Full,CampsitePermit,Single Tent,
Smileys,NS ,2,Full,CampsitePermit,Single Tent,
Rissers Beach,NS ,4,Full,CampsitePermit,Less than 30ft,
Porters Lake,NS ,5,Full,CampsitePermit,Single Tent,
Battery,NS ,2,Senior,CampsitePermit,Single Tent,
Dollar Lake,NS ,4,Full,CampsitePermit,Less than 20ft,
Rissers Beach,NS ,2,Full,CampsitePermit,Single Tent,
Rissers Beach,NS ,2,Full,CampsitePermit,Less than 30ft,
Rissers Beach,NS ,6,Full,CampsitePermit,Tents,
Rissers Beach,ON ,2,Full,CampsitePermit,Single Tent,
Caribou Munroes,QC ,2,Full,CampsitePermit,Single Tent,
Five Islands,NS ,2,Full,CampsitePermit,Single Tent,
Blomidon,QC ,2,Full,CampsitePermit,Single Tent,
Whycocomagh,QC ,2,Full,CampsitePermit,Single Tent,
Mira River,ON ,2,Full,CampsitePermit,Single Tent,
Whycocomagh,ON ,2,Full,CampsitePermit,Less than 40ft,
Whycocomagh,QC ,2,Full,CampsitePermit,Single Tent,
Rissers Beach,NS ,2,Full,CampsitePermit,Less than 30ft,
Dollar Lake,NB ,1,Full,CampsitePermit,Single Tent,
Dollar Lake,NS ,2,Full,CampsitePermit,Single Tent,
Salsman,QC ,4,Full,CampsitePermit,Tents,
Rissers Beach,NS ,4,Full,CampsitePermit,Less than 30ft,
The Islands,NS ,4,Full,CampsitePermit,Less than 20ft,
Ellenwood Lake,NS ,3,Full,CampsitePermit,Single Tent,
Mira River,NB ,2,Full,CampsitePermit,Single Tent,
Graves Island,NS ,2,Full,CampsitePermit,Single Tent,
Caribou Munroes,NS ,2,Full,CampsitePermit,Single Tent,
Blomidon,NS ,2,Full,CampsitePermit,Single Tent,
Rissers Beach,NS ,4,Full,CampsitePermit,Less than 30ft,
Battery,NS ,5,Full,CampsitePermit,Less than 20ft,
Caribou Munroes,PE ,4,Full,CampsitePermit,Single Tent,
Five Islands,NS ,6,Full,CampsitePermit,Single Tent,
Five Islands,NS ,2,Full,CampsitePermit,Less than 20ft,
Porters Lake,ON ,2,Senior,CampsitePermit,Less than 40ft,
Mira River,NS ,2,Full,CampsitePermit,Less than 30ft,
Porters Lake,NS ,2,Full,CampsitePermit,Tents,
Laurie,NS ,5,Full,CampsitePermit,Less than 40ft,
Mira River,QC ,2,Full,CampsitePermit,Single Tent,
Rissers Beach,NS ,3,Full,CampsitePermit,Single Tent,
Dollar Lake,NS ,3,Full,CampsitePermit,Single Tent,
Mira River,NS ,7,Full,CampsitePermit,Tents,
Rissers Beach,NS ,3,Full,CampsitePermit,Single Tent,
Battery,NS ,2,Full,CampsitePermit,Single Tent,
Laurie,NS ,4,Full,CampsitePermit,Less than 40ft,
Amherst Shore,NS ,4,Full,CampsitePermit,Less than 30ft,
The Islands,ON ,2,Full,CampsitePermit,Less than 30ft,
The Islands,QC ,2,Full,CampsitePermit,Less than 20ft,
Dollar Lake,NS ,7,Full,CampsitePermit,Tents,
The Islands,BC ,2,Senior,CampsitePermit,Less than 20ft,
Porters Lake,NS ,2,Full,CampsitePermit,Single Tent,
Porters Lake,NS ,3,Full,CampsitePermit,Less than 20ft,
Porters Lake,ON ,2,Full,CampsitePermit,Single Tent,
Valleyview,QC ,2,Full,CampsitePermit,Single Tent,
Porters Lake,NS ,3,Full,CampsitePermit,Tents,
Dollar Lake,NS ,2,Veteran,CampsitePermit,Less than 30ft,
Smileys,NS ,2,Full,CampsitePermit,Single Tent,
Thomas Raddall,NS ,5,Full,CampsitePermit,Less than 40ft,
Whycocomagh,QC ,2,Full,CampsitePermit,Less than 30ft,
Caribou Munroes,AB ,2,Senior,CampsitePermit,Single Tent,
Graves Island,NS ,2,Full,CampsitePermit,Single Tent,
Mira River,NS ,5,Full,CampsitePermit,Single Tent,
Blomidon,NS ,2,Full,CampsitePermit,Single Tent,
Rissers Beach,NS ,6,Full,CampsitePermit,Tents,
Smileys,ON ,2,Full,CampsitePermit,Single Tent,
Graves Island,NS ,2,Full,CampsitePermit,Less than 30ft,
Blomidon,NS ,3,Full,CampsitePermit,Tents,
Whycocomagh,NS ,3,Full,YurtPermit,Tents,
Rissers Beach,NS ,2,Full,CampsitePermit,Less than 30ft,
Graves Island,NS ,4,Full,CampsitePermit,Single Tent,
Rissers Beach,NS ,2,Full,CampsitePermit,Less than 20ft,
Salsman,NS ,4,Full,CampsitePermit,Tents,
Five Islands,NS ,2,Full,CampsitePermit,Less than 20ft,
Battery,NS ,2,Full,CampsitePermit,Single Tent,
Porters Lake,NS ,4,Full,CampsitePermit,Single Tent,
Laurie,NS ,2,Full,CampsitePermit,Single Tent,
Five Islands,NS ,6,Full,CampsitePermit,Tents,
Rissers Beach,NS ,2,Full,CampsitePermit,Less than 30ft,
Caribou Munroes,NS ,4,Full,CampsitePermit,Less than 20ft,
Mira River,QC ,2,Full,CampsitePermit,Single Tent,
Mira River,NS ,2,Full,CampsitePermit,Single Tent,
Graves Island,NS ,1,Full,CampsitePermit,Single Tent,
Caribou Munroes,NS ,4,Full,CampsitePermit,Single Tent,
Porters Lake,NS ,1,Full,CampsitePermit,Single Tent,
Smileys,QC ,1,Full,CampsitePermit,Single Tent,
Graves Island,NS ,3,Senior,CampsitePermit,Less than 20ft,
Graves Island,AB ,5,Full,CampsitePermit,Less than 40ft,
Salsman,NS ,4,Full,CampsitePermit,Less than 30ft,
Caribou Munroes,AB ,6,Senior,CampsitePermit,Less than 20ft,
Graves Island,NS ,2,Full,CampsitePermit,Single Tent,
The Islands,NS ,2,Full,CampsitePermit,Single Tent,
Mira River,NS ,5,Full,CampsitePermit,Single Tent,
Amherst Shore,NS ,1,Full,CampsitePermit,Less than 20ft,
Cape Chignecto,NB ,4,Full,BackcountryPermit,Single Tent,
Cape Chignecto,NS ,2,Full,BackcountryPermit,Single Tent,
Laurie,NS ,3,Full,CampsitePermit,Single Tent,
Cape Chignecto,NS ,2,Full,BackcountryPermit,Single Tent,
Mira River,NS ,2,Full,CampsitePermit,Single Tent,
Porters Lake,NS ,4,Full,CampsitePermit,Single Tent,
Mira River,NS ,2,Senior,CampsitePermit,Single Tent,
Blomidon,NS ,3,Full,CampsitePermit,Single Tent,
Whycocomagh,ON ,1,Full,CampsitePermit,Less than 20ft,
Blomidon,BC ,2,Senior,CampsitePermit,Single Tent,
Dollar Lake,NS ,2,Full,CampsitePermit,Less than 20ft,
Mira River,NS ,5,Full,CampsitePermit,Single Tent,
Battery,ON ,2,Full,CampsitePermit,Less than 20ft,
Rissers Beach,QC ,1,Full,CampsitePermit,Single Tent,
Porters Lake,QC ,2,Full,CampsitePermit,Single Tent,
Amherst Shore,NS ,2,Full,CampsitePermit,Single Tent,
Amherst Shore,NS ,6,Full,CampsitePermit,Less than 40ft,
Caribou Munroes,QC ,2,Full,CampsitePermit,Less than 30ft,
Graves Island,QC ,4,Full,CampsitePermit,Less than 20ft,
Porters Lake,BC ,2,Full,CampsitePermit,Single Tent,
Cape Chignecto,NS ,2,Full,BackcountryPermit,Cabin,
Battery,ON ,2,Full,CampsitePermit,Single Tent,
Caribou Munroes,NS ,5,Full,CampsitePermit,Single Tent,
Graves Island,NS ,4,Full,CampsitePermit,Less than 20ft,
Graves Island,NS ,4,Senior,CampsitePermit,Less than 30ft,
Cape Chignecto,NS ,2,Full,BackcountryPermit,Single Tent,
Thomas Raddall,NS ,6,Full,CampsitePermit,Less than 20ft,
Thomas Raddall,NS ,2,Full,CampsitePermit,Less than 30ft,
Boylston,QC ,2,Full,CampsitePermit,Single Tent,
Battery,NS ,2,Full,CampsitePermit,Single Tent,
Cape Chignecto,NS ,2,Full,BackcountryPermit,Single Tent,
Caribou Munroes,SK ,2,Full,CampsitePermit,Less than 20ft,
Graves Island,NS ,2,Veteran,CampsitePermit,Single Tent,
Graves Island,NS ,4,Full,CampsitePermit,Single Tent,
Battery,NS ,3,Full,CampsitePermit,Single Tent,
Ellenwood Lake,NS ,4,Full,CampsitePermit,Less than 30ft,
Mira River,ON ,2,Full,CampsitePermit,Single Tent,
Amherst Shore,ON ,5,Full,CampsitePermit,Less than 30ft,
Five Islands,NS ,1,Full,CampsitePermit,Single Tent,
Mira River,NS ,3,Full,CampsitePermit,Less than 40ft,
Caribou Munroes,QC ,3,Full,CampsitePermit,Less than 20ft,
Cape Chignecto,NB ,2,Full,BackcountryPermit,Single Tent,
Battery,QC ,2,Full,CampsitePermit,Single Tent,
Dollar Lake,NS ,3,Full,CampsitePermit,Less than 20ft,
Graves Island,NS ,2,Senior,CampsitePermit,Single Tent,
Mira River,NS ,4,Full,CampsitePermit,Single Tent,
Battery,QC ,2,Full,CampsitePermit,Single Tent,
Mira River,NS ,5,Full,CampsitePermit,Tents,
Porters Lake,QC ,1,Full,CampsitePermit,Single Tent,
Rissers Beach,NS ,4,Full,CampsitePermit,Tents,
Whycocomagh,AB ,5,Full,YurtPermit,Tents,
Porters Lake,NS ,4,Full,CampsitePermit,Single Tent,
Ellenwood Lake,NS ,2,Full,CampsitePermit,Less than 20ft,
Graves Island,QC ,2,Full,CampsitePermit,Single Tent,
Amherst Shore,QC ,2,Senior,CampsitePermit,Single Tent,
Blomidon,NS ,3,Full,CampsitePermit,Single Tent,
Ellenwood Lake,NS ,6,Full,CampsitePermit,Less than 30ft,
Caribou Munroes,NS ,2,Senior,CampsitePermit,Less than 40ft,
Graves Island,NS ,2,Full,CampsitePermit,Tents,
Graves Island,QC ,2,Full,CampsitePermit,Single Tent,
Graves Island,NS ,3,Full,CampsitePermit,Single Tent,
Battery,ON ,2,Senior,CampsitePermit,Single Tent,
Mira River,NS ,1,Full,CampsitePermit,Single Tent,
Five Islands,NB ,4,Full,CampsitePermit,Tents,
Five Islands,NS ,4,Full,CampsitePermit,Less than 20ft,
Battery,NS ,2,Full,CampsitePermit,Single Tent,
Graves Island,NS ,1,Veteran,CampsitePermit,Less than 20ft,
Ellenwood Lake,QC ,2,Full,CampsitePermit,Single Tent,
Caribou Munroes,NS ,2,Full,CampsitePermit,Less than 20ft,
The Islands,NB ,4,Full,CampsitePermit,Single Tent,
Laurie,NS ,5,Full,CampsitePermit,Less than 30ft,
Dollar Lake,NS ,4,Full,CampsitePermit,Single Tent,
Whycocomagh,ON ,2,Full,CampsitePermit,Less than 20ft,
Graves Island,NS ,2,Senior,CampsitePermit,Less than 30ft,
Dollar Lake,NB ,4,Veteran,CampsitePermit,Tents,
Caribou Munroes,NS ,1,Senior,CampsitePermit,Single Tent,
Amherst Shore,NS ,1,Senior,CampsitePermit,Single Tent,
Whycocomagh,NS ,2,Full,CampsitePermit,Single Tent,
Valleyview,NB ,2,Senior,CampsitePermit,Less than 20ft,
Blomidon,BC ,3,Full,CampsitePermit,Single Tent,
Mira River,NS ,2,Full,CampsitePermit,Single Tent,
Thomas Raddall,NB ,2,Full,CampsitePermit,Single Tent,
Thomas Raddall,QC ,2,Full,CampsitePermit,Single Tent,
Caribou Munroes,NS ,5,Full,CampsitePermit,Less than 30ft,
Rissers Beach,ON ,2,Full,CampsitePermit,Less than 40ft,
Graves Island,NS ,2,Full,CampsitePermit,Less than 30ft,
Ellenwood Lake,NS ,2,Full,CampsitePermit,Single Tent,
Whycocomagh,QC ,2,Full,CampsitePermit,Less than 20ft,
Laurie,AB ,5,Full,CampsitePermit,Less than 40ft,
Ellenwood Lake,NS ,3,Full,CampsitePermit,Less than 30ft,
Mira River,NS ,2,Full,CampsitePermit,Less than 30ft,
Graves Island,QC ,1,Full,CampsitePermit,Single Tent,
Graves Island,NS ,6,Full,CampsitePermit,Single Tent,
Dollar Lake,NS ,5,Full,CampsitePermit,Single Tent,
Ellenwood Lake,AB ,1,Senior,CampsitePermit,Less than 30ft,
Amherst Shore,NS ,2,Senior,CampsitePermit,Single Tent,
Porters Lake,NS ,2,Full,CampsitePermit,Single Tent,
Blomidon,NS ,1,Full,CampsitePermit,Single Tent,
Graves Island,NS ,4,Full,CampsitePermit,Single Tent,
Thomas Raddall,NS ,6,Full,CampsitePermit,Tents,
Porters Lake,QC ,3,Full,CampsitePermit,Less than 30ft,
Five Islands,NS ,1,Full,CampsitePermit,Single Tent,
Five Islands,NS ,4,Full,CampsitePermit,Tents,
Amherst Shore,MB ,1,Senior,CampsitePermit,Single Tent,
The Islands,NS ,2,Full,CampsitePermit,Single Tent,
Rissers Beach,NS ,1,Full,CampsitePermit,Single Tent,
Caribou Munroes,NS ,5,Full,CampsitePermit,Single Tent,
Caribou Munroes,NS ,2,Full,CampsitePermit,Single Tent,
Rissers Beach,NS ,3,Full,CampsitePermit,Less than 30ft,
The Islands,NS ,3,Full,CampsitePermit,Single Tent,
Caribou Munroes,NS ,2,Senior,CampsitePermit,Less than 30ft,
Graves Island,NS ,4,Full,CampsitePermit,Single Tent,
Rissers Beach,NS ,3,Full,CampsitePermit,Less than 30ft,
Battery,NS ,2,Full,CampsitePermit,Less than 30ft,
Dollar Lake,NS ,5,Full,CampsitePermit,Tents,
Thomas Raddall,NB ,6,Full,CampsitePermit,Single Tent,
Blomidon,NS ,3,Full,CampsitePermit,Tents,
Rissers Beach,NS ,2,Full,CampsitePermit,Single Tent,
Graves Island,NS ,2,Senior,CampsitePermit,Less than 40ft,
Graves Island,NS ,2,Full,CampsitePermit,Single Tent,
Laurie,NS ,3,Full,CampsitePermit,Tents,
Mira River,NS ,3,Full,CampsitePermit,Less than 30ft,
Battery,NS ,4,Full,CampsitePermit,Less than 40ft,
Graves Island,ON ,3,Full,CampsitePermit,Less than 20ft,
Ellenwood Lake,NS ,3,Full,CampsitePermit,Tents,
Salsman,NS ,4,Full,CampsitePermit,Less than 40ft,
Amherst Shore,NS ,3,Full,CampsitePermit,Less than 30ft,
Blomidon,NS ,4,Full,CampsitePermit,Less than 20ft,
Graves Island,QC ,2,Full,CampsitePermit,Less than 30ft,
Caribou Munroes,NS ,2,Full,CampsitePermit,Less than 30ft,
Thomas Raddall,NS ,1,Full,CampsitePermit,Single Tent,
Ellenwood Lake,NS ,5,Full,CampsitePermit,Single Tent,
Rissers Beach,NS ,5,Senior,CampsitePermit,Less than 30ft,
Dollar Lake,NS ,3,Full,CampsitePermit,Single Tent,
Caribou Munroes,NS ,6,Full,CampsitePermit,Less than 30ft,
Graves Island,YT ,1,Full,CampsitePermit,Less than 20ft,
Caribou Munroes,QC ,2,Full,CampsitePermit,Single Tent,
Battery,NS ,2,Full,CampsitePermit,Single Tent,
Mira River,NS ,2,Full,CampsitePermit,Less than 40ft,
Rissers Beach,NS ,2,Senior,CampsitePermit,Tents,
Mira River,NS ,5,Full,CampsitePermit,Single Tent,
Graves Island,NS ,2,Full,CampsitePermit,Less than 20ft,
Laurie,NS ,4,Full,CampsitePermit,Tents,
Whycocomagh,NL ,2,Full,YurtPermit,Tents,
Amherst Shore,BC ,3,Full,CampsitePermit,Less than 20ft,
Thomas Raddall,NS ,2,Full,CampsitePermit,Single Tent,
Whycocomagh,QC ,3,Full,CampsitePermit,Less than 20ft,
Five Islands,NS ,2,Senior,CampsitePermit,Single Tent,
Laurie,NS ,6,Full,CampsitePermit,Less than 30ft,
Amherst Shore,QC ,2,Full,CampsitePermit,Single Tent,
Five Islands,ON ,1,Full,CampsitePermit,Single Tent,
Rissers Beach,NS ,1,Full,CampsitePermit,Single Tent,
Mira River,NS ,2,Full,CampsitePermit,Less than 30ft,
Valleyview,NS ,5,Full,CampsitePermit,Single Tent,
Rissers Beach,NS ,3,Full,CampsitePermit,Single Tent,
Amherst Shore,NS ,3,Full,CampsitePermit,Tents,
Rissers Beach,NS ,2,Full,CampsitePermit,Single Tent,
Cape Chignecto,NS ,3,Full,BackcountryPermit,Single Tent,
Caribou Munroes,NS ,2,Full,CampsitePermit,Single Tent,
Rissers Beach,NS ,2,Veteran,CampsitePermit,Less than 30ft,
Five Islands,NS ,4,Full,CampsitePermit,Less than 30ft,
Caribou Munroes,NS ,4,Full,CampsitePermit,Less than 30ft,
Laurie,NS ,4,Full,CampsitePermit,Less than 40ft,
Valleyview,NB ,2,Full,CampsitePermit,Less than 40ft,
Cape Chignecto,NB ,2,Full,BackcountryPermit,Single Tent,
Valleyview,NS ,11,Full,CampsitePermit,Single Tent,
Thomas Raddall,NS ,5,Full,CampsitePermit,Tents,
Caribou Munroes,NS ,2,Full,CampsitePermit,Single Tent,
Blomidon,NS ,2,Full,CampsitePermit,Single Tent,
Battery,ON ,2,Senior,CampsitePermit,Single Tent,
Graves Island,NS ,2,Full,CampsitePermit,Less than 20ft,
Mira River,NS ,1,Full,CampsitePermit,Single Tent,
Salsman,NS ,2,Senior,CampsitePermit,Greater than 40ft,
The Islands,NB ,2,Senior,CampsitePermit,Less than 20ft,
Rissers Beach,NS ,3,Full,CampsitePermit,Tents,
Salsman,NS ,6,Full,CampsitePermit,Tents,
Porters Lake,ON ,2,Full,CampsitePermit,Single Tent,
Rissers Beach,NS ,2,Full,CampsitePermit,Less than 30ft,
Porters Lake,NS ,2,Full,CampsitePermit,Less than 30ft,
Rissers Beach,NS ,6,Full,CampsitePermit,Less than 30ft,
Graves Island,NS ,2,Senior,CampsitePermit,Less than 20ft,
Porters Lake,NS ,4,Full,CampsitePermit,Single Tent,
Porters Lake,NS ,2,Full,CampsitePermit,Single Tent,
Rissers Beach,NS ,2,Full,CampsitePermit,Less than 30ft,
Rissers Beach,NS ,2,Senior,CampsitePermit,Less than 30ft,
The Islands,NS ,2,Senior,CampsitePermit,Single Tent,
Ellenwood Lake,NB ,2,Full,CampsitePermit,Single Tent,
Thomas Raddall,NS ,5,Full,CampsitePermit,Single Tent,
Five Islands,NS ,2,Full,CampsitePermit,Single Tent,
Rissers Beach,NS ,2,Full,CampsitePermit,Tents,
Cape Chignecto,NS ,3,Full,BackcountryPermit,Single Tent,
Mira River,NS ,2,Full,CampsitePermit,Single Tent,
Porters Lake,QC ,2,Full,CampsitePermit,Single Tent,
Caribou Munroes,NB ,2,Senior,CampsitePermit,Single Tent,
Ellenwood Lake,NS ,6,Full,CampsitePermit,Single Tent,
Five Islands,NS ,2,Full,CampsitePermit,Single Tent,
Mira River,NS ,2,Full,CampsitePermit,Greater than 40ft,
Caribou Munroes,QC ,2,Full,CampsitePermit,Single Tent,
Ellenwood Lake,NS ,5,Full,CampsitePermit,Tents,
Rissers Beach,NS ,1,Veteran,CampsitePermit,Less than 20ft,
Blomidon,NS ,2,Full,CampsitePermit,Single Tent,
Mira River,QC ,2,Full,CampsitePermit,Single Tent,
Cape Chignecto,NB ,4,Full,BackcountryPermit,Single Tent,
Caribou Munroes,NS ,2,Full,CampsitePermit,Less than 30ft,
Porters Lake,NS ,2,Full,CampsitePermit,Single Tent,
Dollar Lake,NS ,6,Full,CampsitePermit,Single Tent,
Cape Chignecto,NB ,1,Full,BackcountryPermit,Single Tent,
Thomas Raddall,NS ,2,Full,CampsitePermit,Less than 30ft,
Graves Island,NS ,4,Full,CampsitePermit,Tents,
Dollar Lake,NS ,3,Full,CampsitePermit,Single Tent,
Rissers Beach,NS ,1,Senior,CampsitePermit,Single Tent,
Caribou Munroes,ON ,4,Full,CampsitePermit,Less than 20ft,
Battery,NB ,2,Senior,CampsitePermit,Single Tent,
Graves Island,NS ,2,Full,CampsitePermit,Less than 30ft,
Rissers Beach,PE ,6,Full,CampsitePermit,Less than 20ft,
Cape Chignecto,NS ,1,Full,BackcountryPermit,Single Tent,
Mira River,ON ,4,Full,CampsitePermit,Single Tent,
Thomas Raddall,NS ,4,Full,CampsitePermit,Single Tent,
Valleyview,NS ,2,Full,CampsitePermit,Single Tent,
Blomidon,NS ,5,Full,CampsitePermit,Single Tent,
Battery,NS ,2,Full,CampsitePermit,Single Tent,
Rissers Beach,AB ,4,Full,CampsitePermit,Less than 30ft,
Five Islands,QC ,3,Full,CampsitePermit,Single Tent,
Five Islands,NB ,3,Senior,CampsitePermit,Single Tent,
Rissers Beach,NB ,3,Full,CampsitePermit,Single Tent,
Rissers Beach,NS ,4,Full,CampsitePermit,Tents,
Porters Lake,ON ,2,Full,CampsitePermit,Single Tent,
Whycocomagh,ON ,2,Full,CampsitePermit,Single Tent,
Battery,QC ,2,Full,CampsitePermit,Single Tent,
Blomidon,NS ,4,Full,CampsitePermit,Single Tent,
Rissers Beach,NS ,2,Full,CampsitePermit,Less than 20ft,
Ellenwood Lake,NS ,2,Full,CampsitePermit,Single Tent,
Five Islands,QC ,2,Full,CampsitePermit,Less than 30ft,
Blomidon,NS ,6,Full,CampsitePermit,Less than 20ft,
Mira River,ON ,5,Full,CampsitePermit,Less than 40ft,
Graves Island,AB ,2,Full,CampsitePermit,Single Tent,
Rissers Beach,ON ,4,Full,CampsitePermit,Less than 20ft,
Mira River,NS ,2,Full,CampsitePermit,Less than 30ft,
Valleyview,NS ,1,Full,CampsitePermit,Single Tent,
The Islands,NS ,1,Full,CampsitePermit,Single Tent,
Caribou Munroes,NS ,2,Full,CampsitePermit,Less than 20ft,
Dollar Lake,NS ,6,Full,CampsitePermit,Tents,
Salsman,NS ,6,Full,CampsitePermit,Less than 30ft,
Blomidon,QC ,2,Senior,CampsitePermit,Single Tent,
Mira River,ON ,3,Full,CampsitePermit,Less than 20ft,
Laurie,NS ,4,Full,CampsitePermit,Single Tent,
Ellenwood Lake,NS ,2,Full,CampsitePermit,Single Tent,
Five Islands,NS ,2,Full,CampsitePermit,Less than 20ft,
Blomidon,NS ,3,Veteran,CampsitePermit,Tents,
Amherst Shore,NS ,6,Full,CampsitePermit,Less than 30ft,
Smileys,NS ,2,Full,CampsitePermit,Less than 30ft,
Thomas Raddall,NB ,2,Full,CampsitePermit,Single Tent,
Thomas Raddall,NS ,4,Full,CampsitePermit,Less than 20ft,
Rissers Beach,NS ,3,Full,CampsitePermit,Less than 30ft,
Smileys,NS ,4,Full,CampsitePermit,Single Tent,
Blomidon,NS ,1,Full,CampsitePermit,Single Tent,
Dollar Lake,NS ,2,Full,CampsitePermit,Single Tent,
Mira River,NS ,2,Host,CampsitePermit,Less than 30ft,
Rissers Beach,NS ,5,Full,CampsitePermit,Single Tent,
Mira River,NS ,4,Senior,CampsitePermit,Less than 30ft,
Thomas Raddall,NS ,2,Full,CampsitePermit,Single Tent,
Graves Island,NS ,2,Full,CampsitePermit,Less than 20ft,
Graves Island,NS ,2,Full,CampsitePermit,Single Tent,
Rissers Beach,NS ,2,Senior,CampsitePermit,Less than 30ft,
Whycocomagh,ON ,2,Senior,CampsitePermit,Less than 30ft,
Rissers Beach,NS ,3,Full,CampsitePermit,Single Tent,
Caribou Munroes,ON ,4,Full,CampsitePermit,Single Tent,
Caribou Munroes,NS ,4,Full,CampsitePermit,Less than 40ft,
Porters Lake,NS ,2,Full,CampsitePermit,Less than 30ft,
Porters Lake,NS ,3,Full,CampsitePermit,Single Tent,
Amherst Shore,NB ,4,Full,CampsitePermit,Single Tent,
Graves Island,NS ,2,Full,CampsitePermit,Less than 30ft,
Ellenwood Lake,NS ,4,Full,CampsitePermit,Less than 30ft,
Dollar Lake,NS ,2,Full,CampsitePermit,Single Tent,
Caribou Munroes,NS ,9,Full,CampsitePermit,Tents,
Battery,NS ,3,Full,CampsitePermit,Single Tent,
Porters Lake,NS ,2,Full,CampsitePermit,Less than 30ft,
Rissers Beach,NS ,3,Full,CampsitePermit,Less than 20ft,
The Islands,NS ,2,Full,CampsitePermit,Single Tent,
Whycocomagh,NS ,3,Full,CampsitePermit,Single Tent,
Boylston,NS ,2,Full,CampsitePermit,Less than 20ft,
Five Islands,NS ,4,Full,CampsitePermit,Less than 20ft,
Valleyview,NS ,2,Full,CampsitePermit,Less than 20ft,
Dollar Lake,NS ,4,Full,CampsitePermit,Less than 40ft,
Laurie,NB ,2,Full,CampsitePermit,Single Tent,
Mira River,QC ,2,Senior,CampsitePermit,Single Tent,
Mira River,NS ,4,Full,CampsitePermit,Tents,
Amherst Shore,NS ,3,Full,CampsitePermit,Less than 40ft,
Laurie,NS ,4,Full,CampsitePermit,Single Tent,
Thomas Raddall,ON ,5,Full,CampsitePermit,Single Tent,
Mira River,QC ,2,Full,CampsitePermit,Single Tent,
Rissers Beach,NS ,2,Full,CampsitePermit,Less than 20ft,
Smileys,NS ,2,Full,CampsitePermit,Single Tent,
Rissers Beach,NS ,4,Full,CampsitePermit,Less than 20ft,
Caribou Munroes,NS ,2,Full,CampsitePermit,Less than 30ft,
Mira River,NS ,5,Full,CampsitePermit,Tents,
Mira River,NS ,2,Senior,CampsitePermit,Single Tent,
Mira River,NS ,4,Full,CampsitePermit,Less than 30ft,
Amherst Shore,NS ,4,Full,CampsitePermit,Single Tent,
Valleyview,NS ,2,Full,CampsitePermit,Single Tent,
Smileys,NS ,6,Full,CampsitePermit,Tents,
Dollar Lake,NS ,7,Full,CampsitePermit,Single Tent,
Smileys,NS ,6,Senior,CampsitePermit,Tents,
Mira River,NS ,3,Full,CampsitePermit,Less than 20ft,
Graves Island,NS ,2,Full,CampsitePermit,Less than 30ft,
Whycocomagh,QC ,2,Full,CampsitePermit,Less than 20ft,
Rissers Beach,NS ,4,Full,CampsitePermit,Less than 30ft,
Graves Island,NS ,2,Full,CampsitePermit,Single Tent,
Graves Island,NS ,2,Full,CampsitePermit,Less than 30ft,
Caribou Munroes,NS ,2,Full,CampsitePermit,Single Tent,
Mira River,NS ,2,Senior,CampsitePermit,Single Tent,
Porters Lake,NS ,2,Full,CampsitePermit,Single Tent,
Laurie,NS ,2,Senior,CampsitePermit,Tents,
Rissers Beach,NS ,6,Full,CampsitePermit,Tents,
Blomidon,NS ,5,Full,CampsitePermit,Single Tent,
Mira River,AB ,5,Full,CampsitePermit,Less than 40ft,
Graves Island,NS ,2,Full,CampsitePermit,Less than 40ft,
Blomidon,NS ,2,Full,CampsitePermit,Less than 20ft,
Cape Chignecto,NB ,2,Full,BackcountryPermit,Single Tent,
Cape Chignecto,NS ,2,Full,BackcountryPermit,Single Tent,
Laurie,ON ,5,Full,CampsitePermit,Less than 20ft,
Battery,NS ,5,Veteran,CampsitePermit,Single Tent,
Dollar Lake,NS ,5,Full,CampsitePermit,Single Tent,
Whycocomagh,NS ,2,Full,CampsitePermit,Less than 20ft,
Battery,ON ,2,Full,CampsitePermit,Less than 30ft,
Caribou Munroes,QC ,3,Full,CampsitePermit,Less than 30ft,
Porters Lake,ON ,2,Full,CampsitePermit,Less than 20ft,
Dollar Lake,NS ,3,Full,CampsitePermit,Single Tent,
Laurie,SK ,2,Full,CampsitePermit,Single Tent,
Amherst Shore,NS ,5,Full,CampsitePermit,Single Tent,
Mira River,QC ,2,Full,CampsitePermit,Less than 20ft,
Mira River,NS ,1,Veteran,CampsitePermit,Single Tent,
Dollar Lake,NS ,4,Full,CampsitePermit,Single Tent,
Valleyview,NS ,1,Full,CampsitePermit,Single Tent,
Caribou Munroes,NS ,2,Full,CampsitePermit,Less than 30ft,
Dollar Lake,NS ,4,Full,CampsitePermit,Single Tent,
Porters Lake,NS ,2,Full,CampsitePermit,Less than 30ft,
Porters Lake,QC ,1,Full,CampsitePermit,Single Tent,
Mira River,NS ,2,Full,CampsitePermit,Less than 30ft,
Thomas Raddall,NS ,2,Full,CampsitePermit,Single Tent,
Mira River,QC ,2,Senior,CampsitePermit,Less than 20ft,
Valleyview,ON ,2,Veteran,CampsitePermit,Single Tent,
Battery,NS ,2,Full,CampsitePermit,Single Tent,
Caribou Munroes,NB ,2,Full,CampsitePermit,Tents,
Thomas Raddall,NS ,6,Full,CampsitePermit,Single Tent,
Blomidon,NS ,2,Veteran,CampsitePermit,Single Tent,
Five Islands,NS ,4,Full,CampsitePermit,Single Tent,
Thomas Raddall,NS ,6,Full,CampsitePermit,Tents,
Five Islands,NS ,2,Full,CampsitePermit,Single Tent,
Cape Chignecto,ON ,2,Full,BackcountryPermit,Single Tent,
Laurie,ON ,1,Full,CampsitePermit,Single Tent,
Rissers Beach,NS ,2,Full,CampsitePermit,Single Tent,
Caribou Munroes,ON ,4,Full,CampsitePermit,Less than 20ft,
Graves Island,NS ,4,Full,CampsitePermit,Less than 40ft,
Boylston,NS ,2,Full,CampsitePermit,Single Tent,
Thomas Raddall,NS ,2,Full,CampsitePermit,Less than 30ft,
The Islands,AB ,1,Full,CampsitePermit,Single Tent,
Porters Lake,NS ,6,Full,CampsitePermit,Less than 30ft,
Five Islands,BC ,2,Full,CampsitePermit,Less than 30ft,
Rissers Beach,BC ,5,Full,CampsitePermit,Single Tent,
Graves Island,QC ,1,Full,CampsitePermit,Single Tent,
Graves Island,NS ,2,Full,CampsitePermit,Single Tent,
Five Islands,NB ,6,Full,CampsitePermit,Single Tent,
Caribou Munroes,NS ,2,Senior,CampsitePermit,Less than 20ft,
Mira River,NS ,6,Full,CampsitePermit,Less than 20ft,
Porters Lake,NS ,5,Full,CampsitePermit,Single Tent,
Whycocomagh,ON ,2,Senior,CampsitePermit,Less than 20ft,
Rissers Beach,NS ,4,Full,CampsitePermit,Single Tent,
Amherst Shore,NS ,3,Full,CampsitePermit,Less than 20ft,
Thomas Raddall,NS ,5,Full,CampsitePermit,Single Tent,
Cape Chignecto,NS ,1,Full,BackcountryPermit,Single Tent,
Blomidon,NS ,4,Full,CampsitePermit,Tents,
Ellenwood Lake,NS ,4,Full,CampsitePermit,Less than 30ft,
Ellenwood Lake,NS ,7,Full,CampsitePermit,Single Tent,
Mira River,BC ,2,Full,CampsitePermit,Less than 20ft,
Caribou Munroes,NS ,3,Full,CampsitePermit,Less than 20ft,
Five Islands,ON ,6,Full,CampsitePermit,Less than 30ft,
Graves Island,NS ,3,Senior,CampsitePermit,Less than 20ft,
Caribou Munroes,NS ,2,Full,CampsitePermit,Single Tent,
Caribou Munroes,NS ,2,Senior,CampsitePermit,Single Tent,
Smileys,NS ,2,Full,CampsitePermit,Less than 30ft,
Rissers Beach,AB ,4,Full,CampsitePermit,Single Tent,
Caribou Munroes,SK ,6,Full,CampsitePermit,Less than 20ft,
Graves Island,QC ,4,Full,CampsitePermit,Less than 30ft,
Mira River,QC ,4,Full,CampsitePermit,Single Tent,
Smileys,NS ,3,Full,CampsitePermit,Single Tent,
Laurie,NS ,2,Full,CampsitePermit,Less than 30ft,
Amherst Shore,NS ,2,Full,CampsitePermit,Single Tent,
Thomas Raddall,NS ,2,Full,CampsitePermit,Less than 20ft,
Ellenwood Lake,NS ,2,Full,CampsitePermit,Single Tent,
Porters Lake,NS ,2,Full,CampsitePermit,Less than 20ft,
Rissers Beach,NS ,4,Full,CampsitePermit,Less than 20ft,
Five Islands,NS ,2,Full,CampsitePermit,Less than 30ft,
Salsman,QC ,2,Full,CampsitePermit,Single Tent,
Rissers Beach,NS ,3,Full,CampsitePermit,Less than 20ft,
Blomidon,NS ,2,Veteran,CampsitePermit,Single Tent,
Mira River,NS ,1,Full,CampsitePermit,Single Tent,
Laurie,NS ,3,Full,CampsitePermit,Less than 20ft,
Laurie,ON ,1,Full,CampsitePermit,Single Tent,
Mira River,NS ,2,Full,CampsitePermit,Single Tent,
Porters Lake,NS ,3,Full,CampsitePermit,Less than 20ft,
Laurie,NL ,2,Full,CampsitePermit,Less than 40ft,
Blomidon,QC ,2,Full,CampsitePermit,Single Tent,
Blomidon,NS ,4,Full,CampsitePermit,Tents,
Whycocomagh,NS ,3,Full,CampsitePermit,Single Tent,
Thomas Raddall,NS ,4,Full,CampsitePermit,Single Tent,
Smileys,NS ,2,Full,CampsitePermit,Less than 20ft,
Thomas Raddall,NS ,2,Full,CampsitePermit,Less than 40ft,
Porters Lake,NS ,5,Full,CampsitePermit,Tents,
Amherst Shore,AB ,2,Full,CampsitePermit,Single Tent,
Thomas Raddall,NS ,4,Full,CampsitePermit,Tents,
Porters Lake,NS ,4,Full,CampsitePermit,Tents,
Thomas Raddall,NS ,2,Full,CampsitePermit,Single Tent,
Caribou Munroes,NS ,6,Senior,CampsitePermit,Less than 30ft,
Porters Lake,NB ,2,Full,CampsitePermit,Single Tent,
Laurie,NB ,3,Full,CampsitePermit,Single Tent,
Amherst Shore,NS ,3,Full,CampsitePermit,Single Tent,
Battery,QC ,2,Full,CampsitePermit,Single Tent,
Ellenwood Lake,NS ,1,Full,CampsitePermit,Single Tent,
Five Islands,ON ,4,Full,CampsitePermit,Tents,
Dollar Lake,NS ,2,Full,CampsitePermit,Single Tent,
Whycocomagh,ON ,2,Senior,CampsitePermit,Less than 30ft,
Thomas Raddall,NS ,1,Full,CampsitePermit,Less than 20ft,
Mira River,NS ,3,Full,CampsitePermit,Less than 30ft,
Mira River,QC ,4,Senior,CampsitePermit,Single Tent,
Mira River,NS ,5,Full,CampsitePermit,Single Tent,
Graves Island,NS ,4,Full,CampsitePermit,Less than 30ft,
Mira River,NS ,2,Full,CampsitePermit,Less than 30ft,
Rissers Beach,NS ,3,Full,CampsitePermit,Single Tent,
Thomas Raddall,NS ,2,Full,CampsitePermit,Single Tent,
Rissers Beach,NS ,5,Senior,CampsitePermit,Tents,
Mira River,NS ,5,Full,CampsitePermit,Less than 40ft,
Thomas Raddall,NS ,4,Full,CampsitePermit,Less than 20ft,
Dollar Lake,NS ,2,Veteran,CampsitePermit,Single Tent,
Laurie,NS ,4,Full,CampsitePermit,Less than 20ft,
Blomidon,NS ,3,Full,CampsitePermit,Less than 20ft,
Blomidon,NS ,4,Full,CampsitePermit,Tents,
Thomas Raddall,NS ,1,Full,CampsitePermit,Single Tent,
Smileys,NS ,5,Full,CampsitePermit,Less than 30ft,
Mira River,NS ,2,Full,CampsitePermit,Single Tent,
Ellenwood Lake,NS ,2,Full,CampsitePermit,Less than 20ft,
Caribou Munroes,NS ,2,Full,CampsitePermit,Single Tent,
Blomidon,NS ,4,Full,CampsitePermit,Tents,
Rissers Beach,NS ,5,Full,CampsitePermit,Single Tent,
Laurie,NS ,6,Full,CampsitePermit,Single Tent,
Mira River,NS ,4,Full,CampsitePermit,Tents,
Rissers Beach,NS ,2,Full,CampsitePermit,Less than 30ft,
Thomas Raddall,NS ,3,Full,CampsitePermit,Tents,
Graves Island,NS ,3,Full,CampsitePermit,Single Tent,
Rissers Beach,AB ,2,Full,CampsitePermit,Single Tent,
Mira River,NS ,6,Full,CampsitePermit,Tents,
Porters Lake,NS ,3,Veteran,CampsitePermit,Less than 40ft,
Graves Island,NS ,2,Full,CampsitePermit,Less than 30ft,
Ellenwood Lake,NS ,3,Full,CampsitePermit,Single Tent,
Mira River,NS ,5,Full,CampsitePermit,Less than 30ft,
Five Islands,NB ,4,Full,CampsitePermit,Tents,
Thomas Raddall,NS ,2,Full,CampsitePermit,Single Tent,
Porters Lake,ON ,2,Full,CampsitePermit,Less than 30ft,
Whycocomagh,QC ,3,Full,CampsitePermit,Less than 20ft,
Caribou Munroes,NS ,2,Full,CampsitePermit,Less than 20ft,
Porters Lake,NS ,6,Full,CampsitePermit,Tents,
Thomas Raddall,NS ,2,Full,CampsitePermit,Single Tent,
Salsman,NS ,2,Senior,CampsitePermit,Less than 30ft,
Five Islands,NS ,2,Full,CampsitePermit,Less than 20ft,
Laurie,NS ,2,Full,CampsitePermit,Less than 20ft,
Battery,ON ,2,Senior,CampsitePermit,Less than 40ft,
Blomidon,NS ,2,Full,CampsitePermit,Single Tent,
Whycocomagh,QC ,6,Full,CampsitePermit,Less than 30ft,
Rissers Beach,NS ,3,Veteran,CampsitePermit,Single Tent,
Graves Island,QC ,4,Full,CampsitePermit,Single Tent,
Smileys,NS ,2,Full,CampsitePermit,Single Tent,
Battery,ON ,1,Full,CampsitePermit,Single Tent,
Blomidon,NS ,2,Full,CampsitePermit,Single Tent,
Dollar Lake,NS ,2,Full,CampsitePermit,Less than 30ft,
Thomas Raddall,NS ,2,Full,CampsitePermit,Single Tent,
Graves Island,NS ,1,Full,CampsitePermit,Single Tent,
Ellenwood Lake,NS ,8,Full,CampsitePermit,Single Tent,
Porters Lake,NS ,2,Senior,CampsitePermit,Less than 20ft,
Rissers Beach,NS ,2,Full,CampsitePermit,Less than 20ft,
Rissers Beach,NS ,2,Veteran,CampsitePermit,Less than 20ft,
Valleyview,NS ,1,Senior,CampsitePermit,Single Tent,
Dollar Lake,NS ,2,Full,CampsitePermit,Single Tent,
Whycocomagh,QC ,1,Senior,CampsitePermit,Single Tent,
Caribou Munroes,NS ,6,Full,CampsitePermit,Tents,
Rissers Beach,NS ,4,Full,CampsitePermit,Less than 30ft,
Mira River,QC ,2,Full,CampsitePermit,Less than 20ft,
Boylston,AB ,2,Full,CampsitePermit,Single Tent,
Amherst Shore,QC ,2,Senior,CampsitePermit,Less than 30ft,
Amherst Shore,NB ,2,Full,CampsitePermit,Single Tent,
Cape Chignecto,NS ,2,Full,BackcountryPermit,Single Tent,
Laurie,NS ,2,Full,CampsitePermit,Less than 30ft,
Blomidon,QC ,2,Full,CampsitePermit,Less than 20ft,
Dollar Lake,NS ,3,Full,CampsitePermit,Single Tent,
Dollar Lake,NS ,5,Full,CampsitePermit,Single Tent,
Mira River,NS ,4,Full,CampsitePermit,Less than 20ft,
Dollar Lake,NS ,3,Full,CampsitePermit,Single Tent,
Smileys,NS ,4,Full,CampsitePermit,Single Tent,
Five Islands,NB ,2,Full,CampsitePermit,Single Tent,
Cape Chignecto,NS ,2,Full,BackcountryPermit,Single Tent,
Caribou Munroes,NS ,4,Full,CampsitePermit,Single Tent,
Thomas Raddall,QC ,2,Full,CampsitePermit,Single Tent,
The Islands,NS ,4,Full,CampsitePermit,Less than 30ft,
Whycocomagh,ON ,2,Full,CampsitePermit,Single Tent,
Rissers Beach,NS ,4,Full,CampsitePermit,Less than 30ft,
Rissers Beach,NS ,2,Full,CampsitePermit,Less than 30ft,
Battery,NS ,2,Full,CampsitePermit,Single Tent,
Caribou Munroes,AB ,5,Full,CampsitePermit,Less than 40ft,
Caribou Munroes,QC ,2,Full,CampsitePermit,Single Tent,
Salsman,QC ,4,Full,CampsitePermit,Single Tent,
Rissers Beach,NS ,4,Full,CampsitePermit,Less than 20ft,
The Islands,NS ,2,Full,CampsitePermit,Less than 20ft,
Amherst Shore,ON ,2,Senior,CampsitePermit,Single Tent,
Whycocomagh,BC ,2,Full,CampsitePermit,Less than 20ft,
Porters Lake,NS ,6,Full,CampsitePermit,Tents,
Laurie,NS ,4,Veteran,CampsitePermit,Tents,
Rissers Beach,NS ,3,Full,CampsitePermit,Single Tent,
Rissers Beach,NS ,4,Full,CampsitePermit,Less than 30ft,
Valleyview,NB ,2,Full,CampsitePermit,Single Tent,
Dollar Lake,NS ,3,Full,CampsitePermit,Single Tent,
Caribou Munroes,QC ,2,Full,CampsitePermit,Single Tent,
Blomidon,QC ,5,Full,CampsitePermit,Tents,
Rissers Beach,NS ,1,Full,CampsitePermit,Less than 20ft,
Mira River,NS ,3,Full,CampsitePermit,Less than 30ft,
Five Islands,ON ,3,Full,CampsitePermit,Single Tent,
Mira River,NS ,3,Full,CampsitePermit,Single Tent,
Mira River,NS ,4,Full,CampsitePermit,Less than 40ft,
Rissers Beach,NS ,1,Full,CampsitePermit,Less than 30ft,
Caribou Munroes,NS ,2,Full,CampsitePermit,Less than 20ft,
Mira River,NS ,6,Full,CampsitePermit,Tents,
Dollar Lake,NS ,3,Senior,CampsitePermit,Single Tent,
Mira River,NS ,1,Full,CampsitePermit,Less than 40ft,
Porters Lake,NS ,4,Full,CampsitePermit,Tents,
Rissers Beach,NS ,2,Full,CampsitePermit,Tents,
Dollar Lake,NS ,2,Full,CampsitePermit,Less than 20ft,
Battery,NS ,5,Full,CampsitePermit,Less than 20ft,
Laurie,NS ,2,Full,CampsitePermit,Single Tent,
Mira River,BC ,1,Full,CampsitePermit,Less than 20ft,
Dollar Lake,NS ,2,Full,CampsitePermit,Single Tent,
Dollar Lake,NS ,2,Full,CampsitePermit,Single Tent,
Dollar Lake,NS ,3,Full,CampsitePermit,Single Tent,
Thomas Raddall,NS ,2,Full,CampsitePermit,Less than 20ft,
Dollar Lake,NS ,4,Full,CampsitePermit,Tents,
Laurie,NS ,2,Full,CampsitePermit,Single Tent,
Caribou Munroes,QC ,2,Full,CampsitePermit,Single Tent,
Rissers Beach,NS ,4,Senior,CampsitePermit,Single Tent,
Graves Island,ON ,2,Full,CampsitePermit,Tents,
Dollar Lake,NB ,2,Full,CampsitePermit,Single Tent,
Valleyview,QC ,1,Full,CampsitePermit,Single Tent,
Rissers Beach,NB ,2,Full,CampsitePermit,Single Tent,
Blomidon,NS ,2,Full,CampsitePermit,Single Tent,
Amherst Shore,NS ,2,Full,CampsitePermit,Less than 30ft,
The Islands,NS ,1,Full,CampsitePermit,Single Tent,
Thomas Raddall,BC ,2,Full,CampsitePermit,Single Tent,
Rissers Beach,NS ,2,Full,CampsitePermit,Single Tent,
Porters Lake,NS ,3,Full,CampsitePermit,Less than 20ft,
Laurie,QC ,3,Full,CampsitePermit,Tents,
Amherst Shore,ON ,2,Senior,CampsitePermit,Less than 30ft,
Whycocomagh,ON ,4,Senior,CampsitePermit,Less than 30ft,
Blomidon,ON ,2,Full,CampsitePermit,Single Tent,
Five Islands,ON ,2,Full,CampsitePermit,Single Tent,
Laurie,QC ,2,Full,CampsitePermit,Single Tent,
Mira River,ON ,5,Full,CampsitePermit,Single Tent,
Valleyview,NS ,2,Full,CampsitePermit,Single Tent,
Smileys,NS ,2,Full,CampsitePermit,Less than 30ft,
Caribou Munroes,NS ,3,Senior,CampsitePermit,Less than 30ft,
Porters Lake,NS ,4,Full,CampsitePermit,Single Tent,
Dollar Lake,NS ,2,Full,CampsitePermit,Single Tent,
Laurie,QC ,4,Full,CampsitePermit,Single Tent,
Rissers Beach,NS ,2,Full,CampsitePermit,Less than 20ft,
Whycocomagh,NS ,3,Full,CampsitePermit,Tents,
Whycocomagh,NS ,2,Senior,CampsitePermit,Less than 20ft,
Laurie,NS ,2,Full,CampsitePermit,Single Tent,
Smileys,NS ,2,Full,CampsitePermit,Less than 20ft,
Blomidon,NB ,2,Full,CampsitePermit,Single Tent,
Battery,NS ,4,Full,CampsitePermit,Less than 20ft,
Amherst Shore,QC ,2,Senior,CampsitePermit,Single Tent,
Dollar Lake,NS ,2,Full,CampsitePermit,Tents,
Smileys,QC ,2,Full,CampsitePermit,Less than 20ft,
Graves Island,NS ,2,Full,CampsitePermit,Less than 20ft,
Ellenwood Lake,NS ,8,Full,CampsitePermit,Less than 30ft,
Mira River,NS ,2,Senior,CampsitePermit,Less than 30ft,
Laurie,NS ,3,Full,CampsitePermit,Single Tent,
Rissers Beach,NS ,6,Full,CampsitePermit,Tents,
Blomidon,QC ,2,Full,CampsitePermit,Single Tent,
Five Islands,QC ,2,Full,CampsitePermit,Single Tent,
Caribou Munroes,NS ,4,Full,CampsitePermit,Less than 30ft,
Graves Island,NS ,3,Full,CampsitePermit,Less than 30ft,
Five Islands,NS ,2,Senior,CampsitePermit,Less than 20ft,
Five Islands,NS ,3,Full,CampsitePermit,Single Tent,
Smileys,NS ,2,Full,CampsitePermit,Single Tent,
Dollar Lake,NS ,2,Full,CampsitePermit,Single Tent,
Smileys,PE ,2,Full,CampsitePermit,Single Tent,
Five Islands,NB ,4,Full,CampsitePermit,Tents,
Caribou Munroes,QC ,2,Full,CampsitePermit,Less than 20ft,
Rissers Beach,NS ,5,Full,CampsitePermit,Less than 30ft,
Blomidon,NS ,2,Full,CampsitePermit,Single Tent,
Mira River,NS ,4,Full,CampsitePermit,Single Tent,
Battery,NS ,2,Senior,CampsitePermit,Single Tent,
Amherst Shore,ON ,2,Full,CampsitePermit,Single Tent,
Graves Island,NS ,2,Full,CampsitePermit,Tents,
Salsman,NS ,2,Senior,CampsitePermit,Less than 20ft,
Dollar Lake,NS ,2,Senior,CampsitePermit,Less than 30ft,
Five Islands,BC ,2,Full,CampsitePermit,Single Tent,
Caribou Munroes,NS ,1,Senior,CampsitePermit,Single Tent,
Five Islands,NS ,2,Full,CampsitePermit,Single Tent,
Porters Lake,NS ,3,Full,CampsitePermit,Single Tent,
Porters Lake,QC ,3,Full,CampsitePermit,Single Tent,
Mira River,NS ,3,Full,CampsitePermit,Less than 30ft,
Five Islands,NS ,4,Full,CampsitePermit,Single Tent,
Mira River,NS ,2,Full,CampsitePermit,Less than 40ft,
Dollar Lake,NS ,5,Full,CampsitePermit,Single Tent,
Laurie,NS ,2,Full,CampsitePermit,Single Tent,
Thomas Raddall,NS ,6,Full,CampsitePermit,Less than 30ft,
Mira River,NS ,2,Full,CampsitePermit,Single Tent,
Graves Island,NS ,2,Full,CampsitePermit,Less than 30ft,
Amherst Shore,NB ,2,Full,CampsitePermit,Single Tent,
Five Islands,NS ,3,Full,CampsitePermit,Single Tent,
Graves Island,QC ,2,Full,CampsitePermit,Less than 40ft,
The Islands,NS ,2,Full,CampsitePermit,Single Tent,
Rissers Beach,NS ,1,Full,CampsitePermit,Less than 20ft,
Graves Island,NS ,4,Full,CampsitePermit,Less than 30ft,
Smileys,NS ,2,Full,CampsitePermit,Single Tent,
Blomidon,NS ,2,Full,CampsitePermit,Single Tent,
Blomidon,PE ,2,Full,CampsitePermit,Single Tent,
Dollar Lake,NS ,3,Full,CampsitePermit,Tents,
Caribou Munroes,QC ,2,Full,CampsitePermit,Single Tent,
Blomidon,NS ,4,Full,CampsitePermit,Single Tent,
Caribou Munroes,ON ,2,Full,CampsitePermit,Single Tent,
Five Islands,NS ,3,Full,CampsitePermit,Single Tent,
Amherst Shore,NB ,4,Full,CampsitePermit,Less than 20ft,
Ellenwood Lake,NS ,5,Full,CampsitePermit,Single Tent,
Porters Lake,NS ,6,Full,CampsitePermit,Tents,
Valleyview,QC ,2,Full,CampsitePermit,Tents,
Porters Lake,NS ,2,Full,CampsitePermit,Single Tent,
Whycocomagh,NS ,2,Full,CampsitePermit,Less than 30ft,
Ellenwood Lake,NS ,3,Full,CampsitePermit,Single Tent,
Graves Island,AB ,1,Full,CampsitePermit,Single Tent,
Amherst Shore,QC ,5,Full,CampsitePermit,Single Tent,
Caribou Munroes,SK ,2,Senior,CampsitePermit,Less than 20ft,
Blomidon,QC ,4,Full,CampsitePermit,Single Tent,
Five Islands,QC ,2,Full,CampsitePermit,Single Tent,
Rissers Beach,NS ,2,Full,CampsitePermit,Less than 40ft,
Smileys,NS ,4,Full,CampsitePermit,Less than 30ft,
Graves Island,NS ,2,Senior,CampsitePermit,Less than 40ft,
Dollar Lake,NS ,4,Full,CampsitePermit,Single Tent,
Mira River,ON ,2,Full,CampsitePermit,Single Tent,
Caribou Munroes,NS ,2,Full,CampsitePermit,Less than 20ft,
Thomas Raddall,NS ,2,Senior,CampsitePermit,Single Tent,
Caribou Munroes,NS ,4,Full,CampsitePermit,Less than 30ft,
Cape Chignecto,NS ,2,Full,BackcountryPermit,Single Tent,
Ellenwood Lake,NS ,4,Full,CampsitePermit,Single Tent,
Whycocomagh,PE ,2,Senior,CampsitePermit,Single Tent,
Smileys,NS ,1,Full,CampsitePermit,Single Tent,
Mira River,QC ,2,Full,CampsitePermit,Single Tent,
Battery,NS ,2,Full,CampsitePermit,Single Tent,
Rissers Beach,NS ,2,Senior,CampsitePermit,Less than 30ft,
Rissers Beach,NS ,6,Full,CampsitePermit,Less than 30ft,
Graves Island,MB ,2,Full,CampsitePermit,Single Tent,
Battery,AB ,4,Full,CampsitePermit,Greater than 40ft,
Rissers Beach,NS ,2,Full,CampsitePermit,Single Tent,
Five Islands,QC ,2,Senior,CampsitePermit,Less than 20ft,
Battery,NB ,1,Full,CampsitePermit,Single Tent,
Dollar Lake,NS ,3,Full,CampsitePermit,Single Tent,
Laurie,QC ,2,Full,CampsitePermit,Less than 20ft,
Whycocomagh,NB ,2,Full,CampsitePermit,Less than 30ft,
Whycocomagh,ON ,6,Full,YurtPermit,Tents,
Amherst Shore,ON ,2,Full,CampsitePermit,Less than 20ft,
Thomas Raddall,NS ,2,Full,CampsitePermit,Single Tent,
Battery,ON ,2,Full,CampsitePermit,Single Tent,
Caribou Munroes,NS ,1,Full,CampsitePermit,Less than 20ft,
Boylston,BC ,4,Full,CampsitePermit,Single Tent,
Caribou Munroes,NS ,7,Full,CampsitePermit,Single Tent,
Smileys,NS ,2,Full,CampsitePermit,Single Tent,
Blomidon,ON ,2,Full,CampsitePermit,Single Tent,
Porters Lake,NS ,2,Full,CampsitePermit,Less than 30ft,
Porters Lake,NS ,2,Full,CampsitePermit,Single Tent,
Caribou Munroes,ON ,2,Full,CampsitePermit,Less than 30ft,
Mira River,BC ,2,Senior,CampsitePermit,Single Tent,
Rissers Beach,NS ,3,Full,CampsitePermit,Single Tent,
Smileys,NS ,4,Full,CampsitePermit,Single Tent,
Cape Chignecto,NS ,3,Full,BackcountryPermit,Single Tent,
Whycocomagh,NS ,2,Full,CampsitePermit,Single Tent,
Caribou Munroes,NS ,3,Full,CampsitePermit,Single Tent,
Rissers Beach,QC ,1,Full,CampsitePermit,Single Tent,
Five Islands,NS ,2,Full,CampsitePermit,Single Tent,
Rissers Beach,NS ,4,Full,CampsitePermit,Less than 20ft,
Mira River,ON ,2,Full,CampsitePermit,Less than 20ft,
Whycocomagh,QC ,6,Full,CampsitePermit,Single Tent,
Blomidon,NS ,1,Full,CampsitePermit,Single Tent,
Blomidon,QC ,4,Full,CampsitePermit,Single Tent,
Graves Island,NS ,1,Full,CampsitePermit,Less than 20ft,
Amherst Shore,ON ,2,Full,CampsitePermit,Single Tent,
Rissers Beach,NS ,4,Full,CampsitePermit,Less than 20ft,
Graves Island,NS ,2,Full,CampsitePermit,Less than 40ft,
Thomas Raddall,NS ,4,Full,CampsitePermit,Less than 40ft,
Dollar Lake,NS ,2,Full,CampsitePermit,Less than 20ft,
Blomidon,NS ,2,Senior,CampsitePermit,Less than 20ft,
Mira River,NS ,6,Full,CampsitePermit,Less than 20ft,
Caribou Munroes,NS ,2,Senior,CampsitePermit,Less than 20ft,
Smileys,NS ,2,Full,CampsitePermit,Less than 20ft,
Amherst Shore,QC ,2,Senior,CampsitePermit,Less than 20ft,
Mira River,QC ,3,Full,CampsitePermit,Less than 20ft,
Blomidon,BC ,1,Full,CampsitePermit,Single Tent,
Smileys,NS ,4,Full,CampsitePermit,Less than 30ft,
Mira River,NS ,2,Full,CampsitePermit,Single Tent,
Caribou Munroes,NS ,2,Full,CampsitePermit,Single Tent,
Rissers Beach,NS ,2,Full,CampsitePermit,Less than 30ft,
Battery,NS ,2,Full,CampsitePermit,Single Tent,
Thomas Raddall,NS ,2,Full,CampsitePermit,Single Tent,
Mira River,NS ,2,Full,CampsitePermit,Single Tent,
Mira River,NS ,2,Full,CampsitePermit,Less than 40ft,
Thomas Raddall,QC ,2,Full,CampsitePermit,Single Tent,
Blomidon,NS ,4,Full,CampsitePermit,Tents,
Smileys,NS ,4,Full,CampsitePermit,Tents,
Smileys,NS ,3,Full,CampsitePermit,Less than 30ft,
Cape Chignecto,NS ,2,Full,BackcountryPermit,Single Tent,
Graves Island,PE ,1,Senior,CampsitePermit,Single Tent,
Caribou Munroes,NS ,4,Full,CampsitePermit,Less than 30ft,
Laurie,NS ,4,Full,CampsitePermit,Less than 30ft,
Valleyview,NS ,2,Full,CampsitePermit,Single Tent,
Whycocomagh,NS ,2,Senior,YurtPermit,Tents,
Mira River,NS ,4,Full,CampsitePermit,Less than 20ft,
Caribou Munroes,NS ,5,Senior,CampsitePermit,Tents,
Graves Island,NS ,3,Full,CampsitePermit,Less than 30ft,
Ellenwood Lake,ON ,2,Senior,CampsitePermit,Less than 20ft,
Cape Chignecto,NS ,2,Full,BackcountryPermit,Single Tent,
Cape Chignecto,NS ,5,Full,BackcountryPermit,Cabin,
Amherst Shore,NS ,2,Senior,CampsitePermit,Less than 20ft,
Whycocomagh,ON ,2,Senior,CampsitePermit,Single Tent,
Caribou Munroes,NS ,2,Full,CampsitePermit,Less than 30ft,
Laurie,NS ,4,Full,CampsitePermit,Less than 20ft,
Thomas Raddall,NS ,2,Full,CampsitePermit,Less than 20ft,
Rissers Beach,NS ,4,Full,CampsitePermit,Less than 30ft,
Porters Lake,QC ,1,Full,CampsitePermit,Single Tent,
Mira River,NB ,1,Full,CampsitePermit,Single Tent,
Laurie,BC ,4,Senior,CampsitePermit,Less than 20ft,
Caribou Munroes,NS ,1,Full,CampsitePermit,Single Tent,
Caribou Munroes,NS ,2,Full,CampsitePermit,Less than 20ft,
Laurie,NS ,2,Full,CampsitePermit,Single Tent,
Graves Island,NS ,4,Full,CampsitePermit,Less than 30ft,
Graves Island,ON ,1,Full,CampsitePermit,Single Tent,
Thomas Raddall,NS ,1,Full,CampsitePermit,Single Tent,
Whycocomagh,NS ,2,Senior,CampsitePermit,Single Tent,
Laurie,QC ,4,Full,CampsitePermit,Single Tent,
Mira River,NS ,4,Full,CampsitePermit,Less than 40ft,
Blomidon,NS ,4,Full,CampsitePermit,Less than 20ft,
Blomidon,NS ,2,Full,CampsitePermit,Single Tent,
Dollar Lake,NS ,3,Full,CampsitePermit,Single Tent,
Cape Chignecto,NB ,1,Full,BackcountryPermit,Single Tent,
Whycocomagh,QC ,3,Full,CampsitePermit,Single Tent,
Porters Lake,NS ,2,Full,CampsitePermit,Single Tent,
Caribou Munroes,NS ,5,Full,CampsitePermit,Single Tent,
Caribou Munroes,ON ,1,Full,CampsitePermit,Single Tent,
Dollar Lake,NS ,2,Senior,CampsitePermit,Less than 20ft,
Laurie,NS ,2,Full,CampsitePermit,Single Tent,
Amherst Shore,NS ,4,Full,CampsitePermit,Less than 30ft,
Thomas Raddall,BC ,5,Full,CampsitePermit,Tents,
Caribou Munroes,NS ,3,Full,CampsitePermit,Less than 30ft,
Graves Island,NS ,3,Full,CampsitePermit,Less than 20ft,
Graves Island,NS ,2,Full,CampsitePermit,Single Tent,
Battery,NS ,3,Full,CampsitePermit,Single Tent,
Graves Island,NS ,1,Full,CampsitePermit,Less than 30ft,
Mira River,NS ,3,Full,CampsitePermit,Single Tent,
Amherst Shore,NS ,4,Full,CampsitePermit,Single Tent,
Smileys,NS ,2,Senior,CampsitePermit,Less than 20ft,
Rissers Beach,NS ,2,Full,CampsitePermit,Single Tent,
Porters Lake,QC ,4,Full,CampsitePermit,Single Tent,
Blomidon,BC ,2,Senior,CampsitePermit,Single Tent,
Rissers Beach,NS ,5,Full,CampsitePermit,Less than 20ft,
Porters Lake,ON ,2,Full,CampsitePermit,Single Tent,
Laurie,ON ,4,Full,CampsitePermit,Single Tent,
Mira River,NS ,6,Full,CampsitePermit,Less than 40ft,
Rissers Beach,NS ,2,Full,CampsitePermit,Single Tent,
Whycocomagh,PE ,3,Full,CampsitePermit,Less than 20ft,
Caribou Munroes,NS ,6,Full,CampsitePermit,Less than 20ft,
Ellenwood Lake,NS ,2,Full,CampsitePermit,Less than 20ft,
Whycocomagh,NS ,2,Senior,CampsitePermit,Less than 30ft,
Thomas Raddall,NS ,6,Full,CampsitePermit,Single Tent,
Battery,NS ,2,Full,CampsitePermit,Single Tent,
Dollar Lake,NS ,6,Full,CampsitePermit,Tents,
Rissers Beach,NS ,4,Full,CampsitePermit,Less than 20ft,
Graves Island,QC ,3,Veteran,CampsitePermit,Single Tent,
Mira River,NS ,3,Full,CampsitePermit,Less than 20ft,
Graves Island,NS ,2,Full,CampsitePermit,Less than 20ft,
Porters Lake,NS ,4,Full,CampsitePermit,Less than 20ft,
Thomas Raddall,QC ,2,Full,CampsitePermit,Single Tent,
Graves Island,NS ,2,Senior,CampsitePermit,Less than 30ft,
Blomidon,NS ,4,Full,CampsitePermit,Single Tent,
Blomidon,ON ,4,Full,CampsitePermit,Tents,
Five Islands,NS ,2,Full,CampsitePermit,Tents,
Graves Island,NS ,2,Full,CampsitePermit,Less than 40ft,
Caribou Munroes,QC ,2,Full,CampsitePermit,Single Tent,
Battery,ON ,1,Full,CampsitePermit,Single Tent,
Caribou Munroes,QC ,1,Full,CampsitePermit,Less than 20ft,
Porters Lake,NS ,3,Full,CampsitePermit,Single Tent,
Thomas Raddall,ON ,3,Full,CampsitePermit,Less than 20ft,
Graves Island,ON ,2,Full,CampsitePermit,Single Tent,
Graves Island,NS ,1,Full,CampsitePermit,Single Tent,
Rissers Beach,NS ,4,Senior,CampsitePermit,Single Tent,
Porters Lake,BC ,2,Senior,CampsitePermit,Less than 30ft,
Dollar Lake,NS ,5,Full,CampsitePermit,Less than 30ft,
Battery,NS ,2,Senior,CampsitePermit,Less than 20ft,
Porters Lake,ON ,2,Senior,CampsitePermit,Less than 20ft,
Thomas Raddall,NS ,1,Full,CampsitePermit,Single Tent,
Battery,ON ,2,Full,CampsitePermit,Single Tent,
Rissers Beach,NS ,2,Full,CampsitePermit,Less than 30ft,
Thomas Raddall,NS ,5,Full,CampsitePermit,Tents,
Porters Lake,NS ,3,Full,CampsitePermit,Single Tent,
Caribou Munroes,NS ,5,Full,CampsitePermit,Less than 20ft,
Porters Lake,ON ,2,Full,CampsitePermit,Single Tent,
Five Islands,NS ,2,Senior,CampsitePermit,Less than 20ft,
Caribou Munroes,NS ,3,Full,CampsitePermit,Single Tent,
Laurie,NS ,3,Full,CampsitePermit,Single Tent,
Caribou Munroes,NS ,2,Full,CampsitePermit,Single Tent,
Graves Island,NS ,1,Full,CampsitePermit,Less than 20ft,
Thomas Raddall,NS ,3,Full,CampsitePermit,Single Tent,
Five Islands,NS ,4,Full,CampsitePermit,Less than 40ft,
Dollar Lake,NS ,3,Full,CampsitePermit,Single Tent,
Whycocomagh,NS ,2,Full,CampsitePermit,Single Tent,
Cape Chignecto,NS ,2,Full,BackcountryPermit,Single Tent,
Five Islands,NS ,3,Full,CampsitePermit,Single Tent,
Thomas Raddall,NS ,5,Full,CampsitePermit,Less than 40ft,
Blomidon,NS ,2,Full,CampsitePermit,Single Tent,
Mira River,NS ,2,Full,CampsitePermit,Less than 30ft,
Thomas Raddall,NS ,2,Full,CampsitePermit,Less than 20ft,
Cape Chignecto,NS ,2,Full,BackcountryPermit,Single Tent,
Rissers Beach,NS ,4,Full,CampsitePermit,Single Tent,
Blomidon,QC ,4,Full,CampsitePermit,Less than 30ft,
Five Islands,NS ,3,Full,CampsitePermit,Single Tent,
The Islands,NS ,3,Full,CampsitePermit,Single Tent,
Salsman,NS ,2,Full,CampsitePermit,Less than 40ft,
Mira River,QC ,4,Full,CampsitePermit,Less than 30ft,
Whycocomagh,NS ,2,Senior,CampsitePermit,Less than 40ft,
Five Islands,QC ,2,Full,CampsitePermit,Single Tent,
Graves Island,BC ,1,Senior,CampsitePermit,Single Tent,
Laurie,NS ,2,Full,CampsitePermit,Single Tent,
Dollar Lake,ON ,5,Full,CampsitePermit,Tents,
Caribou Munroes,NS ,2,Veteran,CampsitePermit,Less than 20ft,
Laurie,NS ,2,Full,CampsitePermit,Single Tent,
Graves Island,ON ,2,Full,CampsitePermit,Single Tent,
Mira River,ON ,4,Full,CampsitePermit,Single Tent,
Caribou Munroes,NS ,2,Senior,CampsitePermit,Less than 20ft,
Ellenwood Lake,NS ,3,Full,CampsitePermit,Single Tent,
Caribou Munroes,NS ,1,Full,CampsitePermit,Single Tent,
Whycocomagh,QC ,2,Senior,CampsitePermit,Single Tent,
Rissers Beach,NS ,4,Full,CampsitePermit,Less than 30ft,
Graves Island,NS ,1,Full,CampsitePermit,Single Tent,
Mira River,BC ,2,Senior,CampsitePermit,Single Tent,
Thomas Raddall,NS ,5,Full,CampsitePermit,Single Tent,
Rissers Beach,NS ,5,Full,CampsitePermit,Less than 30ft,
Thomas Raddall,NS ,2,Full,CampsitePermit,Less than 30ft,
Thomas Raddall,NS ,2,Full,CampsitePermit,Single Tent,
Caribou Munroes,QC ,2,Full,CampsitePermit,Single Tent,
The Islands,NS ,2,Full,CampsitePermit,Single Tent,
Smileys,ON ,4,Full,CampsitePermit,Tents,
Amherst Shore,NS ,1,Senior,CampsitePermit,Less than 30ft,
Amherst Shore,ON ,3,Full,CampsitePermit,Single Tent,
Blomidon,NS ,2,Full,CampsitePermit,Single Tent,
Caribou Munroes,NS ,2,Full,CampsitePermit,Less than 20ft,
Porters Lake,NS ,3,Full,CampsitePermit,Single Tent,
Thomas Raddall,NS ,5,Full,CampsitePermit,Tents,
Dollar Lake,NS ,6,Full,CampsitePermit,Single Tent,
Valleyview,NS ,4,Full,CampsitePermit,Single Tent,
Mira River,NS ,6,Full,CampsitePermit,Less than 20ft,
Caribou Munroes,NS ,2,Full,CampsitePermit,Less than 40ft,
Caribou Munroes,NS ,2,Full,CampsitePermit,Single Tent,
Rissers Beach,NS ,2,Full,CampsitePermit,Less than 30ft,
Dollar Lake,NS ,4,Full,CampsitePermit,Less than 20ft,
Laurie,ON ,2,Senior,CampsitePermit,Less than 40ft,
Blomidon,QC ,1,Full,CampsitePermit,Single Tent,
Rissers Beach,NS ,5,Full,CampsitePermit,Less than 20ft,
Caribou Munroes,QC ,2,Full,CampsitePermit,Single Tent,
Caribou Munroes,NS ,2,Full,CampsitePermit,Less than 40ft,
Valleyview,NS ,1,Full,CampsitePermit,Single Tent,
The Islands,NS ,2,Full,CampsitePermit,Single Tent,
Valleyview,NS ,4,Full,CampsitePermit,Less than 40ft,
Caribou Munroes,NS ,2,Full,CampsitePermit,Tents,
Thomas Raddall,NS ,2,Full,CampsitePermit,Single Tent,
Smileys,NS ,4,Full,CampsitePermit,Single Tent,
Rissers Beach,NS ,2,Full,CampsitePermit,Single Tent,
Cape Chignecto,NB ,2,Full,BackcountryPermit,Single Tent,
Rissers Beach,ON ,2,Full,CampsitePermit,Less than 40ft,
Whycocomagh,QC ,4,Full,CampsitePermit,Tents,
Smileys,NS ,2,Full,CampsitePermit,Less than 30ft,
Graves Island,NS ,6,Full,CampsitePermit,Less than 40ft,
Thomas Raddall,NS ,5,Full,CampsitePermit,Single Tent,
Smileys,NS ,4,Full,CampsitePermit,Less than 30ft,
Five Islands,NS ,2,Full,CampsitePermit,Single Tent,
Porters Lake,ON ,3,Full,CampsitePermit,Less than 30ft,
Amherst Shore,NS ,2,Full,CampsitePermit,Single Tent,
Caribou Munroes,NS ,2,Full,CampsitePermit,Less than 20ft,
Blomidon,NS ,2,Senior,CampsitePermit,Single Tent,
Cape Chignecto,NS ,1,Full,BackcountryPermit,Single Tent,
Ellenwood Lake,NS ,2,Full,CampsitePermit,Tents,
Battery,NB ,2,Senior,CampsitePermit,Less than 20ft,
Rissers Beach,ON ,3,Full,CampsitePermit,Single Tent,
Rissers Beach,NS ,2,Full,CampsitePermit,Less than 30ft,
Ellenwood Lake,NS ,3,Full,CampsitePermit,Single Tent,
Boylston,ON ,2,Full,CampsitePermit,Single Tent,
Mira River,QC ,6,Full,CampsitePermit,Tents,
Mira River,NS ,2,Full,CampsitePermit,Less than 20ft,
Blomidon,NS ,3,Full,CampsitePermit,Single Tent,
Porters Lake,AB ,2,Senior,CampsitePermit,Less than 40ft,
Battery,ON ,1,Senior,CampsitePermit,Single Tent,
Amherst Shore,ON ,1,Senior,CampsitePermit,Single Tent,
Whycocomagh,ON ,2,Full,CampsitePermit,Less than 40ft,
Cape Chignecto,NS ,1,Full,BackcountryPermit,Single Tent,
Caribou Munroes,NS ,4,Full,CampsitePermit,Single Tent,
Rissers Beach,NS ,2,Senior,CampsitePermit,Less than 40ft,
Caribou Munroes,NS ,2,Full,CampsitePermit,Less than 40ft,
Porters Lake,NS ,2,Full,CampsitePermit,Single Tent,
Rissers Beach,NS ,4,Full,CampsitePermit,Tents,
Rissers Beach,NS ,2,Full,CampsitePermit,Single Tent,
Blomidon,NS ,2,Senior,CampsitePermit,Single Tent,
Blomidon,NS ,3,Full,CampsitePermit,Single Tent,
Smileys,NS ,2,Full,CampsitePermit,Single Tent,
Blomidon,NS ,2,Full,CampsitePermit,Less than 20ft,
Ellenwood Lake,NS ,5,Full,CampsitePermit,Single Tent,
Graves Island,NS ,2,Senior,CampsitePermit,Less than 20ft,
Rissers Beach,NS ,5,Full,CampsitePermit,Tents,
Ellenwood Lake,NS ,2,Full,CampsitePermit,Less than 20ft,
Porters Lake,NB ,2,Full,CampsitePermit,Single Tent,
Whycocomagh,BC ,1,Full,CampsitePermit,Single Tent,
Mira River,NS ,4,Full,CampsitePermit,Less than 20ft,
Blomidon,NS ,2,Full,CampsitePermit,Single Tent,
Graves Island,NS ,2,Full,CampsitePermit,Less than 30ft,
Porters Lake,QC ,5,Full,CampsitePermit,Tents,
Dollar Lake,NS ,4,Full,CampsitePermit,Less than 20ft,
Rissers Beach,NS ,2,Senior,CampsitePermit,Less than 30ft,
Mira River,NS ,3,Full,CampsitePermit,Single Tent,
Blomidon,NS ,4,Full,CampsitePermit,Single Tent,
Dollar Lake,NS ,5,Full,CampsitePermit,Single Tent,
Mira River,NS ,5,Full,CampsitePermit,Single Tent,
Dollar Lake,NS ,4,Full,CampsitePermit,Single Tent,
Porters Lake,QC ,2,Senior,CampsitePermit,Less than 30ft,
Graves Island,NS ,6,Full,CampsitePermit,Tents,
Laurie,NS ,5,Full,CampsitePermit,Less than 20ft,
Mira River,NS ,5,Full,CampsitePermit,Less than 20ft,
Battery,ON ,2,Full,CampsitePermit,Single Tent,
Caribou Munroes,QC ,2,Full,CampsitePermit,Less than 20ft,
Smileys,NS ,2,Full,CampsitePermit,Single Tent,
Mira River,QC ,2,Full,CampsitePermit,Less than 20ft,
Five Islands,NS ,7,Full,CampsitePermit,Tents,
Caribou Munroes,NS ,4,Full,CampsitePermit,Tents,
Rissers Beach,NS ,2,Full,CampsitePermit,Less than 30ft,
Thomas Raddall,NS ,2,Full,CampsitePermit,Single Tent,
Caribou Munroes,NS ,2,Full,CampsitePermit,Single Tent,
Laurie,PE ,2,Senior,CampsitePermit,Less than 20ft,
Porters Lake,NS ,3,Full,CampsitePermit,Tents,
Thomas Raddall,NS ,2,Senior,CampsitePermit,Less than 30ft,
Graves Island,QC ,2,Full,CampsitePermit,Single Tent,
Graves Island,NS ,6,Full,CampsitePermit,Less than 20ft,
Five Islands,NB ,2,Senior,CampsitePermit,Less than 20ft,
Boylston,NS ,2,Full,CampsitePermit,Single Tent,
Dollar Lake,NS ,2,Full,CampsitePermit,Single Tent,
Battery,NS ,1,Full,CampsitePermit,Single Tent,
Mira River,QC ,2,Full,CampsitePermit,Single Tent,
Salsman,NS ,4,Full,CampsitePermit,Less than 30ft,
Graves Island,BC ,1,Full,CampsitePermit,Less than 20ft,
Laurie,NS ,1,Senior,CampsitePermit,Less than 30ft,
Battery,ON ,1,Senior,CampsitePermit,Less than 20ft,
Dollar Lake,NS ,6,Full,CampsitePermit,Tents,
Thomas Raddall,QC ,2,Senior,CampsitePermit,Less than 20ft,
Caribou Munroes,NS ,4,Full,CampsitePermit,Less than 30ft,
Rissers Beach,NS ,1,Full,CampsitePermit,Single Tent,
Thomas Raddall,NS ,2,Senior,CampsitePermit,Less than 40ft,
Smileys,QC ,2,Full,CampsitePermit,Less than 30ft,
Rissers Beach,NS ,3,Full,CampsitePermit,Less than 30ft,
Mira River,NS ,3,Full,CampsitePermit,Less than 30ft,
Graves Island,AB ,1,Full,CampsitePermit,Single Tent,
Laurie,NS ,4,Full,CampsitePermit,Less than 20ft,
Boylston,NS ,2,Full,CampsitePermit,Single Tent,
Ellenwood Lake,NS ,2,Full,CampsitePermit,Single Tent,
Valleyview,QC ,1,Full,CampsitePermit,Single Tent,
Blomidon,NS ,2,Full,CampsitePermit,Single Tent,
Blomidon,NB ,2,Full,CampsitePermit,Single Tent,
Dollar Lake,NS ,2,Full,CampsitePermit,Single Tent,
Blomidon,NS ,4,Full,CampsitePermit,Less than 20ft,
Mira River,QC ,4,Full,CampsitePermit,Single Tent,
Whycocomagh,AB ,2,Full,CampsitePermit,Single Tent,
Thomas Raddall,NS ,4,Full,CampsitePermit,Less than 30ft,
Battery,QC ,2,Full,CampsitePermit,Less than 20ft,
Smileys,NS ,4,Full,CampsitePermit,Less than 30ft,
Porters Lake,NS ,4,Full,CampsitePermit,Less than 30ft,
Salsman,NS ,2,Full,CampsitePermit,Less than 30ft,
Ellenwood Lake,NS ,4,Full,CampsitePermit,Less than 30ft,
Porters Lake,AB ,2,Full,CampsitePermit,Less than 40ft,
Porters Lake,NS ,2,Full,CampsitePermit,Less than 20ft,
Mira River,NS ,4,Full,CampsitePermit,Less than 30ft,
Valleyview,NS ,2,Senior,CampsitePermit,Single Tent,
Smileys,NS ,1,Full,CampsitePermit,Single Tent,
Dollar Lake,NS ,5,Full,CampsitePermit,Tents,
Graves Island,NS ,1,Full,CampsitePermit,Single Tent,
Five Islands,QC ,2,Full,CampsitePermit,Single Tent,
Graves Island,NS ,2,Full,CampsitePermit,Single Tent,
Whycocomagh,NS ,4,Full,CampsitePermit,Less than 20ft,
Amherst Shore,QC ,2,Full,CampsitePermit,Single Tent,
Graves Island,NS ,2,Full,CampsitePermit,Single Tent,
Blomidon,NS ,2,Full,CampsitePermit,Less than 30ft,
Blomidon,NS ,3,Full,CampsitePermit,Single Tent,
Thomas Raddall,NS ,2,Full,CampsitePermit,Single Tent,
Dollar Lake,NS ,2,Full,CampsitePermit,Single Tent,
Mira River,ON ,4,Full,CampsitePermit,Less than 20ft,
Thomas Raddall,NS ,3,Full,CampsitePermit,Less than 20ft,
Whycocomagh,NS ,2,Full,CampsitePermit,Less than 30ft,
Rissers Beach,NS ,4,Full,CampsitePermit,Single Tent,
Caribou Munroes,NS ,2,Full,CampsitePermit,Less than 20ft,
Mira River,NS ,2,Full,CampsitePermit,Single Tent,
Thomas Raddall,QC ,1,Full,CampsitePermit,Single Tent,
Caribou Munroes,NS ,5,Full,CampsitePermit,Tents,
Salsman,ON ,3,Full,CampsitePermit,Single Tent,
Porters Lake,NS ,6,Full,CampsitePermit,Tents,
Rissers Beach,NS ,4,Full,CampsitePermit,Less than 20ft,
Amherst Shore,BC ,2,Full,CampsitePermit,Single Tent,
Mira River,NS ,2,Full,CampsitePermit,Less than 30ft,
Laurie,NS ,2,Full,CampsitePermit,Less than 40ft,
Thomas Raddall,NS ,3,Full,CampsitePermit,Single Tent,
Caribou Munroes,NS ,4,Full,CampsitePermit,Less than 20ft,
Smileys,NS ,2,Full,CampsitePermit,Less than 40ft,
Thomas Raddall,NS ,2,Full,CampsitePermit,Single Tent,
Battery,ON ,4,Full,CampsitePermit,Less than 20ft,
Porters Lake,QC ,2,Full,CampsitePermit,Single Tent,
Graves Island,NS ,1,Full,CampsitePermit,Single Tent,
Five Islands,ON ,2,Full,CampsitePermit,Less than 20ft,
Laurie,NS ,4,Full,CampsitePermit,Less than 20ft,
Whycocomagh,QC ,2,Full,CampsitePermit,Single Tent,
Blomidon,NS ,2,Full,CampsitePermit,Single Tent,
Five Islands,NS ,2,Full,CampsitePermit,Less than 20ft,
Caribou Munroes,QC ,1,Senior,CampsitePermit,Single Tent,
Rissers Beach,NB ,2,Full,CampsitePermit,Less than 40ft,
Caribou Munroes,QC ,2,Full,CampsitePermit,Single Tent,
Whycocomagh,BC ,2,Senior,CampsitePermit,Less than 30ft,
Rissers Beach,NS ,4,Full,CampsitePermit,Less than 30ft,
Dollar Lake,NS ,4,Full,CampsitePermit,Less than 40ft,
Five Islands,NS ,6,Full,CampsitePermit,Tents,
Porters Lake,QC ,4,Full,CampsitePermit,Less than 30ft,
Five Islands,NS ,4,Full,CampsitePermit,Single Tent,
Amherst Shore,NS ,2,Full,CampsitePermit,Less than 30ft,
Thomas Raddall,NS ,2,Full,CampsitePermit,Single Tent,
Thomas Raddall,NS ,1,Full,CampsitePermit,Single Tent,
Whycocomagh,NB ,6,Full,CampsitePermit,Tents,
The Islands,MB ,1,Full,CampsitePermit,Single Tent,
Rissers Beach,NS ,2,Full,CampsitePermit,Less than 20ft,
Laurie,ON ,2,Full,CampsitePermit,Single Tent,
Salsman,NS ,2,Full,CampsitePermit,Less than 20ft,
The Islands,ON ,2,Full,CampsitePermit,Less than 20ft,
Ellenwood Lake,NS ,3,Senior,CampsitePermit,Tents,
Caribou Munroes,NS ,4,Full,CampsitePermit,Less than 30ft,
Rissers Beach,NS ,4,Full,CampsitePermit,Tents,
Blomidon,NS ,2,Senior,CampsitePermit,Less than 30ft,
Rissers Beach,NS ,2,Full,CampsitePermit,Less than 30ft,
Battery,QC ,3,Senior,CampsitePermit,Single Tent,
Valleyview,ON ,2,Full,CampsitePermit,Less than 30ft,
Valleyview,NS ,2,Senior,CampsitePermit,Single Tent,
Rissers Beach,NS ,1,Full,CampsitePermit,Single Tent,
Whycocomagh,ON ,2,Full,CampsitePermit,Single Tent,
Blomidon,NS ,4,Full,CampsitePermit,Tents,
Caribou Munroes,NS ,2,Full,CampsitePermit,Single Tent,
Graves Island,NS ,3,Full,CampsitePermit,Single Tent,
Smileys,NS ,2,Senior,CampsitePermit,Less than 20ft,
Dollar Lake,NS ,2,Full,CampsitePermit,Single Tent,
Amherst Shore,NB ,5,Full,CampsitePermit,Less than 30ft,
Whycocomagh,AB ,2,Full,CampsitePermit,Single Tent,
Cape Chignecto,NS ,1,Full,BackcountryPermit,Single Tent,
Dollar Lake,NS ,4,Full,CampsitePermit,Tents,
Rissers Beach,NS ,2,Full,CampsitePermit,Greater than 40ft,
Laurie,ON ,1,Full,CampsitePermit,Single Tent,
Mira River,QC ,2,Full,CampsitePermit,Single Tent,
Whycocomagh,ON ,2,Senior,CampsitePermit,Single Tent,
Rissers Beach,NS ,2,Full,CampsitePermit,Single Tent,
The Islands,NS ,4,Full,CampsitePermit,Tents,
Thomas Raddall,NS ,4,Full,CampsitePermit,Tents,
Blomidon,NS ,2,Senior,CampsitePermit,Single Tent,
Rissers Beach,NS ,6,Full,CampsitePermit,Less than 30ft,
Dollar Lake,NS ,5,Full,CampsitePermit,Single Tent,
Dollar Lake,NS ,4,Senior,CampsitePermit,Single Tent,
Laurie,NS ,6,Full,CampsitePermit,Tents,
Caribou Munroes,NS ,3,Full,CampsitePermit,Less than 20ft,
Whycocomagh,ON ,2,Senior,CampsitePermit,Less than 20ft,
Amherst Shore,NS ,4,Full,CampsitePermit,Single Tent,
Amherst Shore,QC ,2,Senior,CampsitePermit,Single Tent,
Caribou Munroes,ON ,2,Full,CampsitePermit,Less than 30ft,
Amherst Shore,NS ,2,Full,CampsitePermit,Less than 30ft,
Laurie,NS ,4,Full,CampsitePermit,Single Tent,
Thomas Raddall,QC ,2,Full,CampsitePermit,Single Tent,
Graves Island,NS ,2,Senior,CampsitePermit,Less than 30ft,
Amherst Shore,QC ,2,Full,CampsitePermit,Single Tent,
Battery,QC ,2,Full,CampsitePermit,Single Tent,
Mira River,ON ,2,Senior,CampsitePermit,Single Tent,
Graves Island,NS ,4,Full,CampsitePermit,Tents,
Smileys,NS ,4,Full,CampsitePermit,Single Tent,
Graves Island,NS ,4,Full,CampsitePermit,Single Tent,
Graves Island,NS ,2,Full,CampsitePermit,Less than 20ft,
Battery,NS ,9,Full,CampsitePermit,Tents,
Smileys,NS ,3,Full,CampsitePermit,Single Tent,
Mira River,NS ,3,Senior,CampsitePermit,Less than 30ft,
Cape Chignecto,NS ,3,Full,BackcountryPermit,Single Tent,
Blomidon,NS ,2,Full,CampsitePermit,Single Tent,
Porters Lake,NS ,2,Senior,CampsitePermit,Less than 20ft,
Graves Island,NS ,2,Senior,CampsitePermit,Less than 20ft,
Battery,QC ,2,Full,CampsitePermit,Single Tent,
Valleyview,NS ,2,Full,CampsitePermit,Less than 20ft,
Caribou Munroes,NS ,4,Full,CampsitePermit,Less than 20ft,
Porters Lake,NS ,3,Full,CampsitePermit,Less than 30ft,
Salsman,NS ,5,Full,CampsitePermit,Tents,
Amherst Shore,NS ,2,Full,CampsitePermit,Single Tent,
Rissers Beach,NS ,4,Full,CampsitePermit,Less than 20ft,
Caribou Munroes,NS ,5,Full,CampsitePermit,Tents,
Blomidon,PE ,1,Full,CampsitePermit,Single Tent,
Amherst Shore,NS ,5,Full,CampsitePermit,Single Tent,
Caribou Munroes,QC ,2,Full,CampsitePermit,Less than 20ft,
Rissers Beach,NS ,2,Full,CampsitePermit,Single Tent,
Thomas Raddall,NS ,3,Full,CampsitePermit,Single Tent,
Blomidon,NS ,2,Full,CampsitePermit,Less than 30ft,
Five Islands,ON ,3,Full,CampsitePermit,Single Tent,
Smileys,NS ,2,Full,CampsitePermit,Single Tent,
Porters Lake,NS ,4,Full,CampsitePermit,Less than 20ft,
Graves Island,NS ,2,Full,CampsitePermit,Less than 30ft,
Smileys,NS ,2,Full,CampsitePermit,Less than 40ft,
Caribou Munroes,NS ,3,Full,CampsitePermit,Single Tent,
Rissers Beach,NS ,1,Full,CampsitePermit,Single Tent,
Blomidon,NS ,5,Full,CampsitePermit,Single Tent,
Porters Lake,QC ,2,Full,CampsitePermit,Less than 30ft,
Graves Island,NS ,4,Full,CampsitePermit,Less than 30ft,
Battery,NS ,3,Full,CampsitePermit,Single Tent,
Smileys,NS ,4,Full,CampsitePermit,Single Tent,
Smileys,NS ,2,Full,CampsitePermit,Single Tent,
Mira River,QC ,2,Full,CampsitePermit,Less than 20ft,
Thomas Raddall,ON ,7,Full,CampsitePermit,Single Tent,
Thomas Raddall,NS ,3,Full,CampsitePermit,Less than 20ft,
Laurie,NS ,3,Full,CampsitePermit,Single Tent,
Ellenwood Lake,NS ,8,Full,CampsitePermit,Single Tent,
Smileys,NS ,4,Full,CampsitePermit,Less than 30ft,
Amherst Shore,ON ,4,Full,CampsitePermit,Single Tent,
Mira River,NS ,1,Full,CampsitePermit,Single Tent,
Battery,NS ,2,Full,CampsitePermit,Single Tent,
Salsman,NS ,2,Full,CampsitePermit,Single Tent,
Rissers Beach,NS ,2,Full,CampsitePermit,Less than 20ft,
Mira River,QC ,3,Full,CampsitePermit,Single Tent,
Graves Island,NS ,2,Full,CampsitePermit,Single Tent,
Graves Island,NS ,2,Full,CampsitePermit,Less than 20ft,
Ellenwood Lake,QC ,5,Full,CampsitePermit,Single Tent,
Five Islands,ON ,2,Full,CampsitePermit,Less than 20ft,
Battery,NS ,4,Full,CampsitePermit,Single Tent,
Mira River,NS ,2,Full,CampsitePermit,Less than 40ft,
Cape Chignecto,NB ,2,Full,BackcountryPermit,Single Tent,
Caribou Munroes,QC ,2,Full,CampsitePermit,Single Tent,
Graves Island,ON ,4,Full,CampsitePermit,Less than 40ft,
Battery,QC ,2,Full,CampsitePermit,Single Tent,
Battery,NS ,2,Full,CampsitePermit,Less than 20ft,
Rissers Beach,PE ,4,Full,CampsitePermit,Less than 20ft,
Battery,AB ,2,Full,CampsitePermit,Single Tent,
Caribou Munroes,NS ,3,Full,CampsitePermit,Less than 30ft,
Five Islands,NB ,4,Full,CampsitePermit,Less than 20ft,
Graves Island,NS ,2,Full,CampsitePermit,Less than 20ft,
Battery,ON ,2,Senior,CampsitePermit,Single Tent,
Smileys,NS ,2,FULL,CampsitePermit,Less than 30ft,
Smileys,NS ,2,Full,CampsitePermit,Less than 20ft,
Laurie,NS ,2,Full,CampsitePermit,Less than 30ft,
Battery,QC ,2,Senior,CampsitePermit,Single Tent,
Whycocomagh,AB ,2,Full,CampsitePermit,Less than 40ft,
Rissers Beach,NS ,2,Full,CampsitePermit,Single Tent,
Battery,NS ,1,Senior,CampsitePermit,Single Tent,
Dollar Lake,QC ,4,Full,CampsitePermit,Less than 30ft,
Blomidon,NS ,6,Full,CampsitePermit,Less than 30ft,
Mira River,NS ,4,Full,CampsitePermit,Single Tent,
Blomidon,NS ,2,Full,CampsitePermit,Single Tent,
Graves Island,NS ,2,Full,CampsitePermit,Less than 30ft,
Blomidon,ON ,2,Full,CampsitePermit,Single Tent,
Smileys,NS ,5,Full,CampsitePermit,Single Tent,
Rissers Beach,NS ,1,Full,CampsitePermit,Single Tent,
Dollar Lake,NS ,2,Full,CampsitePermit,Less than 20ft,
Mira River,QC ,2,Full,CampsitePermit,Single Tent,
Graves Island,NS ,4,Full,CampsitePermit,Less than 30ft,
Caribou Munroes,NS ,2,Full,CampsitePermit,Single Tent,
Blomidon,NS ,2,Full,CampsitePermit,Single Tent,
Mira River,NS ,4,Full,CampsitePermit,Single Tent,
Ellenwood Lake,NS ,2,Full,CampsitePermit,Single Tent,
Blomidon,ON ,1,Full,CampsitePermit,Single Tent,
Amherst Shore,NS ,2,Full,CampsitePermit,Single Tent,
Mira River,NS ,2,Full,CampsitePermit,Less than 40ft,
Mira River,QC ,3,Senior,CampsitePermit,Less than 30ft,
Caribou Munroes,NS ,4,Full,CampsitePermit,Less than 40ft,
Rissers Beach,NS ,4,Full,CampsitePermit,Less than 30ft,
The Islands,NS ,2,Full,CampsitePermit,Single Tent,
Rissers Beach,NS ,2,Senior,CampsitePermit,Less than 30ft,
Thomas Raddall,NS ,3,Full,CampsitePermit,Single Tent,
Graves Island,NS ,6,Full,CampsitePermit,Tents,
Rissers Beach,NS ,3,Full,CampsitePermit,Less than 20ft,
Cape Chignecto,ON ,2,Full,BackcountryPermit,Single Tent,
The Islands,NS ,2,Full,CampsitePermit,Single Tent,
Battery,QC ,2,Senior,CampsitePermit,Single Tent,
Smileys,NS ,4,Senior,CampsitePermit,Less than 40ft,
Dollar Lake,NS ,4,Full,CampsitePermit,Single Tent,
Five Islands,AB ,2,Full,CampsitePermit,Single Tent,
Mira River,QC ,2,Senior,CampsitePermit,Single Tent,
Thomas Raddall,NS ,1,Full,CampsitePermit,Single Tent,
Rissers Beach,NS ,2,Full,CampsitePermit,Less than 30ft,
Smileys,PE ,4,Full,CampsitePermit,Tents,
Amherst Shore,NS ,4,Full,CampsitePermit,Tents,
Laurie,NS ,2,Full,CampsitePermit,Single Tent,
Rissers Beach,NS ,3,Full,CampsitePermit,Single Tent,
Caribou Munroes,QC ,2,Senior,CampsitePermit,Single Tent,
Mira River,NS ,2,Full,CampsitePermit,Single Tent,
Laurie,NS ,4,Full,CampsitePermit,Less than 20ft,
Porters Lake,NS ,4,Full,CampsitePermit,Tents,
Porters Lake,NS ,1,Full,CampsitePermit,Single Tent,
The Islands,NS ,4,Full,CampsitePermit,Tents,
The Islands,NS ,2,Full,CampsitePermit,Less than 30ft,
Graves Island,NS ,2,Full,CampsitePermit,Less than 20ft,
Caribou Munroes,QC ,2,Full,CampsitePermit,Single Tent,
Blomidon,NS ,4,Full,CampsitePermit,Tents,
Mira River,NS ,4,Full,CampsitePermit,Less than 30ft,
Graves Island,NS ,2,Full,CampsitePermit,Single Tent,
Mira River,ON ,1,Full,CampsitePermit,Single Tent,
Smileys,NS ,4,Full,CampsitePermit,Single Tent,
Rissers Beach,NS ,6,Full,CampsitePermit,Less than 30ft,
Smileys,NS ,2,Full,CampsitePermit,Less than 30ft,
Caribou Munroes,ON ,2,Full,CampsitePermit,Single Tent,
Mira River,NS ,2,Senior,CampsitePermit,Less than 40ft,
Dollar Lake,BC ,1,Full,CampsitePermit,Single Tent,
Caribou Munroes,ON ,3,Full,CampsitePermit,Single Tent,
Five Islands,AB ,8,Full,CampsitePermit,Less than 40ft,
Blomidon,NS ,1,Full,CampsitePermit,Single Tent,
Ellenwood Lake,NS ,2,Full,CampsitePermit,Single Tent,
Rissers Beach,NS ,2,Full,CampsitePermit,Less than 20ft,
Caribou Munroes,NS ,4,Full,CampsitePermit,Less than 20ft,
Graves Island,NS ,4,Full,CampsitePermit,Less than 20ft,
Ellenwood Lake,NS ,4,Full,CampsitePermit,Tents,
Rissers Beach,NS ,4,Full,CampsitePermit,Less than 20ft,
Laurie,NS ,2,Full,CampsitePermit,Less than 20ft,
Smileys,NS ,3,Full,CampsitePermit,Tents,
Caribou Munroes,NS ,2,Full,CampsitePermit,Single Tent,
Five Islands,NU ,2,Full,CampsitePermit,Single Tent,
Blomidon,NS ,2,Full,CampsitePermit,Tents,
Salsman,NS ,2,Full,CampsitePermit,Single Tent,
Mira River,QC ,2,Full,CampsitePermit,Single Tent,
Porters Lake,ON ,2,Full,CampsitePermit,Less than 20ft,
Five Islands,NS ,4,Full,CampsitePermit,Single Tent,
The Islands,QC ,2,Full,CampsitePermit,Single Tent,
Five Islands,ON ,2,Full,CampsitePermit,Single Tent,
The Islands,NS ,2,Full,CampsitePermit,Less than 20ft,
Graves Island,NS ,2,Full,CampsitePermit,Less than 30ft,
Laurie,NS ,3,Full,CampsitePermit,Tents,
Amherst Shore,QC ,2,Full,CampsitePermit,Single Tent,
Cape Chignecto,NS ,1,Full,BackcountryPermit,Single Tent,
Mira River,NS ,2,Full,CampsitePermit,Less than 20ft,
Mira River,ON ,2,Full,CampsitePermit,Single Tent,
Battery,NS ,2,Senior,CampsitePermit,Single Tent,
Five Islands,NS ,4,Full,CampsitePermit,Less than 20ft,
Five Islands,NS ,3,Full,CampsitePermit,Single Tent,
Rissers Beach,NS ,2,Senior,CampsitePermit,Less than 30ft,
Five Islands,ON ,2,Full,CampsitePermit,Single Tent,
Graves Island,NS ,4,Full,CampsitePermit,Less than 30ft,
Blomidon,NS ,4,Full,CampsitePermit,Tents,
Graves Island,NB ,2,Full,CampsitePermit,Single Tent,
Rissers Beach,NS ,4,Full,CampsitePermit,Single Tent,
Mira River,NS ,3,Full,CampsitePermit,Single Tent,
Graves Island,NB ,3,Full,CampsitePermit,Single Tent,
The Islands,NS ,5,Full,CampsitePermit,Less than 30ft,
The Islands,NS ,2,Full,CampsitePermit,Less than 20ft,
Blomidon,NS ,1,Full,CampsitePermit,Single Tent,
Five Islands,NB ,4,Full,CampsitePermit,Less than 20ft,
Mira River,QC ,2,Full,CampsitePermit,Tents,
Ellenwood Lake,NS ,2,Full,CampsitePermit,Tents,
Caribou Munroes,NS ,2,Full,CampsitePermit,Less than 30ft,
Blomidon,BC ,2,Full,CampsitePermit,Single Tent,
Caribou Munroes,NS ,3,Full,CampsitePermit,Single Tent,
Porters Lake,NS ,3,Full,CampsitePermit,Tents,
Porters Lake,QC ,3,Full,CampsitePermit,Single Tent,
Thomas Raddall,NS ,4,Full,CampsitePermit,Tents,
Dollar Lake,NS ,2,Full,CampsitePermit,Single Tent,
Dollar Lake,NS ,5,Full,CampsitePermit,Less than 20ft,
Blomidon,NS ,2,Full,CampsitePermit,Less than 20ft,
Dollar Lake,NS ,6,Full,CampsitePermit,Single Tent,
Ellenwood Lake,NS ,2,Full,CampsitePermit,Less than 20ft,
Dollar Lake,BC ,2,Senior,CampsitePermit,Single Tent,
Mira River,ON ,2,Senior,CampsitePermit,Single Tent,
Caribou Munroes,NS ,6,Full,CampsitePermit,Tents,
Cape Chignecto,NS ,3,Full,BackcountryPermit,Single Tent,
Mira River,BC ,2,Senior,CampsitePermit,Single Tent,
Blomidon,NS ,5,Senior,CampsitePermit,Less than 30ft,
Five Islands,BC ,2,Senior,CampsitePermit,Less than 20ft,
Blomidon,QC ,2,Full,CampsitePermit,Less than 20ft,
Rissers Beach,NS ,2,Full,CampsitePermit,Less than 20ft,
Ellenwood Lake,NS ,2,Senior,CampsitePermit,Less than 20ft,
Graves Island,NS ,3,Full,CampsitePermit,Single Tent,
Mira River,NS ,2,Full,CampsitePermit,Single Tent,
The Islands,ON ,4,Full,CampsitePermit,Less than 40ft,
Ellenwood Lake,QC ,2,Full,CampsitePermit,Less than 20ft,
Rissers Beach,NS ,4,Full,CampsitePermit,Less than 30ft,
Mira River,ON ,3,Full,CampsitePermit,Single Tent,
Dollar Lake,NS ,6,Full,CampsitePermit,Single Tent,
Salsman,NS ,2,Full,CampsitePermit,Single Tent,
Rissers Beach,NS ,4,Full,CampsitePermit,Less than 30ft,
Battery,NS ,4,Full,CampsitePermit,Single Tent,
Laurie,NS ,4,Full,CampsitePermit,Less than 20ft,
The Islands,NS ,3,Full,CampsitePermit,Single Tent,
Dollar Lake,NS ,5,Veteran,CampsitePermit,Tents,
Smileys,NS ,4,Full,CampsitePermit,Less than 20ft,
Laurie,NS ,2,Full,CampsitePermit,Single Tent,
Smileys,NS ,3,Full,CampsitePermit,Single Tent,
Dollar Lake,NS ,1,Full,CampsitePermit,Single Tent,
Blomidon,ON ,5,Full,CampsitePermit,Tents,
Amherst Shore,NS ,5,Full,CampsitePermit,Single Tent,
Thomas Raddall,ON ,2,Full,CampsitePermit,Single Tent,
Five Islands,NS ,4,Full,CampsitePermit,Less than 20ft,
Graves Island,NS ,4,Full,CampsitePermit,Single Tent,
Whycocomagh,ON ,2,Full,CampsitePermit,Single Tent,
Laurie,NS ,2,Full,CampsitePermit,Single Tent,
Graves Island,NS ,2,Full,CampsitePermit,Less than 30ft,
Mira River,QC ,4,Full,CampsitePermit,Less than 30ft,
Porters Lake,NS ,2,Full,CampsitePermit,Single Tent,
Valleyview,NS ,1,Full,CampsitePermit,Less than 20ft,
Ellenwood Lake,QC ,2,Full,CampsitePermit,Less than 20ft,
The Islands,NS ,2,Full,CampsitePermit,Less than 30ft,
Rissers Beach,NS ,2,Full,CampsitePermit,Single Tent,
Mira River,ON ,2,Senior,CampsitePermit,Less than 20ft,
Graves Island,NS ,4,Full,CampsitePermit,Single Tent,
Mira River,NS ,4,Full,CampsitePermit,Single Tent,
Caribou Munroes,ON ,2,Senior,CampsitePermit,Less than 20ft,
Caribou Munroes,NS ,3,Full,CampsitePermit,Single Tent,
Blomidon,QC ,1,Full,CampsitePermit,Single Tent,
Mira River,NS ,2,Full,CampsitePermit,Less than 20ft,
Caribou Munroes,NB ,2,Full,CampsitePermit,Single Tent,
Amherst Shore,ON ,2,Senior,CampsitePermit,Single Tent,
Dollar Lake,NS ,2,Full,CampsitePermit,Less than 20ft,
Valleyview,NS ,2,Full,CampsitePermit,Single Tent,
Smileys,NS ,2,Senior,CampsitePermit,Less than 30ft,
Caribou Munroes,NS ,3,Full,CampsitePermit,Less than 30ft,
Five Islands,NS ,2,Full,CampsitePermit,Single Tent,
Graves Island,PE ,2,Full,CampsitePermit,Single Tent,
Dollar Lake,NS ,5,Full,CampsitePermit,Single Tent,
Rissers Beach,NS ,4,Full,CampsitePermit,Tents,
Caribou Munroes,NS ,2,Full,CampsitePermit,Less than 30ft,
Caribou Munroes,NS ,6,Full,CampsitePermit,Less than 30ft,
Amherst Shore,NS ,4,Full,CampsitePermit,Single Tent,
Mira River,NS ,2,Full,CampsitePermit,Less than 30ft,
Five Islands,NS ,2,Full,CampsitePermit,Less than 20ft,
Mira River,QC ,2,Full,CampsitePermit,Less than 20ft,
Blomidon,QC ,2,Full,CampsitePermit,Less than 20ft,
Battery,ON ,2,Senior,CampsitePermit,Less than 20ft,
Rissers Beach,NS ,2,Full,CampsitePermit,Less than 40ft,
Amherst Shore,NS ,4,Full,CampsitePermit,Less than 20ft,
Blomidon,QC ,4,Full,CampsitePermit,Less than 20ft,
Mira River,ON ,4,Full,CampsitePermit,Single Tent,
Smileys,NS ,4,Full,CampsitePermit,Single Tent,
Porters Lake,QC ,4,Full,CampsitePermit,Single Tent,
Graves Island,NS ,4,Full,CampsitePermit,Less than 40ft,
Rissers Beach,NS ,4,Full,CampsitePermit,Less than 30ft,
Blomidon,NS ,2,Full,CampsitePermit,Tents,
Five Islands,QC ,2,Full,CampsitePermit,Less than 20ft,
Blomidon,NS ,2,Senior,CampsitePermit,Tents,
Five Islands,NS ,2,Full,CampsitePermit,Single Tent,
Thomas Raddall,NS ,4,Full,CampsitePermit,Less than 40ft,
Thomas Raddall,NS ,2,Full,CampsitePermit,Single Tent,
Amherst Shore,BC ,2,Full,CampsitePermit,Single Tent,
Dollar Lake,NS ,4,Full,CampsitePermit,Tents,
Rissers Beach,NS ,3,Full,CampsitePermit,Single Tent,
Laurie,NB ,2,Full,CampsitePermit,Less than 20ft,
Smileys,NS ,2,Full,CampsitePermit,Less than 20ft,
Rissers Beach,NS ,4,Full,CampsitePermit,Tents,
Mira River,NS ,2,Senior,CampsitePermit,Less than 20ft,
Cape Chignecto,NS ,1,Full,BackcountryPermit,Single Tent,
Five Islands,QC ,2,Full,CampsitePermit,Single Tent,
The Islands,NS ,5,Full,CampsitePermit,Tents,
Caribou Munroes,NS ,2,Veteran,CampsitePermit,Tents,
Ellenwood Lake,NS ,2,Full,CampsitePermit,Single Tent,
Mira River,NS ,4,Full,CampsitePermit,Single Tent,
Rissers Beach,NS ,2,Full,CampsitePermit,Less than 20ft,
Laurie,NS ,4,Full,CampsitePermit,Less than 20ft,
Caribou Munroes,NS ,3,Full,CampsitePermit,Less than 20ft,
Graves Island,NS ,4,Full,CampsitePermit,Less than 20ft,
Thomas Raddall,NS ,2,Veteran,CampsitePermit,Single Tent,
Caribou Munroes,BC ,2,Senior,CampsitePermit,Less than 30ft,
Mira River,NS ,2,Senior,CampsitePermit,Single Tent,
Five Islands,NS ,2,Full,CampsitePermit,Less than 20ft,
Ellenwood Lake,NS ,5,Full,CampsitePermit,Tents,
Ellenwood Lake,NS ,2,Full,CampsitePermit,Single Tent,
Graves Island,NS ,4,Full,CampsitePermit,Less than 20ft,
Amherst Shore,NS ,3,Full,CampsitePermit,Single Tent,
Ellenwood Lake,NS ,4,Full,CampsitePermit,Single Tent,
Mira River,NS ,2,Full,CampsitePermit,Single Tent,
Mira River,AB ,1,Full,CampsitePermit,Single Tent,
Graves Island,QC ,2,Senior,CampsitePermit,Less than 30ft,
Laurie,NS ,2,Full,CampsitePermit,Less than 20ft,
Graves Island,NS ,4,Full,CampsitePermit,Single Tent,
Mira River,NS ,4,Full,CampsitePermit,Single Tent,
Boylston,NS ,4,Full,CampsitePermit,Single Tent,
Thomas Raddall,NS ,2,Senior,CampsitePermit,Less than 30ft,
Caribou Munroes,NS ,3,Full,CampsitePermit,Tents,
Five Islands,NB ,2,Senior,CampsitePermit,Less than 20ft,
Porters Lake,NB ,4,Full,CampsitePermit,Less than 30ft,
Graves Island,NS ,2,Full,CampsitePermit,Less than 40ft,
Boylston,NS ,2,Full,CampsitePermit,Single Tent,
Amherst Shore,NS ,5,Full,CampsitePermit,Single Tent,
Five Islands,NS ,1,Full,CampsitePermit,Single Tent,
Mira River,NS ,3,Full,CampsitePermit,Less than 20ft,
Laurie,NS ,2,Full,CampsitePermit,Less than 20ft,
Blomidon,AB ,2,Full,CampsitePermit,Less than 30ft,
Blomidon,AB ,2,Senior,CampsitePermit,Less than 30ft,
Rissers Beach,NS ,4,Full,CampsitePermit,Less than 20ft,
Smileys,NS ,3,Full,CampsitePermit,Less than 20ft,
Cape Chignecto,NS ,2,Full,BackcountryPermit,Single Tent,
Mira River,NS ,3,Full,CampsitePermit,Less than 30ft,
Amherst Shore,NS ,2,Full,CampsitePermit,Less than 30ft,
Caribou Munroes,ON ,3,Full,CampsitePermit,Less than 20ft,
Rissers Beach,NB ,2,Full,CampsitePermit,Single Tent,
Battery,NS ,2,Full,CampsitePermit,Single Tent,
Graves Island,NS ,5,Full,CampsitePermit,Tents,
Caribou Munroes,QC ,2,Full,CampsitePermit,Single Tent,
Ellenwood Lake,NS ,5,Full,CampsitePermit,Less than 20ft,
Ellenwood Lake,NS ,2,Full,CampsitePermit,Single Tent,
Rissers Beach,NS ,3,Full,CampsitePermit,Tents,
Rissers Beach,NS ,6,Full,CampsitePermit,Tents,
Dollar Lake,NS ,2,Full,CampsitePermit,Single Tent,
Thomas Raddall,NS ,2,Full,CampsitePermit,Single Tent,
Graves Island,NB ,3,Full,CampsitePermit,Less than 30ft,
Cape Chignecto,NS ,2,Full,BackcountryPermit,Single Tent,
Rissers Beach,NS ,4,Full,CampsitePermit,Less than 20ft,
Salsman,QC ,2,Full,CampsitePermit,Single Tent,
Blomidon,NS ,4,Full,CampsitePermit,Tents,
Rissers Beach,NS ,1,Full,CampsitePermit,Single Tent,
Salsman,NS ,1,Full,CampsitePermit,Less than 30ft,
Caribou Munroes,ON ,2,Senior,CampsitePermit,Less than 20ft,
Caribou Munroes,NB ,2,Full,CampsitePermit,Single Tent,
Dollar Lake,NS ,2,Full,CampsitePermit,Single Tent,
Laurie,NS ,2,Full,CampsitePermit,Less than 30ft,
Blomidon,NS ,2,Full,CampsitePermit,Single Tent,
Rissers Beach,NS ,5,Full,CampsitePermit,Tents,
Rissers Beach,NS ,2,Full,CampsitePermit,Less than 40ft,
The Islands,ON ,2,Full,CampsitePermit,Less than 20ft,
Caribou Munroes,NS ,2,Full,CampsitePermit,Single Tent,
Rissers Beach,NS ,2,Full,CampsitePermit,Single Tent,
Graves Island,NS ,2,Veteran,CampsitePermit,Less than 30ft,
Graves Island,NS ,2,Senior,CampsitePermit,Less than 30ft,
Caribou Munroes,NS ,1,Senior,CampsitePermit,Less than 30ft,
Rissers Beach,NS ,4,Full,CampsitePermit,Less than 20ft,
Rissers Beach,NS ,5,Full,CampsitePermit,Tents,
Mira River,NS ,2,Full,CampsitePermit,Less than 30ft,
Rissers Beach,NS ,2,Full,CampsitePermit,Single Tent,
Smileys,NS ,2,Full,CampsitePermit,Less than 30ft,
Valleyview,NS ,2,Full,CampsitePermit,Less than 40ft,
Amherst Shore,NS ,3,Full,CampsitePermit,Single Tent,
Laurie,NS ,6,Full,CampsitePermit,Tents,
Mira River,NS ,6,Full,CampsitePermit,Single Tent,
Graves Island,NS ,4,Full,CampsitePermit,Less than 20ft,
Mira River,NS ,5,Full,CampsitePermit,Single Tent,
Porters Lake,NS ,2,Full,CampsitePermit,Tents,
Caribou Munroes,NS ,4,Full,CampsitePermit,Single Tent,
Ellenwood Lake,NS ,2,Full,CampsitePermit,Less than 30ft,
Five Islands,QC ,2,Full,CampsitePermit,Single Tent,
Rissers Beach,NS ,1,Full,CampsitePermit,Single Tent,
Graves Island,QC ,2,Full,CampsitePermit,Less than 20ft,
Laurie,QC ,2,Full,CampsitePermit,Less than 20ft,
Whycocomagh,ON ,2,Full,CampsitePermit,Less than 20ft,
Rissers Beach,NS ,5,Full,CampsitePermit,Less than 40ft,
Caribou Munroes,QC ,4,Full,CampsitePermit,Single Tent,
Battery,NS ,2,Full,CampsitePermit,Less than 20ft,
Graves Island,NS ,1,Full,CampsitePermit,Less than 30ft,
Thomas Raddall,ON ,2,Senior,CampsitePermit,Single Tent,
Battery,NS ,2,Senior,CampsitePermit,Single Tent,
Graves Island,NS ,2,Full,CampsitePermit,Less than 30ft,
Thomas Raddall,NS ,2,Full,CampsitePermit,Single Tent,
Porters Lake,NS ,2,Full,CampsitePermit,Single Tent,
Rissers Beach,NS ,2,Full,CampsitePermit,Single Tent,
Mira River,NS ,2,Full,CampsitePermit,Less than 30ft,
Blomidon,NS ,3,Full,CampsitePermit,Single Tent,
Caribou Munroes,PE ,4,Full,CampsitePermit,Single Tent,
Salsman,NS ,2,Full,CampsitePermit,Single Tent,
Mira River,NS ,2,Full,CampsitePermit,Less than 30ft,
Valleyview,NS ,1,Full,CampsitePermit,Less than 20ft,
Porters Lake,NS ,4,Full,CampsitePermit,Tents,
Thomas Raddall,NB ,2,Full,CampsitePermit,Single Tent,
Porters Lake,NS ,3,Full,CampsitePermit,Single Tent,
Mira River,NS ,4,Full,CampsitePermit,Single Tent,
Caribou Munroes,ON ,4,Full,CampsitePermit,Less than 20ft,
Smileys,NS ,3,Full,CampsitePermit,Single Tent,
Caribou Munroes,NS ,2,Full,CampsitePermit,Less than 20ft,
Caribou Munroes,AB ,2,Full,CampsitePermit,Single Tent,
Rissers Beach,NS ,2,Full,CampsitePermit,Less than 20ft,
Ellenwood Lake,NS ,7,Full,CampsitePermit,Less than 20ft,
Mira River,NS ,6,Full,CampsitePermit,Less than 30ft,
Valleyview,NB ,2,Full,CampsitePermit,Single Tent,
Porters Lake,NS ,2,Full,CampsitePermit,Single Tent,
Mira River,NS ,4,Full,CampsitePermit,Less than 30ft,
Thomas Raddall,QC ,4,Full,CampsitePermit,Less than 30ft,
Ellenwood Lake,NL ,2,Full,CampsitePermit,Single Tent,
Rissers Beach,NS ,4,Full,CampsitePermit,Less than 20ft,
Blomidon,NS ,4,Full,CampsitePermit,Single Tent,
Ellenwood Lake,NS ,3,Full,CampsitePermit,Single Tent,
Blomidon,QC ,3,Senior,CampsitePermit,Single Tent,
Porters Lake,NB ,1,Full,CampsitePermit,Single Tent,
Blomidon,NS ,2,Full,CampsitePermit,Single Tent,
Porters Lake,NS ,5,Full,CampsitePermit,Less than 20ft,
Laurie,NS ,2,Full,CampsitePermit,Single Tent,
Five Islands,PE ,2,Full,CampsitePermit,Single Tent,
Thomas Raddall,NS ,5,Full,CampsitePermit,Tents,
Cape Chignecto,ON ,1,Full,BackcountryPermit,Single Tent,
Thomas Raddall,NS ,3,Full,CampsitePermit,Single Tent,
Graves Island,NS ,2,Full,CampsitePermit,Single Tent,
Salsman,NS ,2,Full,CampsitePermit,Single Tent,
Porters Lake,NS ,2,Full,CampsitePermit,Single Tent,
Mira River,NS ,4,Full,CampsitePermit,Less than 20ft,
Rissers Beach,NS ,4,Full,CampsitePermit,Less than 20ft,
Amherst Shore,NS ,4,Full,CampsitePermit,Less than 20ft,
Blomidon,NS ,2,Senior,CampsitePermit,Less than 30ft,
Dollar Lake,NS ,5,Full,CampsitePermit,Single Tent,
Ellenwood Lake,NS ,2,Senior,CampsitePermit,Less than 20ft,
Amherst Shore,NS ,2,Senior,CampsitePermit,Less than 20ft,
Mira River,NS ,5,Full,CampsitePermit,Single Tent,
Valleyview,NS ,3,Full,CampsitePermit,Single Tent,
Thomas Raddall,NS ,2,Full,CampsitePermit,Single Tent,
Five Islands,NB ,3,Full,CampsitePermit,Single Tent,
Graves Island,NS ,4,Full,CampsitePermit,Less than 30ft,
Graves Island,NS ,2,Full,CampsitePermit,Less than 20ft,
Blomidon,NS ,6,Full,CampsitePermit,Tents,
Porters Lake,QC ,2,Full,CampsitePermit,Single Tent,
Ellenwood Lake,NS ,2,Full,CampsitePermit,Single Tent,
The Islands,PE ,2,Full,CampsitePermit,Single Tent,
Porters Lake,NS ,2,Full,CampsitePermit,Single Tent,
Graves Island,NS ,4,Full,CampsitePermit,Less than 20ft,
Boylston,NS ,2,Full,CampsitePermit,Tents,
Ellenwood Lake,NS ,2,Full,CampsitePermit,Less than 30ft,
Caribou Munroes,NS ,4,Full,CampsitePermit,Tents,
Mira River,NS ,2,Full,CampsitePermit,Single Tent,
Porters Lake,QC ,2,Full,CampsitePermit,Single Tent,
Laurie,NS ,2,Full,CampsitePermit,Single Tent,
Thomas Raddall,NS ,2,Full,CampsitePermit,Tents,
Caribou Munroes,NS ,2,Full,CampsitePermit,Single Tent,
Five Islands,NS ,2,Veteran,CampsitePermit,Less than 30ft,
Blomidon,NS ,1,Full,CampsitePermit,Single Tent,
Rissers Beach,NS ,2,Full,CampsitePermit,Less than 20ft,
Ellenwood Lake,NS ,2,Full,CampsitePermit,Single Tent,
Dollar Lake,NS ,6,Full,CampsitePermit,Tents,
Salsman,QC ,2,Full,CampsitePermit,Less than 20ft,
Smileys,NS ,2,Senior,CampsitePermit,Less than 30ft,
Amherst Shore,NS ,3,Full,CampsitePermit,Single Tent,
Graves Island,QC ,2,Senior,CampsitePermit,Less than 30ft,
Rissers Beach,NS ,4,Full,CampsitePermit,Tents,
Caribou Munroes,NS ,2,Full,CampsitePermit,Less than 30ft,
Rissers Beach,NS ,4,Full,CampsitePermit,Less than 20ft,
Dollar Lake,NS ,2,Full,CampsitePermit,Single Tent,
Blomidon,NS ,4,Full,CampsitePermit,Tents,
Mira River,NS ,2,Full,CampsitePermit,Less than 20ft,
Five Islands,QC ,2,Full,CampsitePermit,Less than 20ft,
Ellenwood Lake,NS ,3,Full,CampsitePermit,Less than 20ft,
Rissers Beach,NS ,5,Full,CampsitePermit,Less than 30ft,
Blomidon,NS ,4,Full,CampsitePermit,Tents,
Graves Island,NS ,2,Full,CampsitePermit,Single Tent,
Caribou Munroes,NS ,2,Full,CampsitePermit,Single Tent,
Ellenwood Lake,NS ,4,Full,CampsitePermit,Less than 30ft,
Rissers Beach,NS ,3,FULL,CampsitePermit,Single Tent,
Battery,NS ,3,Full,CampsitePermit,Less than 20ft,
Graves Island,NS ,2,Full,CampsitePermit,Less than 20ft,
Dollar Lake,NS ,2,Full,CampsitePermit,Single Tent,
Porters Lake,ON ,1,Full,CampsitePermit,Single Tent,
Graves Island,NS ,2,Full,CampsitePermit,Less than 30ft,
Thomas Raddall,NS ,2,Full,CampsitePermit,Less than 30ft,
Battery,ON ,2,Full,CampsitePermit,Less than 30ft,
Smileys,NS ,4,Full,CampsitePermit,Less than 20ft,
Thomas Raddall,NS ,6,Full,CampsitePermit,Less than 30ft,
Smileys,NS ,5,Full,CampsitePermit,Single Tent,
Blomidon,NS ,4,Full,CampsitePermit,Tents,
Dollar Lake,NS ,6,Full,CampsitePermit,Single Tent,
Rissers Beach,QC ,2,Full,CampsitePermit,Less than 20ft,
Porters Lake,ON ,3,Full,CampsitePermit,Less than 20ft,
Mira River,NS ,3,Full,CampsitePermit,Less than 30ft,
Caribou Munroes,NS ,3,Full,CampsitePermit,Tents,
Five Islands,NS ,2,Senior,CampsitePermit,Less than 20ft,
Five Islands,NS ,2,Full,CampsitePermit,Single Tent,
Smileys,NS ,2,Full,CampsitePermit,Single Tent,
Graves Island,NS ,4,Senior,CampsitePermit,Tents,
Porters Lake,QC ,2,Full,CampsitePermit,Less than 20ft,
Rissers Beach,NS ,6,Full,CampsitePermit,Tents,
Battery,NS ,2,Senior,CampsitePermit,Less than 30ft,
Cape Chignecto,NS ,2,Full,BackcountryPermit,Single Tent,
Dollar Lake,NS ,2,Full,CampsitePermit,Single Tent,
The Islands,NS ,2,Full,CampsitePermit,Single Tent,
Dollar Lake,NS ,3,Full,CampsitePermit,Single Tent,
Rissers Beach,NS ,4,Full,CampsitePermit,Less than 20ft,
Dollar Lake,NS ,2,Full,CampsitePermit,Tents,
Graves Island,NS ,1,Full,CampsitePermit,Less than 20ft,
Mira River,ON ,1,Full,CampsitePermit,Single Tent,
Laurie,NS ,6,Full,CampsitePermit,Less than 30ft,
Rissers Beach,NS ,2,Full,CampsitePermit,Less than 20ft,
Caribou Munroes,ON ,2,Full,CampsitePermit,Less than 30ft,
Graves Island,BC ,2,Full,CampsitePermit,Less than 30ft,
Mira River,NS ,4,Full,CampsitePermit,Less than 30ft,
Porters Lake,NS ,2,Full,CampsitePermit,Less than 30ft,
Thomas Raddall,NS ,3,Full,CampsitePermit,Single Tent,
Battery,QC ,5,Full,CampsitePermit,Single Tent,
Rissers Beach,NS ,3,Senior,CampsitePermit,Less than 30ft,
Salsman,NS ,3,Full,CampsitePermit,Single Tent,
Dollar Lake,NS ,2,Full,CampsitePermit,Single Tent,
Valleyview,MB ,2,Senior,CampsitePermit,Less than 20ft,
Caribou Munroes,NS ,3,Full,CampsitePermit,Single Tent,
Caribou Munroes,NS ,3,Full,CampsitePermit,Less than 20ft,
Blomidon,PE ,3,Full,CampsitePermit,Single Tent,
Mira River,NS ,2,Full,CampsitePermit,Single Tent,
Thomas Raddall,QC ,2,Full,CampsitePermit,Single Tent,
Thomas Raddall,NS ,2,Senior,CampsitePermit,Single Tent,
Mira River,QC ,2,Senior,CampsitePermit,Single Tent,
Smileys,NS ,3,Full,CampsitePermit,Single Tent,
Five Islands,NS ,4,Full,CampsitePermit,Tents,
The Islands,QC ,5,Full,CampsitePermit,Less than 20ft,
Amherst Shore,NS ,2,Full,CampsitePermit,Single Tent,
Caribou Munroes,NS ,5,Full,CampsitePermit,Tents,
Graves Island,QC ,2,Full,CampsitePermit,Less than 30ft,
Cape Chignecto,ON ,2,Full,BackcountryPermit,Single Tent,
Graves Island,PE ,1,Full,CampsitePermit,Less than 20ft,
Smileys,NS ,2,Full,CampsitePermit,Less than 30ft,
Mira River,ON ,3,Full,CampsitePermit,Single Tent,
Rissers Beach,BC ,2,Full,CampsitePermit,Single Tent,
Caribou Munroes,QC ,2,Full,CampsitePermit,Less than 20ft,
Porters Lake,QC ,4,Full,CampsitePermit,Less than 30ft,
Five Islands,QC ,2,Full,CampsitePermit,Single Tent,
Graves Island,ON ,5,Full,CampsitePermit,Less than 20ft,
Ellenwood Lake,NS ,4,Full,CampsitePermit,Less than 30ft,
Graves Island,NS ,2,Full,CampsitePermit,Less than 20ft,
Caribou Munroes,ON ,2,Senior,CampsitePermit,Less than 20ft,
Laurie,NS ,4,Full,CampsitePermit,Single Tent,
Porters Lake,NS ,2,Full,CampsitePermit,Single Tent,
Caribou Munroes,NS ,1,Full,CampsitePermit,Single Tent,
Blomidon,NS ,4,Full,CampsitePermit,Tents,
Dollar Lake,NS ,5,Full,CampsitePermit,Single Tent,
Rissers Beach,ON ,2,Full,CampsitePermit,Less than 30ft,
Graves Island,NS ,2,Senior,CampsitePermit,Less than 30ft,
Amherst Shore,NS ,2,Full,CampsitePermit,Less than 40ft,
Ellenwood Lake,NS ,8,Full,CampsitePermit,Less than 20ft,
Amherst Shore,NS ,2,Full,CampsitePermit,Less than 40ft,
Porters Lake,NS ,2,Full,CampsitePermit,Single Tent,
Rissers Beach,NS ,1,Full,CampsitePermit,Single Tent,
Salsman,NS ,2,Full,CampsitePermit,Less than 30ft,
Thomas Raddall,NS ,4,Full,CampsitePermit,Less than 30ft,
Amherst Shore,NS ,2,Senior,CampsitePermit,Less than 20ft,
Thomas Raddall,NS ,6,Full,CampsitePermit,Less than 20ft,
Blomidon,QC ,2,Full,CampsitePermit,Less than 20ft,
Laurie,ON ,2,Full,CampsitePermit,Tents,
Porters Lake,QC ,2,Full,CampsitePermit,Single Tent,
Whycocomagh,NS ,4,Full,YurtPermit,Tents,
Caribou Munroes,QC ,2,Full,CampsitePermit,Single Tent,
Caribou Munroes,NS ,2,Full,CampsitePermit,Less than 20ft,
Dollar Lake,NS ,4,Full,CampsitePermit,Tents,
Thomas Raddall,NS ,2,Full,CampsitePermit,Less than 30ft,
Boylston,ON ,1,Full,CampsitePermit,Single Tent,
Five Islands,NS ,2,Full,CampsitePermit,Single Tent,
Caribou Munroes,NS ,2,Full,CampsitePermit,Single Tent,
Ellenwood Lake,NS ,6,Veteran,CampsitePermit,Less than 20ft,
Dollar Lake,NS ,5,Full,CampsitePermit,Tents,
Blomidon,NS ,2,Full,CampsitePermit,Single Tent,
Rissers Beach,NS ,6,Senior,CampsitePermit,Less than 30ft,
Thomas Raddall,NS ,3,Full,CampsitePermit,Single Tent,
Rissers Beach,NS ,4,Full,CampsitePermit,Single Tent,
Amherst Shore,NS ,2,Full,CampsitePermit,Less than 20ft,
Amherst Shore,ON ,2,Full,CampsitePermit,Single Tent,
Caribou Munroes,NS ,2,Full,CampsitePermit,Single Tent,
Porters Lake,NB ,2,Full,CampsitePermit,Single Tent,
Blomidon,NS ,2,Full,CampsitePermit,Less than 20ft,
Mira River,NS ,4,Full,CampsitePermit,Less than 30ft,
Graves Island,NS ,2,Full,CampsitePermit,Less than 30ft,
Caribou Munroes,NS ,4,Full,CampsitePermit,Tents,
Porters Lake,ON ,1,Full,CampsitePermit,Single Tent,
Porters Lake,NS ,1,Full,CampsitePermit,Single Tent,
Amherst Shore,QC ,2,Full,CampsitePermit,Single Tent,
Porters Lake,NS ,2,Full,CampsitePermit,Less than 30ft,
Whycocomagh,QC ,2,Full,CampsitePermit,Less than 40ft,
Laurie,NS ,2,Full,CampsitePermit,Less than 30ft,
Whycocomagh,BC ,2,Full,CampsitePermit,Less than 20ft,
Five Islands,NS ,6,Full,CampsitePermit,Less than 20ft,
Mira River,NB ,4,Full,CampsitePermit,Less than 20ft,
Caribou Munroes,QC ,2,Full,CampsitePermit,Less than 30ft,
The Islands,NS ,4,Full,CampsitePermit,Less than 20ft,
Caribou Munroes,ON ,3,Full,CampsitePermit,Single Tent,
Amherst Shore,QC ,2,Senior,CampsitePermit,Less than 20ft,
Smileys,NS ,2,Full,CampsitePermit,Less than 20ft,
Blomidon,QC ,1,Full,CampsitePermit,Single Tent,
Mira River,NS ,2,Full,CampsitePermit,Less than 30ft,
Smileys,NS ,4,Full,CampsitePermit,Less than 30ft,
Mira River,NS ,4,Full,CampsitePermit,Tents,
Porters Lake,NS ,2,Full,CampsitePermit,Single Tent,
The Islands,NS ,2,Senior,CampsitePermit,Less than 30ft,
Blomidon,NS ,1,Full,CampsitePermit,Single Tent,
Graves Island,NS ,6,Full,CampsitePermit,Tents,
Five Islands,QC ,5,Full,CampsitePermit,Single Tent,
Ellenwood Lake,NS ,1,Full,CampsitePermit,Single Tent,
Blomidon,NS ,6,Full,CampsitePermit,Tents,
Mira River,NS ,2,Full,CampsitePermit,Less than 20ft,
Laurie,NS ,4,Full,CampsitePermit,Tents,
Blomidon,NS ,2,Full,CampsitePermit,Less than 30ft,
Salsman,NS ,4,Full,CampsitePermit,Single Tent,
The Islands,NS ,2,Full,CampsitePermit,Single Tent,
Blomidon,NB ,2,Full,CampsitePermit,Single Tent,
Dollar Lake,NS ,4,Full,CampsitePermit,Single Tent,
Battery,AB ,2,Full,CampsitePermit,Single Tent,
Caribou Munroes,QC ,2,Senior,CampsitePermit,Single Tent,
Cape Chignecto,NS ,5,Full,BackcountryPermit,Single Tent,
Mira River,NS ,3,Full,CampsitePermit,Single Tent,
Five Islands,NS ,2,Senior,CampsitePermit,Single Tent,
Laurie,AB ,2,Full,CampsitePermit,Less than 30ft,
Porters Lake,ON ,2,Full,CampsitePermit,Single Tent,
Graves Island,ON ,2,Full,CampsitePermit,Single Tent,
Mira River,NS ,2,Full,CampsitePermit,Less than 30ft,
Whycocomagh,ON ,6,Full,YurtPermit,Tents,
Amherst Shore,NB ,3,Full,CampsitePermit,Less than 20ft,
Mira River,NS ,2,Full,CampsitePermit,Less than 30ft,
Mira River,NS ,2,Full,CampsitePermit,Less than 20ft,
Five Islands,NS ,4,Full,CampsitePermit,Single Tent,
Porters Lake,QC ,2,Full,CampsitePermit,Single Tent,
Dollar Lake,NS ,4,Full,CampsitePermit,Single Tent,
Mira River,NS ,3,Full,CampsitePermit,Less than 40ft,
Mira River,QC ,2,Full,CampsitePermit,Single Tent,
Laurie,MB ,3,Full,CampsitePermit,Less than 30ft,
Thomas Raddall,NS ,2,Full,CampsitePermit,Less than 30ft,
Porters Lake,NS ,6,Full,CampsitePermit,Single Tent,
Blomidon,NS ,1,Full,CampsitePermit,Single Tent,
Mira River,QC ,3,Full,CampsitePermit,Single Tent,
Dollar Lake,NS ,3,Full,CampsitePermit,Single Tent,
Graves Island,NS ,2,Full,CampsitePermit,Less than 30ft,
The Islands,NS ,2,Full,CampsitePermit,Less than 30ft,
Caribou Munroes,ON ,1,Full,CampsitePermit,Single Tent,
Graves Island,NS ,2,Full,CampsitePermit,Less than 20ft,
The Islands,NS ,2,Full,CampsitePermit,Less than 20ft,
Five Islands,QC ,2,Full,CampsitePermit,Less than 20ft,
Salsman,BC ,2,Senior,CampsitePermit,Less than 30ft,
Amherst Shore,NB ,2,Full,CampsitePermit,Single Tent,
Rissers Beach,NS ,4,Full,CampsitePermit,Less than 20ft,
Porters Lake,NS ,4,Full,CampsitePermit,Less than 30ft,
Salsman,NS ,2,Full,CampsitePermit,Single Tent,
Whycocomagh,NS ,2,Full,CampsitePermit,Less than 30ft,
Mira River,NS ,4,Full,CampsitePermit,Single Tent,
Porters Lake,NS ,1,Full,CampsitePermit,Single Tent,
Smileys,NS ,2,Full,CampsitePermit,Single Tent,
Rissers Beach,NS ,4,Full,CampsitePermit,Single Tent,
Caribou Munroes,ON ,2,Full,CampsitePermit,Single Tent,
Mira River,NB ,2,Senior,CampsitePermit,Less than 20ft,
Caribou Munroes,NS ,1,Host,CampsitePermit,Single Tent,
Battery,ON ,6,Senior,CampsitePermit,Less than 20ft,
Boylston,ON ,2,Full,CampsitePermit,Single Tent,
Laurie,NS ,1,Full,CampsitePermit,Less than 20ft,
Graves Island,NS ,2,Senior,CampsitePermit,Less than 20ft,
Graves Island,NB ,1,Senior,CampsitePermit,Single Tent,
Whycocomagh,ON ,2,Full,CampsitePermit,Less than 40ft,
Battery,QC ,2,Full,CampsitePermit,Less than 30ft,
Thomas Raddall,NS ,2,Full,CampsitePermit,Tents,
Porters Lake,NS ,1,Full,CampsitePermit,Single Tent,
Blomidon,NS ,1,Full,CampsitePermit,Single Tent,
Dollar Lake,QC ,6,Full,CampsitePermit,Single Tent,
Valleyview,NB ,1,Full,CampsitePermit,Single Tent,
Dollar Lake,NS ,6,Veteran,CampsitePermit,Tents,
Porters Lake,BC ,2,Full,CampsitePermit,Less than 30ft,
Rissers Beach,NS ,5,Full,CampsitePermit,Tents,
Rissers Beach,NS ,2,Full,CampsitePermit,Single Tent,
Battery,NS ,2,Full,CampsitePermit,Single Tent,
Blomidon,ON ,2,Full,CampsitePermit,Less than 30ft,
Amherst Shore,NB ,1,Full,CampsitePermit,Less than 20ft,
Ellenwood Lake,QC ,2,Full,CampsitePermit,Single Tent,
Graves Island,ON ,2,Full,CampsitePermit,Less than 30ft,
Rissers Beach,NS ,4,Full,CampsitePermit,Less than 30ft,
Valleyview,NS ,2,Full,CampsitePermit,Single Tent,
Thomas Raddall,NS ,2,Full,CampsitePermit,Single Tent,
Salsman,NS ,6,Full,CampsitePermit,Tents,
Mira River,ON ,2,Senior,CampsitePermit,Single Tent,
Smileys,NS ,2,Full,CampsitePermit,Less than 20ft,
Whycocomagh,NS ,4,Full,CampsitePermit,Less than 20ft,
Rissers Beach,NS ,4,Full,CampsitePermit,Less than 30ft,
Rissers Beach,NS ,2,Full,CampsitePermit,Less than 20ft,
Dollar Lake,NS ,5,Full,CampsitePermit,Tents,
Dollar Lake,NS ,4,Full,CampsitePermit,Tents,
Ellenwood Lake,NS ,2,Full,CampsitePermit,Single Tent,
Caribou Munroes,ON ,4,Full,CampsitePermit,Less than 20ft,
Mira River,NS ,2,Full,CampsitePermit,Less than 20ft,
Thomas Raddall,NS ,2,Full,CampsitePermit,Single Tent,
Thomas Raddall,NS ,2,Full,CampsitePermit,Single Tent,
Blomidon,NS ,2,Full,CampsitePermit,Single Tent,
Blomidon,NS ,2,Senior,CampsitePermit,Single Tent,
Smileys,NS ,4,Full,CampsitePermit,Tents,
Graves Island,NS ,4,Full,CampsitePermit,Less than 20ft,
Rissers Beach,NS ,2,Full,CampsitePermit,Less than 30ft,
Porters Lake,QC ,1,Full,CampsitePermit,Less than 20ft,
Laurie,NS ,2,Full,CampsitePermit,Single Tent,
Mira River,NS ,2,Senior,CampsitePermit,Less than 20ft,
Rissers Beach,NS ,3,Full,CampsitePermit,Less than 30ft,
Caribou Munroes,NS ,2,Full,CampsitePermit,Less than 40ft,
Mira River,NS ,4,Senior,CampsitePermit,Less than 20ft,
Graves Island,NS ,4,Full,CampsitePermit,Single Tent,
Laurie,NS ,2,Veteran,CampsitePermit,Less than 20ft,
Rissers Beach,NS ,2,Full,CampsitePermit,Less than 30ft,
Caribou Munroes,NS ,2,Full,CampsitePermit,Single Tent,
Five Islands,NS ,5,Full,CampsitePermit,Less than 30ft,
Laurie,NS ,5,Full,CampsitePermit,Tents,
Blomidon,NS ,2,Full,CampsitePermit,Single Tent,
Caribou Munroes,QC ,2,Full,CampsitePermit,Single Tent,
Rissers Beach,QC ,2,Full,CampsitePermit,Less than 30ft,
Caribou Munroes,NS ,2,Full,CampsitePermit,Single Tent,
The Islands,NS ,4,Full,CampsitePermit,Less than 30ft,
Thomas Raddall,NS ,5,Full,CampsitePermit,Less than 30ft,
Amherst Shore,BC ,2,Senior,CampsitePermit,Less than 20ft,
Porters Lake,QC ,4,Full,CampsitePermit,Less than 20ft,
Thomas Raddall,NS ,2,Full,CampsitePermit,Less than 20ft,
Thomas Raddall,NS ,2,Full,CampsitePermit,Less than 30ft,
Five Islands,ON ,2,Senior,CampsitePermit,Less than 20ft,
Dollar Lake,NS ,4,Full,CampsitePermit,Tents,
Boylston,NS ,1,Full,CampsitePermit,Less than 20ft,
Amherst Shore,NS ,2,Senior,CampsitePermit,Single Tent,
Porters Lake,NS ,4,Full,CampsitePermit,Single Tent,
Valleyview,NS ,5,Full,CampsitePermit,Less than 30ft,
Graves Island,NS ,2,Full,CampsitePermit,Single Tent,
Caribou Munroes,NS ,2,Senior,CampsitePermit,Single Tent,
Laurie,NS ,5,Full,CampsitePermit,Less than 20ft,
Porters Lake,NS ,3,Full,CampsitePermit,Tents,
Ellenwood Lake,NS ,2,Full,CampsitePermit,Single Tent,
Ellenwood Lake,NS ,5,Full,CampsitePermit,Single Tent,
The Islands,ON ,1,Full,CampsitePermit,Single Tent,
Graves Island,NS ,2,Full,CampsitePermit,Less than 30ft,
Caribou Munroes,NS ,2,Senior,CampsitePermit,Less than 30ft,
Amherst Shore,BC ,5,Full,CampsitePermit,Single Tent,
Blomidon,NS ,2,Full,CampsitePermit,Single Tent,
Graves Island,NS ,2,Full,CampsitePermit,Less than 30ft,
Dollar Lake,NS ,6,Full,CampsitePermit,Tents,
Caribou Munroes,NS ,2,Full,CampsitePermit,Single Tent,
Thomas Raddall,NS ,4,Full,CampsitePermit,Single Tent,
Porters Lake,NS ,2,Senior,CampsitePermit,Less than 30ft,
Rissers Beach,NS ,4,Full,CampsitePermit,Single Tent,
Caribou Munroes,NS ,2,Senior,CampsitePermit,Less than 40ft,
Ellenwood Lake,NS ,2,Full,CampsitePermit,Tents,
Battery,BC ,3,Senior,CampsitePermit,Single Tent,
Caribou Munroes,NS ,6,Senior,CampsitePermit,Single Tent,
Rissers Beach,NS ,2,Full,CampsitePermit,Less than 20ft,
Rissers Beach,NS ,4,Full,CampsitePermit,Tents,
Rissers Beach,NS ,3,Full,CampsitePermit,Less than 30ft,
Rissers Beach,NS ,4,Full,CampsitePermit,Less than 30ft,
Dollar Lake,NS ,4,Full,CampsitePermit,Single Tent,
Thomas Raddall,NS ,5,Full,CampsitePermit,Single Tent,
Graves Island,NS ,3,Full,CampsitePermit,Tents,
Laurie,NS ,2,Senior,CampsitePermit,Less than 30ft,
Porters Lake,NS ,2,Full,CampsitePermit,Single Tent,
Five Islands,NS ,3,Full,CampsitePermit,Tents,
Porters Lake,NS ,1,Full,CampsitePermit,Single Tent,
Amherst Shore,QC ,2,Senior,CampsitePermit,Less than 30ft,
Blomidon,NS ,3,Full,CampsitePermit,Single Tent,
Blomidon,NS ,3,Full,CampsitePermit,Less than 20ft,
Rissers Beach,NS ,3,Full,CampsitePermit,Less than 20ft,
Smileys,NS ,6,Full,CampsitePermit,Less than 20ft,
Mira River,NS ,2,Full,CampsitePermit,Less than 30ft,
Five Islands,NS ,3,Full,CampsitePermit,Tents,
Caribou Munroes,NS ,4,Full,CampsitePermit,Less than 30ft,
Caribou Munroes,QC ,4,Full,CampsitePermit,Less than 20ft,
Graves Island,NS ,4,Full,CampsitePermit,Less than 30ft,
Rissers Beach,NS ,2,Full,CampsitePermit,Less than 30ft,
Caribou Munroes,BC ,2,Senior,CampsitePermit,Less than 20ft,
Ellenwood Lake,NS ,2,Full,CampsitePermit,Single Tent,
Mira River,QC ,3,Full,CampsitePermit,Less than 30ft,
Dollar Lake,NS ,4,Full,CampsitePermit,Single Tent,
Mira River,QC ,2,Full,CampsitePermit,Single Tent,
Mira River,NS ,2,Full,CampsitePermit,Less than 20ft,
Rissers Beach,NS ,2,Full,CampsitePermit,Single Tent,
Cape Chignecto,NB ,2,Veteran,BackcountryPermit,Single Tent,
Thomas Raddall,NS ,2,Full,CampsitePermit,Single Tent,
Dollar Lake,NS ,3,Full,CampsitePermit,Less than 20ft,
Ellenwood Lake,NS ,2,Full,CampsitePermit,Single Tent,
Whycocomagh,QC ,2,Full,CampsitePermit,Less than 20ft,
Ellenwood Lake,NS ,2,Full,CampsitePermit,Less than 30ft,
Laurie,NS ,4,Full,CampsitePermit,Less than 20ft,
The Islands,NB ,3,Full,CampsitePermit,Single Tent,
Rissers Beach,NS ,6,Full,CampsitePermit,Tents,
Graves Island,NS ,4,Full,CampsitePermit,Less than 30ft,
Porters Lake,QC ,4,Full,CampsitePermit,Tents,
Whycocomagh,NS ,2,Full,CampsitePermit,Less than 20ft,
Ellenwood Lake,NS ,2,Full,CampsitePermit,Single Tent,
Dollar Lake,NS ,6,Full,CampsitePermit,Tents,
Rissers Beach,NS ,3,Full,CampsitePermit,Less than 20ft,
Blomidon,NS ,3,Full,CampsitePermit,Tents,
Blomidon,QC ,2,Full,CampsitePermit,Single Tent,
Porters Lake,AB ,3,Full,CampsitePermit,Less than 30ft,
Whycocomagh,AB ,4,Senior,CampsitePermit,Less than 30ft,
Porters Lake,NS ,6,Full,CampsitePermit,Tents,
Graves Island,NS ,6,Full,CampsitePermit,Less than 20ft,
Graves Island,NS ,2,Full,CampsitePermit,Less than 30ft,
Dollar Lake,NS ,3,Full,CampsitePermit,Single Tent,
Caribou Munroes,AB ,2,Senior,CampsitePermit,Single Tent,
Cape Chignecto,ON ,1,Full,BackcountryPermit,Single Tent,
Laurie,NS ,4,Full,CampsitePermit,Tents,
Mira River,NS ,4,Full,CampsitePermit,Less than 30ft,
Amherst Shore,ON ,2,Full,CampsitePermit,Single Tent,
Porters Lake,QC ,4,Full,CampsitePermit,Tents,
Caribou Munroes,NS ,2,Veteran,CampsitePermit,Less than 30ft,
Blomidon,NS ,1,Full,CampsitePermit,Single Tent,
Blomidon,NS ,2,Full,CampsitePermit,Single Tent,
Graves Island,NS ,5,Full,CampsitePermit,Less than 20ft,
Graves Island,AB ,2,Full,CampsitePermit,Less than 30ft,
Rissers Beach,NS ,2,Full,CampsitePermit,Less than 20ft,
Graves Island,NS ,1,Full,CampsitePermit,Single Tent,
Mira River,NS ,2,Senior,CampsitePermit,Less than 30ft,
Blomidon,NS ,1,Full,CampsitePermit,Single Tent,
Mira River,QC ,2,Full,CampsitePermit,Single Tent,
Porters Lake,NS ,2,Senior,CampsitePermit,Less than 30ft,
Porters Lake,NS ,2,Full,CampsitePermit,Less than 20ft,
Graves Island,ON ,3,Full,CampsitePermit,Tents,
Cape Chignecto,NB ,1,Full,BackcountryPermit,Single Tent,
The Islands,ON ,2,Full,CampsitePermit,Less than 40ft,
Laurie,NS ,2,Full,CampsitePermit,Less than 20ft,
Rissers Beach,NS ,2,Full,CampsitePermit,Less than 40ft,
Mira River,ON ,2,Full,CampsitePermit,Single Tent,
Thomas Raddall,NS ,4,Full,CampsitePermit,Less than 40ft,
Ellenwood Lake,NS ,2,Full,CampsitePermit,Less than 20ft,
Dollar Lake,NS ,1,Full,CampsitePermit,Single Tent,
Whycocomagh,QC ,2,Full,CampsitePermit,Single Tent,
Salsman,NS ,6,Full,CampsitePermit,Less than 30ft,
Blomidon,NS ,4,Full,CampsitePermit,Single Tent,
Caribou Munroes,NS ,4,Full,CampsitePermit,Single Tent,
Caribou Munroes,NB ,2,Full,CampsitePermit,Single Tent,
Dollar Lake,NS ,2,Full,CampsitePermit,Less than 20ft,
Blomidon,NS ,3,Full,CampsitePermit,Single Tent,
Thomas Raddall,NS ,2,Full,CampsitePermit,Single Tent,
Battery,NS ,4,Full,CampsitePermit,Single Tent,
Graves Island,NS ,2,Full,CampsitePermit,Single Tent,
Caribou Munroes,NS ,4,Full,CampsitePermit,Tents,
Amherst Shore,QC ,2,Full,CampsitePermit,Less than 30ft,
Amherst Shore,ON ,1,Senior,CampsitePermit,Less than 20ft,
Graves Island,NS ,6,Full,CampsitePermit,Less than 20ft,
Blomidon,NS ,4,Full,CampsitePermit,Single Tent,
Porters Lake,ON ,2,Senior,CampsitePermit,Less than 20ft,
Amherst Shore,QC ,2,Full,CampsitePermit,Less than 20ft,
Mira River,ON ,2,Full,CampsitePermit,Less than 30ft,
Laurie,QC ,2,Full,CampsitePermit,Single Tent,
Boylston,QC ,3,Full,CampsitePermit,Less than 30ft,
Rissers Beach,NS ,2,Full,CampsitePermit,Less than 20ft,
Five Islands,ON ,6,Full,CampsitePermit,Less than 20ft,
Laurie,NS ,2,Full,CampsitePermit,Less than 20ft,
Rissers Beach,NS ,3,Full,CampsitePermit,Less than 20ft,
Valleyview,NS ,2,Full,CampsitePermit,Less than 30ft,
Mira River,ON ,2,Senior,CampsitePermit,Less than 20ft,
The Islands,ON ,2,Full,CampsitePermit,Single Tent,
Dollar Lake,NS ,2,Full,CampsitePermit,Single Tent,
Smileys,BC ,2,Senior,CampsitePermit,Less than 30ft,
Smileys,NS ,2,Full,CampsitePermit,Less than 20ft,
Smileys,NS ,4,Full,CampsitePermit,Less than 30ft,
Graves Island,NS ,3,Full,CampsitePermit,Less than 20ft,
Boylston,NS ,4,Full,CampsitePermit,Single Tent,
Five Islands,ON ,2,Full,CampsitePermit,Single Tent,
The Islands,NS ,2,Senior,CampsitePermit,Less than 30ft,
Blomidon,NS ,2,Full,CampsitePermit,Single Tent,
Mira River,NS ,2,Full,CampsitePermit,Less than 30ft,
Rissers Beach,NS ,4,Full,CampsitePermit,Less than 20ft,
Dollar Lake,NS ,6,Full,CampsitePermit,Tents,
Dollar Lake,NS ,3,Full,CampsitePermit,Single Tent,
Graves Island,NS ,1,Senior,CampsitePermit,Single Tent,
Blomidon,NS ,2,Full,CampsitePermit,Single Tent,
Graves Island,NS ,2,Full,CampsitePermit,Less than 40ft,
Dollar Lake,NS ,2,Full,CampsitePermit,Single Tent,
Thomas Raddall,NS ,2,Full,CampsitePermit,Single Tent,
Porters Lake,NS ,2,Full,CampsitePermit,Single Tent,
Graves Island,AB ,2,Full,CampsitePermit,Single Tent,
Graves Island,NS ,3,Full,CampsitePermit,Single Tent,
Dollar Lake,NS ,3,Full,CampsitePermit,Single Tent,
Porters Lake,NS ,3,Full,CampsitePermit,Less than 30ft,
Blomidon,QC ,4,Full,CampsitePermit,Less than 20ft,
Cape Chignecto,NS ,2,Full,BackcountryPermit,Single Tent,
Mira River,QC ,2,Senior,CampsitePermit,Less than 20ft,
Rissers Beach,NS ,1,Full,CampsitePermit,Less than 20ft,
Laurie,NS ,1,Full,CampsitePermit,Single Tent,
Boylston,NS ,4,Full,CampsitePermit,Single Tent,
Caribou Munroes,BC ,2,Full,CampsitePermit,Less than 30ft,
Blomidon,QC ,3,Full,CampsitePermit,Single Tent,
Thomas Raddall,NS ,2,Full,CampsitePermit,Less than 20ft,
Amherst Shore,NB ,4,Full,CampsitePermit,Single Tent,
Porters Lake,ON ,3,Full,CampsitePermit,Less than 30ft,
Salsman,NS ,3,Full,CampsitePermit,Single Tent,
The Islands,NS ,2,Full,CampsitePermit,Less than 20ft,
Smileys,NS ,5,Full,CampsitePermit,Single Tent,
Amherst Shore,NS ,3,Full,CampsitePermit,Less than 20ft,
Caribou Munroes,NS ,6,Senior,CampsitePermit,Less than 20ft,
Rissers Beach,NS ,2,Full,CampsitePermit,Less than 20ft,
Porters Lake,AB ,2,Senior,CampsitePermit,Less than 30ft,
Blomidon,QC ,4,Full,CampsitePermit,Single Tent,
Salsman,NS ,3,Full,CampsitePermit,Less than 20ft,
Thomas Raddall,NS ,2,Full,CampsitePermit,Tents,
Dollar Lake,NS ,5,Full,CampsitePermit,Less than 30ft,
Blomidon,BC ,2,Senior,CampsitePermit,Less than 30ft,
Ellenwood Lake,NS ,5,Full,CampsitePermit,Single Tent,
The Islands,NS ,2,Full,CampsitePermit,Tents,
Porters Lake,QC ,3,Full,CampsitePermit,Single Tent,
Thomas Raddall,NS ,6,Full,CampsitePermit,Single Tent,
Rissers Beach,NS ,6,Full,CampsitePermit,Tents,
Five Islands,QC ,2,Full,CampsitePermit,Less than 20ft,
Laurie,NS ,2,Full,CampsitePermit,Single Tent,
Dollar Lake,NS ,5,Full,CampsitePermit,Tents,
Rissers Beach,ON ,2,Full,CampsitePermit,Less than 30ft,
Laurie,NS ,4,Full,CampsitePermit,Less than 20ft,
Amherst Shore,ON ,2,Full,CampsitePermit,Single Tent,
Dollar Lake,NS ,4,Full,CampsitePermit,Single Tent,
Whycocomagh,QC ,2,Full,CampsitePermit,Less than 20ft,
Rissers Beach,ON ,1,Full,CampsitePermit,Single Tent,
Battery,NS ,2,Full,CampsitePermit,Single Tent,
Rissers Beach,NS ,3,Full,CampsitePermit,Less than 20ft,
Caribou Munroes,NS ,2,Senior,CampsitePermit,Less than 20ft,
Porters Lake,ON ,2,Full,CampsitePermit,Less than 20ft,
Mira River,NS ,5,Full,CampsitePermit,Single Tent,
Whycocomagh,QC ,6,Full,YurtPermit,Tents,
The Islands,NS ,4,Full,CampsitePermit,Tents,
Dollar Lake,NS ,6,Full,CampsitePermit,Less than 30ft,
Battery,NS ,2,Full,CampsitePermit,Less than 20ft,
Graves Island,NS ,2,Full,CampsitePermit,Single Tent,
Mira River,AB ,2,Full,CampsitePermit,Single Tent,
Caribou Munroes,NS ,4,Full,CampsitePermit,Less than 20ft,
Whycocomagh,NS ,2,Full,YurtPermit,Tents,
Mira River,ON ,2,Full,CampsitePermit,Single Tent,
Rissers Beach,NS ,2,Senior,CampsitePermit,Single Tent,
Rissers Beach,NS ,4,Full,CampsitePermit,Less than 20ft,
Graves Island,NS ,4,Full,CampsitePermit,Single Tent,
Mira River,QC ,2,Full,CampsitePermit,Less than 30ft,
Valleyview,NS ,5,Full,CampsitePermit,Single Tent,
Graves Island,NS ,2,Full,CampsitePermit,Less than 20ft,
Mira River,NS ,4,Full,CampsitePermit,Less than 40ft,
Graves Island,NS ,4,Full,CampsitePermit,Tents,
Laurie,NS ,3,Full,CampsitePermit,Single Tent,
Five Islands,ON ,4,Full,CampsitePermit,Single Tent,
Rissers Beach,NS ,5,Full,CampsitePermit,Tents,
Dollar Lake,NS ,2,Full,CampsitePermit,Single Tent,
Blomidon,ON ,2,Full,CampsitePermit,Single Tent,
Rissers Beach,NS ,3,Full,CampsitePermit,Single Tent,
Rissers Beach,QC ,1,Full,CampsitePermit,Single Tent,
Blomidon,NS ,2,Full,CampsitePermit,Single Tent,
Rissers Beach,NS ,5,Full,CampsitePermit,Less than 30ft,
Dollar Lake,NS ,4,Full,CampsitePermit,Tents,
Five Islands,NS ,2,Full,CampsitePermit,Single Tent,
Porters Lake,NS ,6,Full,CampsitePermit,Tents,
The Islands,QC ,2,Senior,CampsitePermit,Less than 30ft,
Porters Lake,NS ,2,Full,CampsitePermit,Less than 30ft,
Five Islands,NB ,3,Full,CampsitePermit,Less than 30ft,
Five Islands,QC ,2,Full,CampsitePermit,Less than 40ft,
Rissers Beach,NS ,4,Full,CampsitePermit,Tents,
Graves Island,NS ,4,Full,CampsitePermit,Less than 30ft,
Graves Island,NS ,2,Full,CampsitePermit,Less than 20ft,
Laurie,NS ,6,Full,CampsitePermit,Tents,
Rissers Beach,NS ,3,Full,CampsitePermit,Less than 30ft,
Graves Island,QC ,5,Full,CampsitePermit,Single Tent,
Blomidon,NS ,4,Full,CampsitePermit,Tents,
Dollar Lake,NS ,3,Full,CampsitePermit,Single Tent,
Battery,QC ,2,Full,CampsitePermit,Single Tent,
Five Islands,QC ,2,Full,CampsitePermit,Single Tent,
Valleyview,QC ,2,Full,CampsitePermit,Less than 30ft,
Rissers Beach,NS ,4,Full,CampsitePermit,Single Tent,
Rissers Beach,NS ,2,Full,CampsitePermit,Tents,
Graves Island,NS ,3,Full,CampsitePermit,Less than 20ft,
Rissers Beach,QC ,2,Full,CampsitePermit,Less than 20ft,
The Islands,AB ,1,Senior,CampsitePermit,Single Tent,
Porters Lake,NS ,2,Full,CampsitePermit,Less than 30ft,
Graves Island,NS ,2,Full,CampsitePermit,Less than 30ft,
Graves Island,NS ,2,Senior,CampsitePermit,Less than 30ft,
Valleyview,ON ,2,Full,CampsitePermit,Less than 20ft,
Porters Lake,NL ,2,Full,CampsitePermit,Less than 40ft,
Laurie,ON ,2,Full,CampsitePermit,Less than 20ft,
Rissers Beach,NS ,1,Full,CampsitePermit,Less than 20ft,
Mira River,QC ,3,Full,CampsitePermit,Less than 20ft,
Caribou Munroes,QC ,2,Full,CampsitePermit,Less than 20ft,
Rissers Beach,NS ,2,Full,CampsitePermit,Single Tent,
Dollar Lake,NS ,7,Full,CampsitePermit,Tents,
The Islands,NS ,3,Full,CampsitePermit,Less than 20ft,
Rissers Beach,ON ,2,Senior,CampsitePermit,Less than 20ft,
Five Islands,NS ,4,Full,CampsitePermit,Less than 20ft,
Valleyview,NS ,1,Full,CampsitePermit,Single Tent,
Rissers Beach,NS ,2,Full,CampsitePermit,Less than 30ft,
Laurie,NS ,5,Full,CampsitePermit,Tents,
Graves Island,NS ,2,Senior,CampsitePermit,Less than 30ft,
Dollar Lake,NS ,4,Full,CampsitePermit,Single Tent,
Smileys,NS ,2,Full,CampsitePermit,Less than 30ft,
Valleyview,ON ,3,Full,CampsitePermit,Single Tent,
The Islands,QC ,2,Full,CampsitePermit,Less than 30ft,
Rissers Beach,NS ,5,Full,CampsitePermit,Tents,
Cape Chignecto,NS ,3,Full,BackcountryPermit,Single Tent,
Caribou Munroes,NS ,3,Full,CampsitePermit,Tents,
Mira River,NS ,2,Veteran,CampsitePermit,Less than 30ft,
Battery,NS ,3,Full,CampsitePermit,Single Tent,
Mira River,ON ,2,Full,CampsitePermit,Less than 30ft,
Amherst Shore,NS ,2,Full,CampsitePermit,Single Tent,
Five Islands,NB ,3,Full,CampsitePermit,Single Tent,
Laurie,NS ,2,Veteran,CampsitePermit,Less than 40ft,
Salsman,NB ,1,Full,CampsitePermit,Single Tent,
Rissers Beach,NS ,3,Full,CampsitePermit,Single Tent,
Smileys,NS ,3,Full,CampsitePermit,Less than 30ft,
Mira River,NS ,4,Senior,CampsitePermit,Tents,
Mira River,NS ,4,Full,CampsitePermit,Less than 30ft,
Porters Lake,NS ,2,Full,CampsitePermit,Single Tent,
Dollar Lake,NS ,2,Full,CampsitePermit,Single Tent,
Thomas Raddall,NS ,2,Full,CampsitePermit,Single Tent,
Graves Island,NS ,2,Full,CampsitePermit,Less than 20ft,
Thomas Raddall,NS ,2,Full,CampsitePermit,Single Tent,
Porters Lake,NS ,2,Full,CampsitePermit,Single Tent,
Battery,BC ,2,Full,CampsitePermit,Less than 30ft,
Mira River,NS ,4,Full,CampsitePermit,Tents,
Mira River,QC ,2,Full,CampsitePermit,Single Tent,
Porters Lake,NS ,4,Full,CampsitePermit,Single Tent,
Mira River,QC ,3,Full,CampsitePermit,Less than 30ft,
Rissers Beach,QC ,2,Full,CampsitePermit,Single Tent,
Dollar Lake,NS ,2,Full,CampsitePermit,Less than 30ft,
Battery,NS ,5,Full,CampsitePermit,Single Tent,
The Islands,ON ,2,Full,CampsitePermit,Less than 20ft,
Thomas Raddall,QC ,2,Full,CampsitePermit,Single Tent,
Whycocomagh,NS ,3,Full,YurtPermit,Tents,
Thomas Raddall,NB ,4,Full,CampsitePermit,Single Tent,
Mira River,NS ,2,Full,CampsitePermit,Less than 30ft,
Laurie,QC ,2,Full,CampsitePermit,Single Tent,
Caribou Munroes,NL ,4,Full,CampsitePermit,Single Tent,
Smileys,NS ,3,Full,CampsitePermit,Less than 30ft,
Five Islands,NS ,2,Full,CampsitePermit,Less than 30ft,
Amherst Shore,ON ,5,Full,CampsitePermit,Less than 20ft,
Five Islands,NS ,6,Full,CampsitePermit,Single Tent,
Smileys,NS ,1,Full,CampsitePermit,Single Tent,
Graves Island,NS ,1,Full,CampsitePermit,Single Tent,
Caribou Munroes,NS ,2,Full,CampsitePermit,Less than 20ft,
The Islands,QC ,2,Full,CampsitePermit,Single Tent,
Graves Island,NS ,1,Full,CampsitePermit,Less than 30ft,
Rissers Beach,NS ,4,Full,CampsitePermit,Single Tent,
Rissers Beach,NS ,4,Full,CampsitePermit,Single Tent,
Five Islands,NS ,2,Senior,CampsitePermit,Single Tent,
Rissers Beach,NS ,2,Full,CampsitePermit,Less than 20ft,
Porters Lake,NS ,6,Full,CampsitePermit,Single Tent,
Graves Island,NS ,2,Full,CampsitePermit,Less than 30ft,
Graves Island,NS ,4,Full,CampsitePermit,Tents,
Whycocomagh,NS ,3,Full,CampsitePermit,Less than 20ft,
Thomas Raddall,NS ,2,Full,CampsitePermit,Single Tent,
Graves Island,NS ,2,Veteran,CampsitePermit,Less than 30ft,
Smileys,NS ,4,Full,CampsitePermit,Single Tent,
Five Islands,NS ,2,Senior,CampsitePermit,Less than 20ft,
Graves Island,NS ,2,Full,CampsitePermit,Single Tent,
Graves Island,QC ,2,Full,CampsitePermit,Single Tent,
Five Islands,NS ,3,Full,CampsitePermit,Single Tent,
The Islands,NS ,1,Full,CampsitePermit,Single Tent,
Rissers Beach,NS ,4,Full,CampsitePermit,Tents,
Rissers Beach,NS ,1,Full,CampsitePermit,Single Tent,
Smileys,NS ,2,Full,CampsitePermit,Less than 20ft,
Graves Island,ON ,2,Senior,CampsitePermit,Less than 20ft,
Laurie,NS ,2,Full,CampsitePermit,Single Tent,
Rissers Beach,NS ,2,Full,CampsitePermit,Less than 30ft,
Thomas Raddall,NB ,2,Full,CampsitePermit,Single Tent,
Rissers Beach,NS ,3,Full,CampsitePermit,Less than 20ft,
Mira River,BC ,4,Full,CampsitePermit,Single Tent,
Amherst Shore,NS ,2,Full,CampsitePermit,Single Tent,
Caribou Munroes,QC ,2,Full,CampsitePermit,Less than 20ft,
Rissers Beach,NS ,2,Full,CampsitePermit,Single Tent,
Ellenwood Lake,NS ,3,Senior,CampsitePermit,Less than 30ft,
Dollar Lake,NS ,6,Full,CampsitePermit,Single Tent,
Smileys,NS ,2,Full,CampsitePermit,Less than 30ft,
Graves Island,NS ,2,Full,CampsitePermit,Less than 20ft,
Caribou Munroes,MB ,1,Full,CampsitePermit,Single Tent,
Mira River,NS ,4,Full,CampsitePermit,Less than 30ft,
Graves Island,NS ,6,Full,CampsitePermit,Tents,
Porters Lake,ON ,3,Full,CampsitePermit,Less than 20ft,
Caribou Munroes,NS ,4,Full,CampsitePermit,Single Tent,
Smileys,ON ,2,Full,CampsitePermit,Single Tent,
Rissers Beach,NS ,4,Full,CampsitePermit,Less than 20ft,
Blomidon,NS ,4,Full,CampsitePermit,Single Tent,
Boylston,QC ,1,Full,CampsitePermit,Single Tent,
Caribou Munroes,NS ,2,Senior,CampsitePermit,Less than 20ft,
Whycocomagh,NS ,4,Full,CampsitePermit,Single Tent,
Five Islands,ON ,2,Full,CampsitePermit,Less than 30ft,
Mira River,NS ,3,Full,CampsitePermit,Less than 20ft,
Graves Island,AB ,2,Full,CampsitePermit,Less than 20ft,
Graves Island,NS ,4,Full,CampsitePermit,Tents,
Dollar Lake,NS ,6,Full,CampsitePermit,Single Tent,
Blomidon,NS ,2,Full,CampsitePermit,Single Tent,
Rissers Beach,NS ,4,Full,CampsitePermit,Less than 20ft,
Rissers Beach,NS ,2,Full,CampsitePermit,Less than 20ft,
Mira River,NS ,2,Full,CampsitePermit,Single Tent,
Thomas Raddall,NS ,2,Full,CampsitePermit,Less than 30ft,
Thomas Raddall,NS ,2,Full,CampsitePermit,Single Tent,
Smileys,NS ,4,Full,CampsitePermit,Less than 30ft,
Graves Island,NS ,4,Full,CampsitePermit,Tents,
Rissers Beach,NS ,4,Full,CampsitePermit,Tents,
Graves Island,NS ,2,Full,CampsitePermit,Less than 30ft,
Porters Lake,ON ,2,Senior,CampsitePermit,Less than 30ft,
Whycocomagh,NS ,3,Full,CampsitePermit,Less than 30ft,
Mira River,NS ,2,Veteran,CampsitePermit,Less than 30ft,
Caribou Munroes,NS ,2,Full,CampsitePermit,Single Tent,
Porters Lake,ON ,2,Full,CampsitePermit,Single Tent,
Salsman,NS ,2,Senior,CampsitePermit,Single Tent,
Mira River,NS ,2,Full,CampsitePermit,Less than 40ft,
Five Islands,QC ,2,Senior,CampsitePermit,Less than 20ft,
Five Islands,NS ,2,Full,CampsitePermit,Single Tent,
Whycocomagh,ON ,1,Senior,CampsitePermit,Less than 20ft,
Porters Lake,QC ,2,Full,CampsitePermit,Less than 30ft,
Blomidon,ON ,2,Full,CampsitePermit,Single Tent,
Graves Island,NS ,2,Full,CampsitePermit,Single Tent,
Battery,QC ,2,Full,CampsitePermit,Less than 20ft,
Caribou Munroes,NS ,2,Full,CampsitePermit,Less than 20ft,
Whycocomagh,NS ,2,Full,CampsitePermit,Single Tent,
Cape Chignecto,NS ,1,Full,BackcountryPermit,Single Tent,
Smileys,NS ,2,Full,CampsitePermit,Single Tent,
Dollar Lake,NS ,4,Full,CampsitePermit,Tents,
Graves Island,NS ,3,Full,CampsitePermit,Less than 30ft,
Rissers Beach,NS ,4,Full,CampsitePermit,Less than 30ft,
Caribou Munroes,NS ,2,Full,CampsitePermit,Tents,
Porters Lake,AB ,4,Full,CampsitePermit,Single Tent,
Thomas Raddall,ON ,4,Full,CampsitePermit,Less than 20ft,
Thomas Raddall,NS ,4,Full,CampsitePermit,Less than 20ft,
Caribou Munroes,BC ,2,Full,CampsitePermit,Less than 20ft,
Caribou Munroes,PE ,5,Full,CampsitePermit,Single Tent,
Caribou Munroes,NS ,2,Full,CampsitePermit,Less than 20ft,
Mira River,ON ,2,Senior,CampsitePermit,Less than 30ft,
Dollar Lake,NS ,5,Full,CampsitePermit,Single Tent,
Whycocomagh,NS ,2,Full,CampsitePermit,Single Tent,
Rissers Beach,NL ,4,Full,CampsitePermit,Less than 40ft,
Caribou Munroes,QC ,2,Full,CampsitePermit,Tents,
Thomas Raddall,NS ,2,Full,CampsitePermit,Single Tent,
Dollar Lake,NS ,4,Full,CampsitePermit,Less than 20ft,
Mira River,NS ,2,Full,CampsitePermit,Less than 30ft,
Graves Island,NS ,2,Full,CampsitePermit,Single Tent,
Dollar Lake,NS ,4,Full,CampsitePermit,Single Tent,
Laurie,NS ,3,Full,CampsitePermit,Single Tent,
Rissers Beach,NS ,2,Full,CampsitePermit,Single Tent,
Rissers Beach,NS ,2,Full,CampsitePermit,Less than 20ft,
Mira River,NS ,2,Full,CampsitePermit,Single Tent,
Thomas Raddall,NS ,4,Full,CampsitePermit,Less than 20ft,
Dollar Lake,NS ,6,Full,CampsitePermit,Tents,
Amherst Shore,QC ,3,Full,CampsitePermit,Single Tent,
Laurie,NS ,2,Full,CampsitePermit,Single Tent,
Boylston,QC ,2,Full,CampsitePermit,Single Tent,
Five Islands,NS ,4,Full,CampsitePermit,Tents,
Blomidon,BC ,1,Full,CampsitePermit,Single Tent,
Thomas Raddall,NS ,3,Full,CampsitePermit,Single Tent,
Graves Island,ON ,3,Full,CampsitePermit,Less than 30ft,
Mira River,NS ,1,Full,CampsitePermit,Less than 20ft,
Graves Island,NS ,2,Full,CampsitePermit,Single Tent,
Amherst Shore,NB ,2,Senior,CampsitePermit,Less than 30ft,
Dollar Lake,NS ,3,Full,CampsitePermit,Less than 20ft,
Caribou Munroes,QC ,1,Senior,CampsitePermit,Single Tent,
Rissers Beach,NS ,2,Full,CampsitePermit,Tents,
Rissers Beach,NS ,1,Full,CampsitePermit,Single Tent,
Rissers Beach,NS ,2,Full,CampsitePermit,Less than 20ft,
Cape Chignecto,NB ,1,Full,BackcountryPermit,Single Tent,
Valleyview,NS ,2,Veteran,CampsitePermit,Single Tent,
Rissers Beach,NS ,2,Senior,CampsitePermit,Less than 20ft,
Amherst Shore,ON ,3,Full,CampsitePermit,Single Tent,
Laurie,NS ,2,Full,CampsitePermit,Less than 20ft,
Mira River,QC ,2,Full,CampsitePermit,Tents,
Smileys,NS ,2,Full,CampsitePermit,Single Tent,
Mira River,NS ,2,Full,CampsitePermit,Less than 20ft,
The Islands,QC ,5,Full,CampsitePermit,Less than 40ft,
Ellenwood Lake,NS ,2,Senior,CampsitePermit,Tents,
Mira River,NS ,4,Full,CampsitePermit,Less than 40ft,
Caribou Munroes,ON ,1,Full,CampsitePermit,Single Tent,
Battery,NS ,2,Full,CampsitePermit,Single Tent,
Caribou Munroes,NS ,2,Full,CampsitePermit,Less than 20ft,
Amherst Shore,NB ,2,Full,CampsitePermit,Less than 20ft,
Five Islands,NS ,4,Full,CampsitePermit,Single Tent,
Dollar Lake,NS ,3,Full,CampsitePermit,Single Tent,
Thomas Raddall,NS ,5,Full,CampsitePermit,Tents,
Mira River,NS ,6,Full,CampsitePermit,Tents,
Amherst Shore,NS ,4,Full,CampsitePermit,Single Tent,
Porters Lake,NS ,4,Full,CampsitePermit,Single Tent,
Caribou Munroes,NS ,5,Full,CampsitePermit,Tents,
Whycocomagh,NS ,2,Senior,CampsitePermit,Less than 20ft,
Mira River,NS ,6,Full,CampsitePermit,Less than 20ft,
Caribou Munroes,NS ,4,Full,CampsitePermit,Less than 20ft,
The Islands,NS ,2,Full,CampsitePermit,Less than 20ft,
Ellenwood Lake,NS ,4,Full,CampsitePermit,Single Tent,
Graves Island,NS ,3,Senior,CampsitePermit,Less than 20ft,
Thomas Raddall,NS ,5,Full,CampsitePermit,Tents,
Porters Lake,NB ,2,Full,CampsitePermit,Single Tent,
Rissers Beach,ON ,2,Full,CampsitePermit,Less than 30ft,
Blomidon,ON ,4,Full,CampsitePermit,Tents,
Rissers Beach,NS ,1,Full,CampsitePermit,Single Tent,
Thomas Raddall,NS ,1,Full,CampsitePermit,Single Tent,
Boylston,NS ,2,Full,CampsitePermit,Less than 30ft,
Graves Island,NS ,2,Senior,CampsitePermit,Less than 30ft,
Five Islands,NS ,2,Veteran,CampsitePermit,Single Tent,
Porters Lake,QC ,2,Full,CampsitePermit,Single Tent,
Blomidon,NS ,2,Full,CampsitePermit,Single Tent,
Mira River,QC ,4,Full,CampsitePermit,Single Tent,
Caribou Munroes,QC ,1,Full,CampsitePermit,Single Tent,
Rissers Beach,NS ,1,Full,CampsitePermit,Single Tent,
Porters Lake,NS ,4,Full,CampsitePermit,Less than 30ft,
Mira River,NS ,4,Full,CampsitePermit,Less than 20ft,
Five Islands,NS ,3,Full,CampsitePermit,Single Tent,
Mira River,NL ,2,Full,CampsitePermit,Less than 40ft,
Blomidon,NS ,3,Full,CampsitePermit,Single Tent,
Blomidon,NS ,2,Senior,CampsitePermit,Single Tent,
Thomas Raddall,NS ,3,Full,CampsitePermit,Less than 40ft,
Caribou Munroes,NS ,4,Full,CampsitePermit,Less than 30ft,
Blomidon,QC ,2,Full,CampsitePermit,Less than 30ft,
Porters Lake,NS ,2,Full,CampsitePermit,Single Tent,
Rissers Beach,NS ,5,Veteran,CampsitePermit,Less than 20ft,
Five Islands,PE ,3,Senior,CampsitePermit,Less than 20ft,
Rissers Beach,NS ,6,Full,CampsitePermit,Tents,
Thomas Raddall,NS ,4,Full,CampsitePermit,Tents,
Whycocomagh,ON ,2,Full,CampsitePermit,Single Tent,
Rissers Beach,NS ,4,Full,CampsitePermit,Less than 40ft,
Dollar Lake,NS ,4,Full,CampsitePermit,Less than 30ft,
Porters Lake,ON ,2,Full,CampsitePermit,Less than 30ft,
Dollar Lake,NS ,4,Full,CampsitePermit,Single Tent,
Blomidon,NS ,3,Full,CampsitePermit,Tents,
Thomas Raddall,NS ,6,Full,CampsitePermit,Tents,
Ellenwood Lake,NS ,4,Full,CampsitePermit,Less than 20ft,
Mira River,QC ,2,Full,CampsitePermit,Less than 30ft,
Mira River,NS ,4,Full,CampsitePermit,Less than 30ft,
Porters Lake,NS ,4,Full,CampsitePermit,Single Tent,
Mira River,NS ,4,Full,CampsitePermit,Less than 30ft,
Graves Island,QC ,1,Full,CampsitePermit,Single Tent,
Caribou Munroes,NS ,2,Full,CampsitePermit,Single Tent,
Rissers Beach,NS ,4,Full,CampsitePermit,Less than 40ft,
The Islands,ON ,4,Full,CampsitePermit,Single Tent,
Caribou Munroes,NS ,5,Full,CampsitePermit,Single Tent,
Blomidon,NS ,2,Full,CampsitePermit,Single Tent,
Mira River,ON ,4,Full,CampsitePermit,Single Tent,
Smileys,NS ,6,Full,CampsitePermit,Less than 30ft,
Caribou Munroes,NS ,4,Full,CampsitePermit,Single Tent,
Mira River,QC ,2,Full,CampsitePermit,Less than 20ft,
Rissers Beach,NS ,2,Full,CampsitePermit,Less than 20ft,
Thomas Raddall,NS ,5,Full,CampsitePermit,Less than 40ft,
Porters Lake,NS ,2,Full,CampsitePermit,Less than 20ft,
Graves Island,NS ,2,Full,CampsitePermit,Tents,
Mira River,NS ,5,Full,CampsitePermit,Less than 30ft,
Rissers Beach,NS ,2,Full,CampsitePermit,Tents,
Battery,NS ,2,Host,CampsitePermit,Less than 30ft,
Valleyview,NS ,4,Full,CampsitePermit,Single Tent,
Smileys,NS ,2,Full,CampsitePermit,Less than 30ft,
Rissers Beach,NS ,5,Full,CampsitePermit,Less than 30ft,
Cape Chignecto,NB ,2,Full,BackcountryPermit,Single Tent,
Battery,NS ,2,Full,CampsitePermit,Single Tent,
Mira River,QC ,4,Full,CampsitePermit,Less than 20ft,
Caribou Munroes,ON ,2,Full,CampsitePermit,Single Tent,
Salsman,NS ,2,Senior,CampsitePermit,Less than 30ft,
Laurie,NS ,2,Full,CampsitePermit,Single Tent,
Mira River,NS ,2,Senior,CampsitePermit,Less than 30ft,
Blomidon,NS ,2,Full,CampsitePermit,Less than 20ft,
Graves Island,ON ,1,Full,CampsitePermit,Single Tent,
Five Islands,ON ,2,Full,CampsitePermit,Single Tent,
Battery,AB ,2,Full,CampsitePermit,Single Tent,
Rissers Beach,NS ,4,Full,CampsitePermit,Less than 30ft,
Rissers Beach,NS ,3,Full,CampsitePermit,Single Tent,
Dollar Lake,NS ,2,Senior,CampsitePermit,Less than 20ft,
Laurie,NS ,2,Full,CampsitePermit,Less than 20ft,
Rissers Beach,ON ,1,Full,CampsitePermit,Single Tent,
Ellenwood Lake,QC ,2,Full,CampsitePermit,Single Tent,
Blomidon,NS ,2,Full,CampsitePermit,Single Tent,
Mira River,QC ,4,Full,CampsitePermit,Tents,
Battery,NS ,2,Senior,CampsitePermit,Single Tent,
Laurie,AB ,4,Full,CampsitePermit,Single Tent,
Smileys,NS ,2,Full,CampsitePermit,Single Tent,
Rissers Beach,MB ,1,Full,CampsitePermit,Single Tent,
Graves Island,BC ,1,Full,CampsitePermit,Single Tent,
Smileys,NS ,4,Full,CampsitePermit,Less than 30ft,
Boylston,ON ,2,Full,CampsitePermit,Less than 20ft,
Dollar Lake,NS ,4,Full,CampsitePermit,Tents,
Ellenwood Lake,NS ,2,Full,CampsitePermit,Less than 30ft,
Smileys,NB ,3,Full,CampsitePermit,Less than 30ft,
Thomas Raddall,QC ,2,Full,CampsitePermit,Greater than 40ft,
The Islands,NS ,4,Full,CampsitePermit,Single Tent,
Amherst Shore,QC ,2,Full,CampsitePermit,Single Tent,
Blomidon,NS ,2,Full,CampsitePermit,Single Tent,
Blomidon,NS ,2,Full,CampsitePermit,Single Tent,
Graves Island,QC ,1,Full,CampsitePermit,Single Tent,
Dollar Lake,NS ,2,Full,CampsitePermit,Tents,
Porters Lake,NS ,2,Full,CampsitePermit,Tents,
Rissers Beach,NS ,6,Full,CampsitePermit,Less than 40ft,
Rissers Beach,NS ,4,Full,CampsitePermit,Single Tent,
Battery,NS ,2,Host,CampsitePermit,Single Tent,
Smileys,NS ,3,Full,CampsitePermit,Less than 40ft,
Thomas Raddall,NS ,3,Full,CampsitePermit,Single Tent,
Graves Island,NS ,2,Senior,CampsitePermit,Less than 20ft,
Blomidon,NS ,5,Full,CampsitePermit,Tents,
Porters Lake,NS ,2,Full,CampsitePermit,Less than 30ft,
Rissers Beach,NS ,4,Full,CampsitePermit,Single Tent,
Graves Island,NS ,4,Full,CampsitePermit,Less than 30ft,
Five Islands,NS ,3,Full,CampsitePermit,Single Tent,
Dollar Lake,NS ,2,Full,CampsitePermit,Single Tent,
Smileys,NS ,4,Full,CampsitePermit,Less than 30ft,
Caribou Munroes,NS ,2,Full,CampsitePermit,Single Tent,
Whycocomagh,QC ,2,Full,CampsitePermit,Single Tent,
Ellenwood Lake,NS ,2,Full,CampsitePermit,Tents,
Porters Lake,NS ,4,Full,CampsitePermit,Single Tent,
Five Islands,NS ,4,Full,CampsitePermit,Less than 20ft,
Porters Lake,NS ,2,Full,CampsitePermit,Single Tent,
Valleyview,NS ,2,Full,CampsitePermit,Single Tent,
Blomidon,NS ,2,Full,CampsitePermit,Single Tent,
Boylston,NS ,2,Full,CampsitePermit,Less than 30ft,
The Islands,QC ,2,Senior,CampsitePermit,Less than 30ft,
Ellenwood Lake,NS ,2,Senior,CampsitePermit,Less than 20ft,
Caribou Munroes,ON ,2,Full,CampsitePermit,Single Tent,
Battery,NS ,3,Full,CampsitePermit,Single Tent,
Mira River,NS ,4,Full,CampsitePermit,Less than 30ft,
Smileys,NS ,4,Full,CampsitePermit,Tents,
Valleyview,NS ,2,Full,CampsitePermit,Single Tent,
Porters Lake,ON ,2,Full,CampsitePermit,Less than 40ft,
Dollar Lake,NS ,3,Full,CampsitePermit,Single Tent,
Amherst Shore,NS ,2,Full,CampsitePermit,Single Tent,
Porters Lake,NS ,4,Full,CampsitePermit,Single Tent,
Rissers Beach,NS ,5,Full,CampsitePermit,Less than 30ft,
Thomas Raddall,NS ,2,Full,CampsitePermit,Single Tent,
Mira River,NS ,4,Full,CampsitePermit,Less than 40ft,
Mira River,ON ,2,Senior,CampsitePermit,Single Tent,
The Islands,NS ,4,Full,CampsitePermit,Single Tent,
The Islands,NT ,2,Full,CampsitePermit,Single Tent,
Graves Island,NS ,1,Full,CampsitePermit,Single Tent,
Mira River,NB ,4,Full,CampsitePermit,Less than 20ft,
Valleyview,NS ,3,Senior,CampsitePermit,Less than 30ft,
Rissers Beach,QC ,2,Full,CampsitePermit,Less than 20ft,
Rissers Beach,NS ,4,Full,CampsitePermit,Less than 40ft,
Thomas Raddall,ON ,2,Full,CampsitePermit,Less than 20ft,
Graves Island,PE ,5,Full,CampsitePermit,Single Tent,
Rissers Beach,NS ,2,Full,CampsitePermit,Single Tent,
Thomas Raddall,NS ,2,Full,CampsitePermit,Single Tent,
Mira River,AB ,2,Senior,CampsitePermit,Less than 30ft,
Amherst Shore,NS ,2,Senior,CampsitePermit,Less than 40ft,
Caribou Munroes,NS ,3,Senior,CampsitePermit,Less than 30ft,
Dollar Lake,NS ,5,Full,CampsitePermit,Tents,
Amherst Shore,NS ,2,Full,CampsitePermit,Less than 30ft,
Dollar Lake,NS ,4,Full,CampsitePermit,Single Tent,
Ellenwood Lake,NS ,3,Full,CampsitePermit,Less than 30ft,
Porters Lake,QC ,2,Full,CampsitePermit,Single Tent,
Rissers Beach,NS ,1,Full,CampsitePermit,Single Tent,
Rissers Beach,NS ,2,Senior,CampsitePermit,Less than 30ft,
Salsman,NS ,2,Veteran,CampsitePermit,Tents,
Blomidon,NS ,2,Full,CampsitePermit,Single Tent,
Blomidon,NS ,3,Full,CampsitePermit,Tents,
Smileys,NS ,2,Full,CampsitePermit,Less than 20ft,
Thomas Raddall,NS ,2,Full,CampsitePermit,Single Tent,
Caribou Munroes,QC ,3,Full,CampsitePermit,Single Tent,
Graves Island,NS ,5,Full,CampsitePermit,Less than 20ft,
Graves Island,NS ,4,Full,CampsitePermit,Less than 20ft,
Graves Island,NS ,2,Full,CampsitePermit,Less than 20ft,
Mira River,NS ,2,Full,CampsitePermit,Less than 30ft,
Rissers Beach,NS ,3,Full,CampsitePermit,Single Tent,
Whycocomagh,QC ,5,Full,CampsitePermit,Tents,
Dollar Lake,NS ,4,Full,CampsitePermit,Tents,
Rissers Beach,NS ,2,Full,CampsitePermit,Less than 30ft,
Porters Lake,NS ,4,Full,CampsitePermit,Less than 20ft,
Thomas Raddall,NS ,2,Full,CampsitePermit,Single Tent,
Dollar Lake,NS ,3,Full,CampsitePermit,Less than 20ft,
Blomidon,ON ,4,Full,CampsitePermit,Less than 20ft,
Graves Island,NS ,4,Full,CampsitePermit,Less than 30ft,
Laurie,NS ,2,Full,CampsitePermit,Less than 20ft,
Dollar Lake,NS ,4,Full,CampsitePermit,Single Tent,
Laurie,NS ,4,Full,CampsitePermit,Tents,
Porters Lake,NS ,4,Full,CampsitePermit,Single Tent,
Porters Lake,NS ,2,Veteran,CampsitePermit,Less than 30ft,
Porters Lake,NS ,4,Full,CampsitePermit,Less than 40ft,
Mira River,NS ,4,Full,CampsitePermit,Less than 20ft,
Caribou Munroes,ON ,2,Senior,CampsitePermit,Less than 20ft,
Whycocomagh,MB ,2,Full,CampsitePermit,Single Tent,
Boylston,NS ,4,Full,CampsitePermit,Tents,
Blomidon,NS ,2,Full,CampsitePermit,Single Tent,
Thomas Raddall,NS ,5,Full,CampsitePermit,Less than 20ft,
Five Islands,QC ,2,Full,CampsitePermit,Single Tent,
Salsman,NS ,2,Full,CampsitePermit,Single Tent,
Smileys,NS ,2,Full,CampsitePermit,Less than 20ft,
Blomidon,NL ,1,Full,CampsitePermit,Single Tent,
Caribou Munroes,NS ,3,Full,CampsitePermit,Less than 20ft,
The Islands,ON ,5,Full,CampsitePermit,Less than 20ft,
Rissers Beach,NS ,4,Full,CampsitePermit,Less than 20ft,
Graves Island,NS ,3,Full,CampsitePermit,Less than 40ft,
Porters Lake,NS ,2,Full,CampsitePermit,Less than 20ft,
Laurie,NS ,2,Full,CampsitePermit,Single Tent,
Porters Lake,ON ,2,Full,CampsitePermit,Less than 30ft,
The Islands,NS ,2,Senior,CampsitePermit,Less than 20ft,
Mira River,NS ,1,Full,CampsitePermit,Single Tent,
Dollar Lake,NS ,2,Full,CampsitePermit,Single Tent,
Battery,NS ,6,Full,CampsitePermit,Less than 40ft,
Graves Island,NS ,2,Full,CampsitePermit,Single Tent,
Laurie,NS ,2,Full,CampsitePermit,Single Tent,
Amherst Shore,NS ,4,Full,CampsitePermit,Single Tent,
Graves Island,NS ,4,Full,CampsitePermit,Single Tent,
Graves Island,NS ,2,Full,CampsitePermit,Less than 20ft,
Smileys,NS ,1,Full,CampsitePermit,Single Tent,
Ellenwood Lake,NS ,2,Full,CampsitePermit,Less than 30ft,
Ellenwood Lake,NS ,2,Veteran,CampsitePermit,Less than 30ft,
Ellenwood Lake,NS ,2,Senior,CampsitePermit,Single Tent,
Rissers Beach,NS ,4,Full,CampsitePermit,Less than 40ft,
Caribou Munroes,NS ,2,Full,CampsitePermit,Less than 30ft,
Porters Lake,NS ,2,Full,CampsitePermit,Tents,
Mira River,NS ,4,Full,CampsitePermit,Less than 40ft,
Smileys,NS ,2,Full,CampsitePermit,Less than 30ft,
Battery,QC ,2,Full,CampsitePermit,Less than 30ft,
Thomas Raddall,NS ,2,Full,CampsitePermit,Single Tent,
Cape Chignecto,NS ,2,Full,BackcountryPermit,Single Tent,
Rissers Beach,NS ,3,Full,CampsitePermit,Less than 30ft,
Ellenwood Lake,NS ,3,Full,CampsitePermit,Single Tent,
Graves Island,NS ,2,Senior,CampsitePermit,Less than 30ft,
Rissers Beach,NS ,2,Full,CampsitePermit,Less than 20ft,
Whycocomagh,ON ,4,Full,CampsitePermit,Less than 20ft,
Smileys,NS ,6,Full,CampsitePermit,Tents,
Thomas Raddall,NS ,2,Full,CampsitePermit,Single Tent,
Five Islands,NS ,2,Full,CampsitePermit,Single Tent,
Graves Island,NS ,3,Full,CampsitePermit,Tents,
Dollar Lake,NS ,4,Full,CampsitePermit,Tents,
Salsman,NS ,4,Senior,CampsitePermit,Less than 30ft,
Rissers Beach,NS ,4,FULL,CampsitePermit,Less than 30ft,
Thomas Raddall,NS ,4,Full,CampsitePermit,Less than 20ft,
Amherst Shore,BC ,1,Full,CampsitePermit,Single Tent,
Mira River,NS ,2,Full,CampsitePermit,Single Tent,
Mira River,NS ,2,Full,CampsitePermit,Single Tent,
Mira River,NS ,5,Full,CampsitePermit,Less than 40ft,
Ellenwood Lake,NS ,5,Full,CampsitePermit,Single Tent,
Salsman,NS ,2,Full,CampsitePermit,Single Tent,
Caribou Munroes,NS ,5,Full,CampsitePermit,Tents,
Thomas Raddall,NS ,4,Full,CampsitePermit,Less than 30ft,
Cape Chignecto,NS ,2,Full,BackcountryPermit,Single Tent,
Caribou Munroes,NS ,7,Full,CampsitePermit,Tents,
Battery,NS ,2,Host,CampsitePermit,Less than 20ft,
Dollar Lake,NS ,4,Full,CampsitePermit,Tents,
Rissers Beach,NS ,6,Full,CampsitePermit,Less than 20ft,
Whycocomagh,ON ,3,Full,CampsitePermit,Single Tent,
Caribou Munroes,NS ,4,Full,CampsitePermit,Less than 30ft,
Caribou Munroes,MB ,2,Full,CampsitePermit,Single Tent,
Five Islands,NB ,2,Full,CampsitePermit,Single Tent,
Mira River,NL ,2,Full,CampsitePermit,Single Tent,
Mira River,NS ,4,Full,CampsitePermit,Tents,
Mira River,NS ,2,Senior,CampsitePermit,Less than 20ft,
Salsman,NS ,2,Senior,CampsitePermit,Less than 30ft,
Cape Chignecto,SK ,1,Full,BackcountryPermit,Single Tent,
Amherst Shore,NS ,1,Full,CampsitePermit,Single Tent,
Valleyview,QC ,2,Full,CampsitePermit,Less than 20ft,
Caribou Munroes,NS ,2,Full,CampsitePermit,Single Tent,
Caribou Munroes,BC ,3,Senior,CampsitePermit,Less than 20ft,
Rissers Beach,NS ,4,Full,CampsitePermit,Tents,
Five Islands,NS ,4,Full,CampsitePermit,Tents,
Porters Lake,QC ,2,Full,CampsitePermit,Less than 30ft,
Smileys,NS ,2,Full,CampsitePermit,Less than 40ft,
Thomas Raddall,NS ,4,Full,CampsitePermit,Single Tent,
Thomas Raddall,NS ,5,Full,CampsitePermit,Less than 30ft,
Thomas Raddall,NS ,2,Senior,CampsitePermit,Single Tent,
Graves Island,NS ,2,Full,CampsitePermit,Less than 20ft,
Blomidon,NS ,4,Full,CampsitePermit,Tents,
The Islands,NS ,2,Full,CampsitePermit,Less than 20ft,
Battery,NS ,1,Full,CampsitePermit,Single Tent,
Valleyview,BC ,1,Full,CampsitePermit,Single Tent,
Caribou Munroes,ON ,2,Full,CampsitePermit,Single Tent,
Dollar Lake,NS ,1,Full,CampsitePermit,Single Tent,
Graves Island,NS ,2,Full,CampsitePermit,Less than 30ft,
Rissers Beach,NS ,2,Senior,CampsitePermit,Less than 20ft,
Graves Island,NS ,2,Full,CampsitePermit,Single Tent,
Smileys,NS ,4,Full,CampsitePermit,Less than 30ft,
Rissers Beach,QC ,2,Full,CampsitePermit,Less than 20ft,
Smileys,NS ,2,Senior,CampsitePermit,Less than 30ft,
Five Islands,NS ,2,Full,CampsitePermit,Less than 20ft,
Five Islands,PE ,2,Senior,CampsitePermit,Single Tent,
Caribou Munroes,ON ,2,Full,CampsitePermit,Single Tent,
Thomas Raddall,NS ,5,Full,CampsitePermit,Tents,
Amherst Shore,NS ,2,Full,CampsitePermit,Single Tent,
Rissers Beach,NS ,2,Full,CampsitePermit,Single Tent,
Amherst Shore,ON ,2,Full,CampsitePermit,Single Tent,
Five Islands,NS ,2,Full,CampsitePermit,Single Tent,
Thomas Raddall,NS ,4,Full,CampsitePermit,Less than 20ft,
Salsman,NS ,2,Full,CampsitePermit,Less than 20ft,
Battery,NS ,1,Full,CampsitePermit,Single Tent,
Caribou Munroes,NS ,2,Full,CampsitePermit,Single Tent,
Boylston,NS ,1,Senior,CampsitePermit,Single Tent,
Caribou Munroes,NS ,4,Full,CampsitePermit,Less than 20ft,
Porters Lake,NS ,2,Full,CampsitePermit,Single Tent,
Rissers Beach,NS ,5,Full,CampsitePermit,Tents,
Salsman,NS ,1,Full,CampsitePermit,Less than 30ft,
Mira River,NB ,3,Full,CampsitePermit,Single Tent,
Mira River,QC ,4,Full,CampsitePermit,Tents,
Amherst Shore,NS ,2,Senior,CampsitePermit,Less than 40ft,
Rissers Beach,NS ,2,Full,CampsitePermit,Single Tent,
Caribou Munroes,NS ,2,Full,CampsitePermit,Less than 30ft,
Blomidon,NS ,4,Full,CampsitePermit,Single Tent,
Caribou Munroes,PE ,5,Full,CampsitePermit,Tents,
Five Islands,NS ,4,Full,CampsitePermit,Tents,
Ellenwood Lake,NS ,3,Full,CampsitePermit,Single Tent,
Caribou Munroes,NS ,1,Full,CampsitePermit,Less than 30ft,
Battery,NS ,2,Senior,CampsitePermit,Less than 30ft,
Dollar Lake,NS ,4,Full,CampsitePermit,Tents,
Laurie,NS ,4,Full,CampsitePermit,Single Tent,
Salsman,NS ,3,Full,CampsitePermit,Less than 30ft,
Graves Island,NS ,4,Senior,CampsitePermit,Less than 30ft,
Graves Island,NS ,2,Full,CampsitePermit,Less than 20ft,
Porters Lake,ON ,2,Full,CampsitePermit,Less than 20ft,
Amherst Shore,QC ,2,Full,CampsitePermit,Single Tent,
Whycocomagh,BC ,2,Senior,CampsitePermit,Less than 30ft,
Laurie,NS ,5,Full,CampsitePermit,Single Tent,
Dollar Lake,NS ,2,Full,CampsitePermit,Single Tent,
Porters Lake,NS ,3,Full,CampsitePermit,Single Tent,
Blomidon,NS ,3,Full,CampsitePermit,Single Tent,
Porters Lake,NS ,2,Full,CampsitePermit,Single Tent,
Porters Lake,QC ,4,Full,CampsitePermit,Single Tent,
Whycocomagh,NS ,2,Full,CampsitePermit,Less than 20ft,
Amherst Shore,QC ,2,Full,CampsitePermit,Single Tent,
Whycocomagh,NS ,2,Senior,CampsitePermit,Single Tent,
Mira River,NS ,4,Full,CampsitePermit,Single Tent,
Dollar Lake,NS ,2,Full,CampsitePermit,Single Tent,
The Islands,ON ,2,Full,CampsitePermit,Single Tent,
Dollar Lake,NS ,6,Full,CampsitePermit,Less than 20ft,
Graves Island,ON ,3,Senior,CampsitePermit,Less than 40ft,
Amherst Shore,QC ,2,Full,CampsitePermit,Single Tent,
Graves Island,NS ,4,Full,CampsitePermit,Tents,
Mira River,NS ,4,Full,CampsitePermit,Less than 40ft,
Rissers Beach,NS ,1,Full,CampsitePermit,Single Tent,
Mira River,NS ,2,Full,CampsitePermit,Single Tent,
Rissers Beach,NS ,4,Full,CampsitePermit,Single Tent,
Mira River,NS ,4,Full,CampsitePermit,Less than 30ft,
Graves Island,NS ,3,Full,CampsitePermit,Single Tent,
Dollar Lake,NS ,2,Full,CampsitePermit,Less than 20ft,
Dollar Lake,NS ,5,Full,CampsitePermit,Tents,
Blomidon,NS ,4,Full,CampsitePermit,Tents,
Valleyview,NS ,4,Senior,CampsitePermit,Single Tent,
Graves Island,NS ,1,Full,CampsitePermit,Single Tent,
Five Islands,NS ,2,Full,CampsitePermit,Single Tent,
The Islands,NS ,4,Full,CampsitePermit,Tents,
Valleyview,ON ,3,Full,CampsitePermit,Less than 20ft,
Rissers Beach,ON ,2,Full,CampsitePermit,Single Tent,
Mira River,NS ,3,Full,CampsitePermit,Greater than 40ft,
Mira River,NS ,3,Full,CampsitePermit,Less than 20ft,
Cape Chignecto,NS ,2,Full,BackcountryPermit,Single Tent,
Ellenwood Lake,NS ,1,Full,CampsitePermit,Single Tent,
Smileys,NS ,3,Full,CampsitePermit,Less than 40ft,
Dollar Lake,NS ,2,Full,CampsitePermit,Single Tent,
Dollar Lake,NS ,2,Full,CampsitePermit,Less than 20ft,
Valleyview,NB ,2,Senior,CampsitePermit,Single Tent,
Graves Island,ON ,3,Full,CampsitePermit,Tents,
Rissers Beach,NS ,4,Full,CampsitePermit,Single Tent,
Five Islands,NS ,6,Senior,CampsitePermit,Less than 20ft,
Ellenwood Lake,NS ,3,Full,CampsitePermit,Single Tent,
Ellenwood Lake,NS ,3,Full,CampsitePermit,Single Tent,
Valleyview,QC ,2,Full,CampsitePermit,Less than 30ft,
Mira River,NS ,3,Full,CampsitePermit,Single Tent,
Salsman,NS ,2,Full,CampsitePermit,Less than 30ft,
Blomidon,NS ,2,Full,CampsitePermit,Single Tent,
The Islands,NS ,3,Full,CampsitePermit,Single Tent,
Battery,QC ,5,Full,CampsitePermit,Tents,
Porters Lake,AB ,4,Full,CampsitePermit,Single Tent,
The Islands,ON ,2,Full,CampsitePermit,Single Tent,
Smileys,NS ,2,Full,CampsitePermit,Less than 30ft,
Porters Lake,NS ,2,Full,CampsitePermit,Single Tent,
Thomas Raddall,NS ,2,Full,CampsitePermit,Single Tent,
Dollar Lake,NS ,4,Full,CampsitePermit,Single Tent,
Graves Island,NS ,5,Full,CampsitePermit,Tents,
Graves Island,ON ,4,Full,CampsitePermit,Less than 20ft,
Graves Island,NS ,4,Full,CampsitePermit,Less than 20ft,
Salsman,NS ,4,Full,CampsitePermit,Tents,
Rissers Beach,NS ,2,Full,CampsitePermit,Less than 30ft,
Dollar Lake,NS ,2,Full,CampsitePermit,Less than 30ft,
Blomidon,NS ,4,Full,CampsitePermit,Tents,
Caribou Munroes,NS ,3,Full,CampsitePermit,Less than 30ft,
Thomas Raddall,NS ,2,Full,CampsitePermit,Single Tent,
Smileys,NS ,4,Full,CampsitePermit,Less than 30ft,
Five Islands,QC ,2,Full,CampsitePermit,Single Tent,
Rissers Beach,NS ,2,Senior,CampsitePermit,Less than 30ft,
Dollar Lake,NS ,4,Full,CampsitePermit,Single Tent,
Blomidon,NS ,2,Full,CampsitePermit,Less than 20ft,
Boylston,NS ,2,Full,CampsitePermit,Less than 20ft,
Battery,NS ,2,Full,CampsitePermit,Single Tent,
Smileys,NS ,4,Veteran,CampsitePermit,Less than 30ft,
Blomidon,NS ,2,Full,CampsitePermit,Single Tent,
Blomidon,NS ,4,Full,CampsitePermit,Single Tent,
Whycocomagh,QC ,4,Full,CampsitePermit,Less than 30ft,
Graves Island,NS ,2,Full,CampsitePermit,Less than 20ft,
Cape Chignecto,AB ,1,Senior,BackcountryPermit,Single Tent,
Caribou Munroes,QC ,3,Senior,CampsitePermit,Less than 30ft,
Thomas Raddall,QC ,3,Full,CampsitePermit,Tents,
Ellenwood Lake,NS ,4,Full,CampsitePermit,Less than 30ft,
Whycocomagh,QC ,2,Full,CampsitePermit,Less than 30ft,
Porters Lake,NS ,2,Full,CampsitePermit,Single Tent,
Mira River,NS ,5,Full,CampsitePermit,Less than 40ft,
Dollar Lake,NS ,2,Full,CampsitePermit,Less than 20ft,
Caribou Munroes,NS ,2,Full,CampsitePermit,Single Tent,
Blomidon,NB ,1,Full,CampsitePermit,Single Tent,
Laurie,NS ,2,Senior,CampsitePermit,Less than 20ft,
Cape Chignecto,NS ,2,Full,BackcountryPermit,Single Tent,
Caribou Munroes,NS ,3,Full,CampsitePermit,Single Tent,
Porters Lake,NS ,2,Full,CampsitePermit,Less than 30ft,
Rissers Beach,NS ,2,Full,CampsitePermit,Tents,
Thomas Raddall,NS ,2,Full,CampsitePermit,Less than 20ft,
Mira River,NB ,6,Full,CampsitePermit,Single Tent,
Rissers Beach,NS ,4,Full,CampsitePermit,Single Tent,
Caribou Munroes,NS ,2,Full,CampsitePermit,Less than 20ft,
Ellenwood Lake,NS ,4,Full,CampsitePermit,Less than 20ft,
Graves Island,NS ,4,Full,CampsitePermit,Less than 40ft,
Cape Chignecto,NB ,3,Full,BackcountryPermit,Single Tent,
Rissers Beach,NS ,2,Senior,CampsitePermit,Less than 20ft,
Graves Island,QC ,2,Full,CampsitePermit,Single Tent,
Battery,NS ,2,Senior,CampsitePermit,Less than 20ft,
Laurie,NS ,4,Full,CampsitePermit,Tents,
Thomas Raddall,NS ,2,Full,CampsitePermit,Single Tent,
Laurie,NS ,4,Full,CampsitePermit,Single Tent,
Dollar Lake,NS ,4,Full,CampsitePermit,Single Tent,
Rissers Beach,NS ,3,Full,CampsitePermit,Less than 20ft,
Graves Island,NS ,4,Full,CampsitePermit,Less than 30ft,
Five Islands,NS ,2,Full,CampsitePermit,Less than 20ft,
Thomas Raddall,NS ,2,Full,CampsitePermit,Single Tent,
Battery,ON ,2,Full,CampsitePermit,Single Tent,
Battery,NB ,3,Full,CampsitePermit,Single Tent,
Thomas Raddall,NS ,1,Full,CampsitePermit,Single Tent,
Graves Island,QC ,3,Full,CampsitePermit,Single Tent,
Rissers Beach,NS ,2,Full,CampsitePermit,Less than 30ft,
Caribou Munroes,ON ,2,Full,CampsitePermit,Single Tent,
Five Islands,NB ,4,Full,CampsitePermit,Single Tent,
Battery,NS ,2,Full,CampsitePermit,Single Tent,
Dollar Lake,NS ,2,Full,CampsitePermit,Less than 20ft,
Blomidon,NS ,4,Full,CampsitePermit,Single Tent,
Boylston,NS ,2,Senior,CampsitePermit,Less than 30ft,
Graves Island,ON ,2,Full,CampsitePermit,Single Tent,
Smileys,NS ,4,Full,CampsitePermit,Greater than 40ft,
Graves Island,NS ,2,Full,CampsitePermit,Less than 40ft,
Amherst Shore,QC ,2,Full,CampsitePermit,Single Tent,
Amherst Shore,QC ,2,Full,CampsitePermit,Single Tent,
Graves Island,NS ,2,Full,CampsitePermit,Less than 30ft,
Whycocomagh,QC ,1,Full,CampsitePermit,Single Tent,
Ellenwood Lake,NS ,2,Full,CampsitePermit,Single Tent,
Graves Island,NS ,2,Senior,CampsitePermit,Less than 30ft,
Rissers Beach,NS ,4,Full,CampsitePermit,Single Tent,
Laurie,ON ,3,Full,CampsitePermit,Single Tent,
Blomidon,NB ,1,Full,CampsitePermit,Single Tent,
Whycocomagh,ON ,2,Full,CampsitePermit,Single Tent,
Laurie,ON ,2,Full,CampsitePermit,Single Tent,
Blomidon,QC ,2,Full,CampsitePermit,Single Tent,
Blomidon,NS ,4,Full,CampsitePermit,Less than 40ft,
Dollar Lake,NS ,3,Full,CampsitePermit,Single Tent,
Graves Island,NS ,2,Full,CampsitePermit,Less than 30ft,
Smileys,NS ,3,Full,CampsitePermit,Less than 40ft,
Blomidon,NS ,6,Full,CampsitePermit,Single Tent,
Ellenwood Lake,NS ,4,Full,CampsitePermit,Single Tent,
Blomidon,ON ,2,Senior,CampsitePermit,Single Tent,
Battery,QC ,2,Full,CampsitePermit,Less than 20ft,
Thomas Raddall,NS ,4,Full,CampsitePermit,Single Tent,
Thomas Raddall,NS ,1,Full,CampsitePermit,Single Tent,
Caribou Munroes,NS ,5,Full,CampsitePermit,Less than 30ft,
Graves Island,QC ,2,Full,CampsitePermit,Less than 20ft,
Mira River,QC ,2,Full,CampsitePermit,Single Tent,
Caribou Munroes,NS ,2,Full,CampsitePermit,Less than 30ft,
Caribou Munroes,NS ,2,Senior,CampsitePermit,Single Tent,
Mira River,ON ,2,Senior,CampsitePermit,Less than 20ft,
Mira River,NB ,4,Full,CampsitePermit,Single Tent,
Rissers Beach,NS ,4,Veteran,CampsitePermit,Less than 20ft,
Graves Island,NS ,4,Full,CampsitePermit,Single Tent,
Rissers Beach,NS ,2,Senior,CampsitePermit,Less than 20ft,
Porters Lake,NS ,3,Full,CampsitePermit,Less than 20ft,
Blomidon,BC ,1,Senior,CampsitePermit,Single Tent,
Rissers Beach,NS ,2,Full,CampsitePermit,Single Tent,
Dollar Lake,NS ,6,Full,CampsitePermit,Tents,
Five Islands,QC ,3,Senior,CampsitePermit,Less than 20ft,
Dollar Lake,NS ,6,Full,CampsitePermit,Tents,
Smileys,NS ,4,Full,CampsitePermit,Single Tent,
Dollar Lake,NS ,6,Full,CampsitePermit,Less than 20ft,
Smileys,NS ,2,Full,CampsitePermit,Tents,
Graves Island,NS ,1,Full,CampsitePermit,Single Tent,
Five Islands,QC ,2,Full,CampsitePermit,Less than 30ft,
Smileys,NS ,4,Full,CampsitePermit,Less than 20ft,
The Islands,NS ,2,Full,CampsitePermit,Single Tent,
Blomidon,NS ,2,Full,CampsitePermit,Less than 40ft,
Smileys,NS ,4,Full,CampsitePermit,Less than 40ft,
Mira River,QC ,5,Full,CampsitePermit,Less than 40ft,
Blomidon,QC ,3,Full,CampsitePermit,Single Tent,
Rissers Beach,NS ,6,Full,CampsitePermit,Tents,
Graves Island,ON ,2,Full,CampsitePermit,Single Tent,
Graves Island,QC ,2,Senior,CampsitePermit,Less than 20ft,
Blomidon,QC ,2,Full,CampsitePermit,Single Tent,
Amherst Shore,ON ,2,Full,CampsitePermit,Single Tent,
Mira River,NS ,2,Full,CampsitePermit,Less than 30ft,
Smileys,NS ,4,Full,CampsitePermit,Less than 20ft,
Thomas Raddall,QC ,1,Full,CampsitePermit,Single Tent,
Battery,QC ,2,Full,CampsitePermit,Single Tent,
Mira River,NS ,4,Full,CampsitePermit,Single Tent,
Mira River,QC ,2,Full,CampsitePermit,Single Tent,
Graves Island,NS ,2,Full,CampsitePermit,Less than 20ft,
Rissers Beach,NS ,2,Full,CampsitePermit,Less than 40ft,
Blomidon,ON ,2,Full,CampsitePermit,Single Tent,
The Islands,NS ,3,Full,CampsitePermit,Single Tent,
Mira River,NS ,4,Full,CampsitePermit,Single Tent,
Rissers Beach,NS ,2,Senior,CampsitePermit,Less than 30ft,
Mira River,NS ,4,Full,CampsitePermit,Less than 30ft,
Blomidon,NS ,1,Full,CampsitePermit,Single Tent,
Graves Island,QC ,2,Senior,CampsitePermit,Less than 20ft,
Caribou Munroes,QC ,2,Full,CampsitePermit,Single Tent,
Ellenwood Lake,NS ,2,Full,CampsitePermit,Less than 20ft,
Five Islands,MB ,5,Senior,CampsitePermit,Single Tent,
Caribou Munroes,NS ,6,Full,CampsitePermit,Single Tent,
Rissers Beach,NS ,2,Full,CampsitePermit,Less than 30ft,
Rissers Beach,NS ,5,Veteran,CampsitePermit,Single Tent,
Amherst Shore,NS ,4,Full,CampsitePermit,Tents,
Caribou Munroes,QC ,2,Full,CampsitePermit,Single Tent,
Amherst Shore,NS ,5,Full,CampsitePermit,Greater than 40ft,
Dollar Lake,NS ,2,Full,CampsitePermit,Single Tent,
Whycocomagh,BC ,2,Full,CampsitePermit,Single Tent,
Porters Lake,NS ,4,Full,CampsitePermit,Less than 30ft,
Mira River,NS ,2,Host,CampsitePermit,Less than 30ft,
Caribou Munroes,NS ,1,Senior,CampsitePermit,Single Tent,
Five Islands,NS ,4,Senior,CampsitePermit,Tents,
Thomas Raddall,QC ,2,Full,CampsitePermit,Less than 20ft,
Blomidon,QC ,2,Senior,CampsitePermit,Single Tent,
Battery,NS ,1,Full,CampsitePermit,Less than 20ft,
Mira River,ON ,6,Full,CampsitePermit,Less than 20ft,
Amherst Shore,QC ,2,Full,CampsitePermit,Less than 30ft,
The Islands,NS ,2,Full,CampsitePermit,Single Tent,
The Islands,NS ,2,Full,CampsitePermit,Single Tent,
Caribou Munroes,NB ,2,Full,CampsitePermit,Less than 20ft,
Porters Lake,QC ,2,Full,CampsitePermit,Single Tent,
Mira River,NS ,2,Full,CampsitePermit,Less than 30ft,
Rissers Beach,NS ,3,Full,CampsitePermit,Less than 30ft,
Graves Island,AB ,3,Full,CampsitePermit,Less than 30ft,
Amherst Shore,QC ,2,Full,CampsitePermit,Single Tent,
Ellenwood Lake,NS ,4,Full,CampsitePermit,Single Tent,
Blomidon,NS ,4,Full,CampsitePermit,Single Tent,
Blomidon,NS ,2,Full,CampsitePermit,Single Tent,
Five Islands,NS ,2,Full,CampsitePermit,Less than 20ft,
Ellenwood Lake,NS ,2,Full,CampsitePermit,Single Tent,
Whycocomagh,ON ,5,Full,CampsitePermit,Single Tent,
Amherst Shore,NB ,2,Senior,CampsitePermit,Less than 30ft,
Laurie,ON ,5,Full,CampsitePermit,Less than 20ft,
Mira River,ON ,5,Full,CampsitePermit,Single Tent,
Graves Island,QC ,2,Full,CampsitePermit,Less than 20ft,
Five Islands,NS ,4,Full,CampsitePermit,Tents,
Caribou Munroes,NS ,3,Full,CampsitePermit,Single Tent,
Smileys,NS ,2,Full,CampsitePermit,Less than 30ft,
Ellenwood Lake,NS ,4,Full,CampsitePermit,Tents,
Thomas Raddall,AB ,1,Full,CampsitePermit,Single Tent,
Battery,NS ,5,Full,CampsitePermit,Single Tent,
Blomidon,NS ,4,Full,CampsitePermit,Tents,
Mira River,NS ,2,Full,CampsitePermit,Less than 30ft,
Mira River,NS ,3,Full,CampsitePermit,Less than 30ft,
Five Islands,NS ,5,Full,CampsitePermit,Less than 20ft,
Dollar Lake,NS ,3,Full,CampsitePermit,Tents,
Smileys,NS ,5,Full,CampsitePermit,Less than 20ft,
Five Islands,NS ,2,Full,CampsitePermit,Single Tent,
Rissers Beach,NS ,2,Veteran,CampsitePermit,Less than 20ft,
Mira River,NS ,4,Full,CampsitePermit,Single Tent,
Graves Island,NS ,2,Full,CampsitePermit,Single Tent,
Mira River,NS ,6,Full,CampsitePermit,Less than 40ft,
Dollar Lake,NS ,4,Full,CampsitePermit,Single Tent,
Whycocomagh,NS ,2,Full,CampsitePermit,Single Tent,
Dollar Lake,NS ,5,Full,CampsitePermit,Less than 20ft,
Mira River,NS ,3,Full,CampsitePermit,Single Tent,
Porters Lake,NS ,1,Full,CampsitePermit,Less than 30ft,
Graves Island,NS ,2,Senior,CampsitePermit,Less than 20ft,
Thomas Raddall,NS ,4,Full,CampsitePermit,Tents,
Mira River,NS ,1,Full,CampsitePermit,Less than 30ft,
Battery,NS ,2,Full,CampsitePermit,Less than 30ft,
Caribou Munroes,NS ,4,Full,CampsitePermit,Less than 20ft,
Graves Island,NS ,4,Full,CampsitePermit,Tents,
The Islands,AB ,2,Full,CampsitePermit,Less than 40ft,
Thomas Raddall,NS ,5,Full,CampsitePermit,Less than 40ft,
Rissers Beach,NS ,1,Full,CampsitePermit,Less than 20ft,
Boylston,NB ,1,Full,CampsitePermit,Tents,
Amherst Shore,ON ,2,Full,CampsitePermit,Single Tent,
Laurie,NS ,5,Full,CampsitePermit,Less than 20ft,
Dollar Lake,NS ,3,Full,CampsitePermit,Single Tent,
Rissers Beach,NS ,3,Full,CampsitePermit,Less than 30ft,
Battery,NS ,5,Full,CampsitePermit,Single Tent,
Smileys,NS ,2,Senior,CampsitePermit,Less than 30ft,
Mira River,NS ,4,Full,CampsitePermit,Less than 30ft,
Caribou Munroes,NS ,2,Full,CampsitePermit,Less than 20ft,
Blomidon,QC ,1,Full,CampsitePermit,Less than 20ft,
Cape Chignecto,QC ,2,Full,BackcountryPermit,Single Tent,
Rissers Beach,NS ,2,Full,CampsitePermit,Less than 20ft,
Amherst Shore,NS ,4,Full,CampsitePermit,Single Tent,
Five Islands,NS ,2,Full,CampsitePermit,Single Tent,
Caribou Munroes,QC ,2,Full,CampsitePermit,Single Tent,
Whycocomagh,QC ,2,Full,CampsitePermit,Single Tent,
Porters Lake,NS ,2,Full,CampsitePermit,Less than 30ft,
Laurie,NS ,2,Full,CampsitePermit,Less than 20ft,
Rissers Beach,NS ,6,Full,CampsitePermit,Less than 20ft,
Rissers Beach,NS ,3,Full,CampsitePermit,Less than 20ft,
Porters Lake,NB ,2,Full,CampsitePermit,Single Tent,
Whycocomagh,ON ,2,Senior,CampsitePermit,Less than 20ft,
Smileys,NS ,2,Full,CampsitePermit,Less than 30ft,
Thomas Raddall,NS ,4,Full,CampsitePermit,Single Tent,
Smileys,NS ,5,Full,CampsitePermit,Less than 20ft,
Porters Lake,NS ,2,Full,CampsitePermit,Single Tent,
Porters Lake,NS ,3,Full,CampsitePermit,Less than 30ft,
Graves Island,NS ,4,Full,CampsitePermit,Less than 30ft,
Graves Island,NS ,3,Full,CampsitePermit,Less than 30ft,
Whycocomagh,ON ,1,Full,CampsitePermit,Single Tent,
Dollar Lake,NS ,3,Full,CampsitePermit,Single Tent,
Blomidon,NS ,1,Full,CampsitePermit,Single Tent,
Blomidon,NS ,2,Full,CampsitePermit,Single Tent,
Smileys,NS ,3,Full,CampsitePermit,Less than 20ft,
Porters Lake,NS ,4,Full,CampsitePermit,Single Tent,
Dollar Lake,NS ,3,Full,CampsitePermit,Tents,
Whycocomagh,QC ,2,Full,CampsitePermit,Less than 20ft,
Laurie,NS ,1,Full,CampsitePermit,Single Tent,
Thomas Raddall,NS ,4,Full,CampsitePermit,Less than 20ft,
Dollar Lake,NS ,6,Full,CampsitePermit,Tents,
Dollar Lake,NS ,3,Full,CampsitePermit,Tents,
Blomidon,NS ,4,Full,CampsitePermit,Single Tent,
Caribou Munroes,QC ,4,Senior,CampsitePermit,Less than 30ft,
Rissers Beach,NB ,1,Full,CampsitePermit,Single Tent,
Five Islands,NS ,4,Full,CampsitePermit,Single Tent,
Battery,BC ,2,Full,CampsitePermit,Single Tent,
Caribou Munroes,NS ,3,Senior,CampsitePermit,Less than 20ft,
Thomas Raddall,NS ,4,Full,CampsitePermit,Single Tent,
Dollar Lake,NS ,3,Full,CampsitePermit,Single Tent,
Thomas Raddall,NS ,2,Full,CampsitePermit,Single Tent,
Blomidon,QC ,2,Full,CampsitePermit,Single Tent,
Mira River,NS ,2,Full,CampsitePermit,Less than 30ft,
Porters Lake,NB ,3,Full,CampsitePermit,Single Tent,
Thomas Raddall,NS ,6,Full,CampsitePermit,Tents,
Porters Lake,NS ,2,Full,CampsitePermit,Less than 30ft,
Mira River,NS ,2,Senior,CampsitePermit,Single Tent,
Porters Lake,QC ,3,Full,CampsitePermit,Less than 20ft,
Five Islands,NS ,2,Full,CampsitePermit,Single Tent,
Ellenwood Lake,QC ,2,Full,CampsitePermit,Single Tent,
Blomidon,NS ,3,Full,CampsitePermit,Single Tent,
Caribou Munroes,NS ,1,Full,CampsitePermit,Single Tent,
Smileys,NS ,6,Full,CampsitePermit,Single Tent,
Graves Island,NS ,2,Senior,CampsitePermit,Less than 40ft,
Laurie,NS ,2,Full,CampsitePermit,Less than 40ft,
Mira River,NS ,4,Full,CampsitePermit,Less than 20ft,
Smileys,NS ,2,Full,CampsitePermit,Single Tent,
Valleyview,NS ,2,Full,CampsitePermit,Single Tent,
Caribou Munroes,NS ,2,Full,CampsitePermit,Less than 20ft,
Whycocomagh,NS ,2,Full,CampsitePermit,Single Tent,
Caribou Munroes,QC ,1,Full,CampsitePermit,Single Tent,
Thomas Raddall,QC ,2,Full,CampsitePermit,Single Tent,
Salsman,NS ,2,Full,CampsitePermit,Less than 20ft,
Whycocomagh,QC ,4,Full,CampsitePermit,Less than 30ft,
Dollar Lake,NS ,5,Full,CampsitePermit,Less than 20ft,
Mira River,NS ,4,Full,CampsitePermit,Single Tent,
Laurie,ON ,2,Full,CampsitePermit,Single Tent,
Battery,NS ,2,Full,CampsitePermit,Single Tent,
Caribou Munroes,NS ,2,Full,CampsitePermit,Less than 30ft,
Rissers Beach,NS ,4,Full,CampsitePermit,Tents,
Graves Island,NS ,6,Senior,CampsitePermit,Less than 30ft,
Rissers Beach,NS ,2,Senior,CampsitePermit,Less than 30ft,
Valleyview,AB ,1,Senior,CampsitePermit,Single Tent,
Ellenwood Lake,NS ,2,Full,CampsitePermit,Single Tent,
Thomas Raddall,QC ,2,Full,CampsitePermit,Single Tent,
Thomas Raddall,NS ,2,Full,CampsitePermit,Single Tent,
Valleyview,QC ,2,Full,CampsitePermit,Less than 30ft,
Laurie,ON ,4,Full,CampsitePermit,Less than 30ft,
Graves Island,NS ,2,Senior,CampsitePermit,Less than 40ft,
Thomas Raddall,NS ,4,Full,CampsitePermit,Less than 30ft,
Graves Island,NS ,2,Full,CampsitePermit,Less than 30ft,
Smileys,NS ,4,Full,CampsitePermit,Single Tent,
Blomidon,ON ,5,Full,CampsitePermit,Tents,
Amherst Shore,NB ,2,Full,CampsitePermit,Single Tent,
Laurie,NS ,6,Full,CampsitePermit,Tents,
Mira River,QC ,2,Full,CampsitePermit,Single Tent,
Amherst Shore,BC ,2,Full,CampsitePermit,Single Tent,
Smileys,NS ,4,Full,CampsitePermit,Less than 30ft,
Porters Lake,NS ,4,Full,CampsitePermit,Single Tent,
Blomidon,NS ,2,Full,CampsitePermit,Less than 20ft,
Graves Island,NS ,3,Full,CampsitePermit,Less than 40ft,
Thomas Raddall,NS ,2,Full,CampsitePermit,Single Tent,
Dollar Lake,NS ,4,Full,CampsitePermit,Less than 20ft,
Thomas Raddall,NS ,2,Full,CampsitePermit,Less than 20ft,
Graves Island,NS ,2,Full,CampsitePermit,Single Tent,
Rissers Beach,NS ,2,Full,CampsitePermit,Less than 30ft,
Caribou Munroes,NS ,2,Senior,CampsitePermit,Single Tent,
Blomidon,NS ,4,Full,CampsitePermit,Tents,
Graves Island,NS ,4,Full,CampsitePermit,Single Tent,
Ellenwood Lake,NS ,4,Full,CampsitePermit,Tents,
Battery,NS ,2,Full,CampsitePermit,Single Tent,
Dollar Lake,NS ,2,Full,CampsitePermit,Less than 20ft,
Five Islands,NS ,2,Veteran,CampsitePermit,Single Tent,
Blomidon,NS ,5,Full,CampsitePermit,Single Tent,
Graves Island,NS ,4,Full,CampsitePermit,Single Tent,
Dollar Lake,NS ,2,Full,CampsitePermit,Single Tent,
Five Islands,PE ,2,Full,CampsitePermit,Single Tent,
Smileys,NS ,2,Full,CampsitePermit,Single Tent,
Smileys,NS ,6,Full,CampsitePermit,Less than 30ft,
Battery,NS ,1,Senior,CampsitePermit,Tents,
Ellenwood Lake,NS ,5,Full,CampsitePermit,Tents,
Smileys,NS ,6,Full,CampsitePermit,Less than 20ft,
Graves Island,NS ,2,Full,CampsitePermit,Less than 30ft,
Five Islands,NS ,2,Full,CampsitePermit,Single Tent,
Mira River,ON ,4,Full,CampsitePermit,Less than 30ft,
Cape Chignecto,NS ,2,Full,BackcountryPermit,Single Tent,
Caribou Munroes,NS ,4,Full,CampsitePermit,Less than 20ft,
Graves Island,NS ,3,Full,CampsitePermit,Less than 30ft,
Rissers Beach,NS ,2,Full,CampsitePermit,Single Tent,
Caribou Munroes,QC ,2,Full,CampsitePermit,Single Tent,
Rissers Beach,NS ,5,Full,CampsitePermit,Less than 20ft,
Thomas Raddall,NS ,2,Full,CampsitePermit,Single Tent,
Mira River,NS ,2,Full,CampsitePermit,Less than 30ft,
Mira River,NS ,2,Senior,CampsitePermit,Less than 20ft,
Porters Lake,NS ,2,Full,CampsitePermit,Single Tent,
Dollar Lake,NS ,4,Full,CampsitePermit,Single Tent,
Caribou Munroes,NS ,4,Full,CampsitePermit,Less than 20ft,
Rissers Beach,QC ,2,Senior,CampsitePermit,Single Tent,
Rissers Beach,NS ,4,Full,CampsitePermit,Less than 20ft,
Thomas Raddall,NS ,2,Full,CampsitePermit,Less than 20ft,
Graves Island,NS ,2,Full,CampsitePermit,Less than 40ft,
Dollar Lake,NS ,3,Full,CampsitePermit,Less than 20ft,
Graves Island,NS ,2,Full,CampsitePermit,Less than 20ft,
Ellenwood Lake,NS ,1,Senior,CampsitePermit,Less than 20ft,
Battery,NS ,4,Full,CampsitePermit,Single Tent,
Smileys,NS ,2,Full,CampsitePermit,Less than 40ft,
Caribou Munroes,QC ,2,Senior,CampsitePermit,Single Tent,
Amherst Shore,QC ,2,Full,CampsitePermit,Less than 20ft,
Smileys,NS ,2,Full,CampsitePermit,Less than 30ft,
Smileys,NS ,2,Full,CampsitePermit,Single Tent,
Rissers Beach,NS ,4,Full,CampsitePermit,Less than 20ft,
Mira River,NS ,5,Full,CampsitePermit,Less than 20ft,
The Islands,ON ,2,Full,CampsitePermit,Less than 30ft,
Thomas Raddall,ON ,2,Full,CampsitePermit,Single Tent,
Mira River,NS ,5,Full,CampsitePermit,Single Tent,
Smileys,NS ,2,Full,CampsitePermit,Less than 30ft,
Rissers Beach,NS ,2,Senior,CampsitePermit,Less than 30ft,
Porters Lake,NS ,2,Full,CampsitePermit,Single Tent,
Blomidon,NS ,6,Full,CampsitePermit,Tents,
Amherst Shore,ON ,2,Full,CampsitePermit,Single Tent,
Caribou Munroes,ON ,2,Full,CampsitePermit,Single Tent,
Battery,NS ,2,Full,CampsitePermit,Single Tent,
Graves Island,NS ,4,Full,CampsitePermit,Single Tent,
Graves Island,NS ,2,Full,CampsitePermit,Single Tent,
Dollar Lake,NS ,4,Full,CampsitePermit,Less than 20ft,
Rissers Beach,NS ,2,Full,CampsitePermit,Less than 20ft,
Blomidon,NS ,3,Full,CampsitePermit,Single Tent,
Mira River,NS ,2,Host,CampsitePermit,Less than 30ft,
Caribou Munroes,NS ,3,Full,CampsitePermit,Single Tent,
Graves Island,NS ,2,Full,CampsitePermit,Less than 20ft,
Dollar Lake,NS ,4,Full,CampsitePermit,Single Tent,
Thomas Raddall,NS ,4,Full,CampsitePermit,Less than 30ft,
Caribou Munroes,NB ,4,Full,CampsitePermit,Less than 40ft,
Rissers Beach,NS ,2,Veteran,CampsitePermit,Less than 30ft,
Thomas Raddall,NS ,3,Full,CampsitePermit,Less than 20ft,
Rissers Beach,QC ,4,Full,CampsitePermit,Less than 30ft,
Boylston,NS ,2,Senior,CampsitePermit,Less than 30ft,
Caribou Munroes,QC ,2,Full,CampsitePermit,Single Tent,
Amherst Shore,NS ,2,Senior,CampsitePermit,Less than 30ft,
Amherst Shore,NS ,4,Full,CampsitePermit,Single Tent,
Graves Island,QC ,2,Full,CampsitePermit,Less than 30ft,
Graves Island,NS ,1,Senior,CampsitePermit,Single Tent,
Thomas Raddall,NS ,2,Full,CampsitePermit,Single Tent,
Mira River,NB ,3,Full,CampsitePermit,Single Tent,
Rissers Beach,NS ,1,Full,CampsitePermit,Single Tent,
Caribou Munroes,BC ,2,Full,CampsitePermit,Single Tent,
Smileys,NS ,4,Full,CampsitePermit,Less than 20ft,
Rissers Beach,NS ,3,Full,CampsitePermit,Less than 30ft,
Valleyview,NS ,3,Full,CampsitePermit,Less than 30ft,
Dollar Lake,NS ,6,Full,CampsitePermit,Tents,
Rissers Beach,NS ,4,Full,CampsitePermit,Less than 30ft,
Rissers Beach,NS ,2,Full,CampsitePermit,Less than 30ft,
Blomidon,NS ,2,Senior,CampsitePermit,Less than 30ft,
Mira River,ON ,5,Full,CampsitePermit,Less than 40ft,
Mira River,ON ,1,Full,CampsitePermit,Single Tent,
Porters Lake,QC ,2,Full,CampsitePermit,Single Tent,
Mira River,QC ,4,Full,CampsitePermit,Less than 40ft,
The Islands,QC ,2,Full,CampsitePermit,Single Tent,
Caribou Munroes,NS ,4,Full,CampsitePermit,Less than 40ft,
Mira River,NS ,4,Full,CampsitePermit,Single Tent,
Smileys,NS ,3,Full,CampsitePermit,Single Tent,
Graves Island,NS ,2,Full,CampsitePermit,Less than 20ft,
Caribou Munroes,NS ,4,Full,CampsitePermit,Less than 40ft,
Blomidon,NS ,3,Full,CampsitePermit,Single Tent,
Porters Lake,NS ,2,Full,CampsitePermit,Single Tent,
The Islands,NS ,2,Full,CampsitePermit,Single Tent,
Rissers Beach,NS ,2,Senior,CampsitePermit,Less than 30ft,
Valleyview,NS ,1,Full,CampsitePermit,Single Tent,
Caribou Munroes,QC ,2,Full,CampsitePermit,Less than 20ft,
The Islands,ON ,2,Full,CampsitePermit,Single Tent,
Rissers Beach,NS ,2,Senior,CampsitePermit,Single Tent,
Battery,ON ,6,Full,CampsitePermit,Single Tent,
Blomidon,QC ,2,Full,CampsitePermit,Single Tent,
Blomidon,QC ,2,Full,CampsitePermit,Single Tent,
Dollar Lake,NS ,2,Full,CampsitePermit,Single Tent,
Amherst Shore,ON ,5,Full,CampsitePermit,Less than 30ft,
Amherst Shore,QC ,2,Full,CampsitePermit,Single Tent,
Graves Island,NS ,2,Full,CampsitePermit,Less than 30ft,
Smileys,NS ,4,Full,CampsitePermit,Less than 40ft,
Rissers Beach,NS ,2,Full,CampsitePermit,Single Tent,
Thomas Raddall,NB ,1,Full,CampsitePermit,Single Tent,
Rissers Beach,NS ,2,Full,CampsitePermit,Less than 40ft,
Laurie,NS ,5,Full,CampsitePermit,Less than 20ft,
Smileys,NS ,6,Full,CampsitePermit,Tents,
Rissers Beach,NS ,2,Full,CampsitePermit,Less than 40ft,
Porters Lake,NS ,3,Full,CampsitePermit,Tents,
Blomidon,ON ,2,Full,CampsitePermit,Single Tent,
Caribou Munroes,NS ,2,Full,CampsitePermit,Tents,
Rissers Beach,QC ,2,Full,CampsitePermit,Single Tent,
Thomas Raddall,NS ,4,Full,CampsitePermit,Tents,
Thomas Raddall,NS ,2,Full,CampsitePermit,Single Tent,
Graves Island,NS ,2,Full,CampsitePermit,Less than 30ft,
Smileys,ON ,2,Full,CampsitePermit,Single Tent,
Caribou Munroes,NS ,4,Full,CampsitePermit,Single Tent,
Caribou Munroes,QC ,3,Full,CampsitePermit,Less than 30ft,
Graves Island,NS ,2,Full,CampsitePermit,Single Tent,
Blomidon,NS ,2,Full,CampsitePermit,Single Tent,
Dollar Lake,NS ,2,Senior,CampsitePermit,Less than 20ft,
Smileys,NS ,1,Full,CampsitePermit,Less than 30ft,
Graves Island,NS ,3,Full,CampsitePermit,Less than 20ft,
Smileys,NS ,2,Full,CampsitePermit,Single Tent,
Rissers Beach,NS ,6,Full,CampsitePermit,Single Tent,
Five Islands,NS ,4,Full,CampsitePermit,Tents,
Mira River,NS ,2,Full,CampsitePermit,Less than 30ft,
Dollar Lake,NS ,2,Full,CampsitePermit,Single Tent,
Blomidon,NS ,5,Full,CampsitePermit,Tents,
Ellenwood Lake,QC ,5,Full,CampsitePermit,Less than 40ft,
Amherst Shore,ON ,2,Full,CampsitePermit,Single Tent,
Porters Lake,NS ,2,Full,CampsitePermit,Less than 30ft,
Battery,QC ,2,Full,CampsitePermit,Less than 20ft,
Rissers Beach,NS ,2,Full,CampsitePermit,Less than 30ft,
Cape Chignecto,NS ,2,Full,BackcountryPermit,Single Tent,
Amherst Shore,NS ,1,Full,CampsitePermit,Less than 30ft,
Whycocomagh,NB ,2,Full,CampsitePermit,Single Tent,
Graves Island,NS ,2,Senior,CampsitePermit,Less than 20ft,
Amherst Shore,NS ,2,Full,CampsitePermit,Less than 30ft,
Rissers Beach,NS ,2,Full,CampsitePermit,Single Tent,
Blomidon,NS ,2,Full,CampsitePermit,Less than 20ft,
Graves Island,NS ,2,Full,CampsitePermit,Less than 30ft,
Mira River,NS ,2,Full,CampsitePermit,Less than 20ft,
Five Islands,NS ,2,Full,CampsitePermit,Single Tent,
Mira River,NS ,2,Full,CampsitePermit,Single Tent,
Graves Island,NS ,2,Full,CampsitePermit,Less than 20ft,
Porters Lake,NS ,2,Full,CampsitePermit,Single Tent,
Boylston,QC ,2,Full,CampsitePermit,Single Tent,
Amherst Shore,QC ,2,Full,CampsitePermit,Less than 20ft,
Rissers Beach,NS ,5,Full,CampsitePermit,Tents,
Rissers Beach,NS ,3,Full,CampsitePermit,Less than 30ft,
Dollar Lake,QC ,4,Full,CampsitePermit,Single Tent,
Rissers Beach,NS ,5,Full,CampsitePermit,Single Tent,
Graves Island,NS ,3,Full,CampsitePermit,Less than 20ft,
Mira River,NS ,7,Full,CampsitePermit,Single Tent,
Mira River,NS ,2,Full,CampsitePermit,Single Tent,
Porters Lake,NS ,2,Full,CampsitePermit,Less than 30ft,
The Islands,NS ,3,Full,CampsitePermit,Less than 20ft,
Ellenwood Lake,NS ,4,Full,CampsitePermit,Single Tent,
Porters Lake,NS ,3,Full,CampsitePermit,Tents,
Mira River,NS ,2,Full,CampsitePermit,Less than 40ft,
Caribou Munroes,NS ,4,Full,CampsitePermit,Less than 20ft,
Caribou Munroes,NS ,6,Full,CampsitePermit,Single Tent,
Rissers Beach,NS ,5,Full,CampsitePermit,Tents,
Porters Lake,NS ,2,Full,CampsitePermit,Single Tent,
Dollar Lake,NS ,3,Full,CampsitePermit,Single Tent,
Whycocomagh,ON ,2,Full,CampsitePermit,Single Tent,
Thomas Raddall,NS ,3,Full,CampsitePermit,Less than 40ft,
Laurie,NB ,2,Full,CampsitePermit,Less than 20ft,
Porters Lake,NS ,2,Veteran,CampsitePermit,Single Tent,
Porters Lake,NS ,4,Full,CampsitePermit,Less than 20ft,
Ellenwood Lake,NS ,2,Full,CampsitePermit,Single Tent,
Thomas Raddall,BC ,5,Full,CampsitePermit,Less than 40ft,
Graves Island,NS ,4,Full,CampsitePermit,Single Tent,
Battery,BC ,2,Senior,CampsitePermit,Single Tent,
Ellenwood Lake,NS ,2,Full,CampsitePermit,Single Tent,
Caribou Munroes,NS ,5,Full,CampsitePermit,Single Tent,
Five Islands,NB ,2,Full,CampsitePermit,Single Tent,
Mira River,ON ,2,Full,CampsitePermit,Less than 20ft,
Caribou Munroes,NS ,8,Full,CampsitePermit,Less than 20ft,
The Islands,NS ,2,Senior,CampsitePermit,Less than 40ft,
Thomas Raddall,QC ,2,Full,CampsitePermit,Single Tent,
Caribou Munroes,NS ,4,Full,CampsitePermit,Less than 30ft,
Porters Lake,NS ,2,Full,CampsitePermit,Single Tent,
Five Islands,NS ,4,Full,CampsitePermit,Less than 20ft,
Graves Island,NS ,2,Full,CampsitePermit,Less than 30ft,
Battery,NS ,2,Full,CampsitePermit,Single Tent,
Laurie,NS ,4,Full,CampsitePermit,Single Tent,
Caribou Munroes,NS ,4,Full,CampsitePermit,Less than 30ft,
Graves Island,NS ,5,Full,CampsitePermit,Less than 30ft,
Amherst Shore,ON ,2,Senior,CampsitePermit,Less than 40ft,
Dollar Lake,NS ,4,Full,CampsitePermit,Tents,
Battery,BC ,2,Full,CampsitePermit,Single Tent,
Dollar Lake,NS ,6,Full,CampsitePermit,Tents,
Dollar Lake,NS ,5,Full,CampsitePermit,Tents,
Ellenwood Lake,NS ,3,Full,CampsitePermit,Less than 30ft,
Thomas Raddall,QC ,2,Senior,CampsitePermit,Single Tent,
Porters Lake,NS ,2,Full,CampsitePermit,Single Tent,
Dollar Lake,NS ,4,Full,CampsitePermit,Less than 30ft,
Cape Chignecto,NS ,3,Full,BackcountryPermit,Single Tent,
Porters Lake,NS ,5,Full,CampsitePermit,Single Tent,
Graves Island,NS ,4,Full,CampsitePermit,Less than 40ft,
Smileys,NS ,2,Senior,CampsitePermit,Less than 40ft,
Dollar Lake,NS ,2,Full,CampsitePermit,Tents,
Graves Island,NS ,1,Full,CampsitePermit,Single Tent,
Dollar Lake,NS ,2,Full,CampsitePermit,Less than 30ft,
Mira River,QC ,4,Full,CampsitePermit,Single Tent,
Caribou Munroes,NS ,5,Full,CampsitePermit,Less than 40ft,
Porters Lake,NS ,4,Full,CampsitePermit,Less than 30ft,
Rissers Beach,NS ,2,Senior,CampsitePermit,Less than 30ft,
Dollar Lake,NS ,3,Full,CampsitePermit,Single Tent,
Laurie,NS ,2,Full,CampsitePermit,Single Tent,
Caribou Munroes,NS ,2,Senior,CampsitePermit,Less than 30ft,
Porters Lake,NS ,2,Full,CampsitePermit,Less than 20ft,
Porters Lake,NS ,3,Full,CampsitePermit,Single Tent,
Graves Island,NS ,2,Full,CampsitePermit,Single Tent,
Blomidon,QC ,5,Full,CampsitePermit,Single Tent,
Battery,ON ,5,Full,CampsitePermit,Single Tent,
Graves Island,QC ,6,Full,CampsitePermit,Less than 20ft,
Porters Lake,NS ,3,Full,CampsitePermit,Single Tent,
Graves Island,NS ,5,Full,CampsitePermit,Tents,
Thomas Raddall,NS ,5,Full,CampsitePermit,Tents,
Graves Island,NS ,2,Senior,CampsitePermit,Less than 30ft,
Blomidon,NS ,2,Senior,CampsitePermit,Less than 20ft,
Porters Lake,NS ,4,Full,CampsitePermit,Single Tent,
Blomidon,ON ,4,Full,CampsitePermit,Single Tent,
Smileys,NS ,2,Full,CampsitePermit,Less than 40ft,
Salsman,NS ,2,Senior,CampsitePermit,Less than 20ft,
Graves Island,NS ,2,Senior,CampsitePermit,Less than 30ft,
Laurie,QC ,1,Full,CampsitePermit,Single Tent,
Laurie,NS ,2,Full,CampsitePermit,Single Tent,
Thomas Raddall,NS ,6,Full,CampsitePermit,Less than 30ft,
Rissers Beach,NS ,4,Full,CampsitePermit,Less than 30ft,
Graves Island,NS ,2,Full,CampsitePermit,Less than 30ft,
Amherst Shore,BC ,2,Full,CampsitePermit,Less than 30ft,
Laurie,NS ,3,Full,CampsitePermit,Less than 30ft,
Rissers Beach,NS ,4,Full,CampsitePermit,Less than 40ft,
Porters Lake,NS ,5,Full,CampsitePermit,Less than 30ft,
Mira River,QC ,2,Full,CampsitePermit,Single Tent,
Laurie,ON ,5,Full,CampsitePermit,Single Tent,
Amherst Shore,ON ,2,Full,CampsitePermit,Single Tent,
Amherst Shore,NB ,2,Full,CampsitePermit,Single Tent,
Blomidon,NS ,2,Full,CampsitePermit,Single Tent,
Battery,ON ,4,Full,CampsitePermit,Less than 30ft,
Caribou Munroes,NS ,2,Full,CampsitePermit,Less than 20ft,
Rissers Beach,NS ,4,Full,CampsitePermit,Less than 20ft,
Blomidon,NS ,5,Full,CampsitePermit,Single Tent,
Rissers Beach,NS ,2,Full,CampsitePermit,Single Tent,
Battery,NS ,2,Full,CampsitePermit,Less than 30ft,
Caribou Munroes,QC ,2,Senior,CampsitePermit,Less than 30ft,
Porters Lake,NS ,5,Full,CampsitePermit,Less than 20ft,
Dollar Lake,NS ,2,Full,CampsitePermit,Single Tent,
Blomidon,NS ,3,Full,CampsitePermit,Less than 40ft,
Rissers Beach,NS ,5,Full,CampsitePermit,Single Tent,
Mira River,NS ,4,Full,CampsitePermit,Less than 30ft,
Mira River,NS ,2,Full,CampsitePermit,Single Tent,
Battery,QC ,2,Full,CampsitePermit,Single Tent,
Amherst Shore,NL ,2,Full,CampsitePermit,Single Tent,
Mira River,QC ,2,Full,CampsitePermit,Less than 30ft,
Graves Island,NS ,1,Full,CampsitePermit,Single Tent,
Laurie,NS ,2,Full,CampsitePermit,Less than 30ft,
Thomas Raddall,ON ,1,Full,CampsitePermit,Single Tent,
Porters Lake,NS ,2,Full,CampsitePermit,Less than 30ft,
Rissers Beach,NS ,4,Veteran,CampsitePermit,Less than 30ft,
Five Islands,NB ,2,Senior,CampsitePermit,Single Tent,
Mira River,NS ,4,Full,CampsitePermit,Less than 20ft,
Mira River,NS ,2,Full,CampsitePermit,Less than 40ft,
Dollar Lake,NS ,4,Full,CampsitePermit,Tents,
Smileys,NS ,3,Full,CampsitePermit,Single Tent,
Dollar Lake,NS ,4,Full,CampsitePermit,Less than 20ft,
Valleyview,QC ,2,Full,CampsitePermit,Tents,
Blomidon,QC ,1,Full,CampsitePermit,Single Tent,
Graves Island,NS ,2,Full,CampsitePermit,Less than 30ft,
Ellenwood Lake,BC ,2,Senior,CampsitePermit,Single Tent,
Rissers Beach,NS ,5,Full,CampsitePermit,Less than 20ft,
Smileys,NS ,2,Full,CampsitePermit,Less than 30ft,
Mira River,NS ,6,Full,CampsitePermit,Single Tent,
Five Islands,QC ,2,Full,CampsitePermit,Less than 30ft,
Smileys,NS ,2,Full,CampsitePermit,Less than 20ft,
Dollar Lake,NS ,2,Full,CampsitePermit,Single Tent,
Salsman,NS ,2,Full,CampsitePermit,Less than 40ft,
Mira River,ON ,2,Senior,CampsitePermit,Less than 20ft,
Caribou Munroes,NS ,4,Full,CampsitePermit,Single Tent,
Rissers Beach,NS ,6,Full,CampsitePermit,Less than 30ft,
The Islands,NS ,4,Full,CampsitePermit,Less than 30ft,
Amherst Shore,NS ,2,Full,CampsitePermit,Less than 20ft,
Caribou Munroes,NS ,4,Full,CampsitePermit,Less than 20ft,
Blomidon,NS ,4,Full,CampsitePermit,Less than 30ft,
Battery,NS ,3,Full,CampsitePermit,Single Tent,
Amherst Shore,NS ,2,Full,CampsitePermit,Single Tent,
Battery,AB ,2,Senior,CampsitePermit,Single Tent,
Ellenwood Lake,NS ,4,Full,CampsitePermit,Single Tent,
Dollar Lake,NS ,6,Full,CampsitePermit,Less than 30ft,
Thomas Raddall,NS ,4,Full,CampsitePermit,Less than 20ft,
Rissers Beach,NS ,2,Full,CampsitePermit,Single Tent,
Blomidon,NS ,4,Full,CampsitePermit,Single Tent,
Graves Island,NS ,2,Full,CampsitePermit,Tents,
Porters Lake,NS ,2,Full,CampsitePermit,Single Tent,
Dollar Lake,NS ,2,Full,CampsitePermit,Single Tent,
Thomas Raddall,NS ,2,Full,CampsitePermit,Less than 20ft,
Mira River,AB ,3,Full,CampsitePermit,Less than 30ft,
Ellenwood Lake,NS ,2,Senior,CampsitePermit,Single Tent,
Thomas Raddall,NS ,2,Veteran,CampsitePermit,Less than 20ft,
Battery,NS ,2,Full,CampsitePermit,Single Tent,
Rissers Beach,ON ,2,Full,CampsitePermit,Single Tent,
Mira River,NS ,5,Full,CampsitePermit,Less than 20ft,
Battery,QC ,2,Full,CampsitePermit,Single Tent,
Mira River,QC ,2,Full,CampsitePermit,Single Tent,
Dollar Lake,NS ,2,Full,CampsitePermit,Less than 20ft,
Rissers Beach,NS ,2,Senior,CampsitePermit,Single Tent,
Dollar Lake,NS ,5,Full,CampsitePermit,Less than 20ft,
Mira River,QC ,2,Full,CampsitePermit,Single Tent,
Caribou Munroes,QC ,2,Senior,CampsitePermit,Single Tent,
Amherst Shore,NS ,4,Full,CampsitePermit,Less than 20ft,
Graves Island,NS ,2,Full,CampsitePermit,Less than 30ft,
Mira River,QC ,2,Full,CampsitePermit,Less than 20ft,
Amherst Shore,NS ,2,Full,CampsitePermit,Single Tent,
Valleyview,NS ,2,Full,CampsitePermit,Less than 20ft,
Caribou Munroes,QC ,2,Full,CampsitePermit,Less than 20ft,
Dollar Lake,NS ,6,Full,CampsitePermit,Tents,
Dollar Lake,NS ,4,Full,CampsitePermit,Tents,
Caribou Munroes,NS ,4,Full,CampsitePermit,Less than 20ft,
Dollar Lake,NS ,2,Full,CampsitePermit,Less than 30ft,
Ellenwood Lake,NS ,2,Full,CampsitePermit,Single Tent,
Caribou Munroes,NS ,2,Full,CampsitePermit,Less than 40ft,
Blomidon,NS ,6,Full,CampsitePermit,Single Tent,
Mira River,QC ,2,Full,CampsitePermit,Single Tent,
Graves Island,NS ,2,Senior,CampsitePermit,Less than 30ft,
Five Islands,NS ,4,Full,CampsitePermit,Tents,
Blomidon,NB ,1,Full,CampsitePermit,Single Tent,
Caribou Munroes,NS ,6,Full,CampsitePermit,Tents,
Porters Lake,ON ,3,Full,CampsitePermit,Less than 30ft,
Amherst Shore,QC ,2,Full,CampsitePermit,Less than 20ft,
Dollar Lake,NS ,4,Full,CampsitePermit,Single Tent,
Caribou Munroes,QC ,2,Full,CampsitePermit,Single Tent,
Battery,QC ,2,Full,CampsitePermit,Single Tent,
Laurie,NB ,2,Full,CampsitePermit,Single Tent,
Caribou Munroes,NS ,5,Full,CampsitePermit,Less than 20ft,
Ellenwood Lake,NS ,3,Full,CampsitePermit,Less than 20ft,
Thomas Raddall,NS ,3,Full,CampsitePermit,Single Tent,
Mira River,QC ,3,Full,CampsitePermit,Less than 30ft,
Caribou Munroes,NS ,6,Full,CampsitePermit,Tents,
Dollar Lake,NS ,4,Full,CampsitePermit,Single Tent,
Caribou Munroes,ON ,2,Full,CampsitePermit,Single Tent,
Caribou Munroes,NS ,4,Full,CampsitePermit,Single Tent,
Cape Chignecto,NS ,3,Full,BackcountryPermit,Single Tent,
Battery,NS ,2,Full,CampsitePermit,Less than 20ft,
The Islands,NS ,1,Full,CampsitePermit,Less than 20ft,
Rissers Beach,NS ,2,Full,CampsitePermit,Less than 20ft,
Porters Lake,QC ,2,Full,CampsitePermit,Single Tent,
Graves Island,NS ,2,Full,CampsitePermit,Less than 30ft,
Thomas Raddall,NS ,2,Full,CampsitePermit,Single Tent,
Dollar Lake,NS ,3,Full,CampsitePermit,Tents,
Rissers Beach,NS ,6,Full,CampsitePermit,Tents,
Porters Lake,AB ,5,Full,CampsitePermit,Single Tent,
Graves Island,QC ,2,Full,CampsitePermit,Single Tent,
Mira River,ON ,1,Senior,CampsitePermit,Less than 20ft,
Caribou Munroes,ON ,1,Full,CampsitePermit,Less than 20ft,
Whycocomagh,ON ,2,Senior,CampsitePermit,Single Tent,
Thomas Raddall,NS ,5,Full,CampsitePermit,Tents,
Caribou Munroes,NS ,2,Full,CampsitePermit,Single Tent,
Battery,QC ,2,Full,CampsitePermit,Single Tent,
Graves Island,NS ,2,Full,CampsitePermit,Less than 30ft,
Amherst Shore,QC ,2,Full,CampsitePermit,Single Tent,
Whycocomagh,ON ,2,Senior,CampsitePermit,Less than 30ft,
Thomas Raddall,NS ,2,Full,CampsitePermit,Single Tent,
Salsman,NS ,5,Full,CampsitePermit,Less than 20ft,
Amherst Shore,QC ,2,Senior,CampsitePermit,Single Tent,
Battery,NS ,2,Full,CampsitePermit,Single Tent,
Rissers Beach,NS ,1,Full,CampsitePermit,Single Tent,
Amherst Shore,ON ,1,Full,CampsitePermit,Less than 20ft,
Mira River,NS ,5,Full,CampsitePermit,Less than 20ft,
Rissers Beach,SK ,3,Full,CampsitePermit,Less than 30ft,
Porters Lake,NS ,1,Full,CampsitePermit,Single Tent,
Amherst Shore,NS ,4,Full,CampsitePermit,Less than 20ft,
Rissers Beach,NS ,4,Full,CampsitePermit,Less than 20ft,
Smileys,BC ,1,Full,CampsitePermit,Single Tent,
Caribou Munroes,NS ,2,Senior,CampsitePermit,Single Tent,
Cape Chignecto,NS ,2,Full,BackcountryPermit,Single Tent,
Valleyview,NS ,1,Full,CampsitePermit,Single Tent,
Battery,NS ,2,Veteran,CampsitePermit,Less than 30ft,
Caribou Munroes,NS ,3,Full,CampsitePermit,Less than 20ft,
Cape Chignecto,NS ,3,Full,BackcountryPermit,Single Tent,
Thomas Raddall,QC ,2,Full,CampsitePermit,Less than 20ft,
Smileys,NS ,4,Full,CampsitePermit,Single Tent,
Five Islands,NS ,2,Full,CampsitePermit,Less than 20ft,
Caribou Munroes,NS ,2,Full,CampsitePermit,Less than 40ft,
Porters Lake,NS ,2,Full,CampsitePermit,Single Tent,
Five Islands,NS ,2,Full,CampsitePermit,Single Tent,
Porters Lake,NS ,2,Full,CampsitePermit,Less than 20ft,
Graves Island,QC ,2,Senior,CampsitePermit,Greater than 40ft,
Laurie,PE ,3,Full,CampsitePermit,Single Tent,
Dollar Lake,NS ,4,Full,CampsitePermit,Single Tent,
Laurie,NB ,2,Full,CampsitePermit,Single Tent,
Graves Island,NS ,2,Full,CampsitePermit,Single Tent,
Battery,NS ,3,Full,CampsitePermit,Single Tent,
Valleyview,NS ,4,Full,CampsitePermit,Single Tent,
Dollar Lake,NS ,6,Full,CampsitePermit,Single Tent,
Porters Lake,NS ,2,Full,CampsitePermit,Single Tent,
Caribou Munroes,NS ,4,Full,CampsitePermit,Tents,
Graves Island,NS ,2,Senior,CampsitePermit,Less than 30ft,
Dollar Lake,NS ,4,Full,CampsitePermit,Single Tent,
Porters Lake,NS ,4,Veteran,CampsitePermit,Less than 20ft,
The Islands,NS ,4,Full,CampsitePermit,Tents,
Dollar Lake,NS ,3,Full,CampsitePermit,Single Tent,
Battery,NS ,4,Full,CampsitePermit,Tents,
Caribou Munroes,AB ,2,Full,CampsitePermit,Single Tent,
Caribou Munroes,NS ,6,Full,CampsitePermit,Tents,
Whycocomagh,BC ,4,Full,CampsitePermit,Less than 30ft,
Rissers Beach,NS ,2,Full,CampsitePermit,Less than 20ft,
Graves Island,NS ,2,Full,CampsitePermit,Less than 20ft,
Graves Island,NS ,1,Senior,CampsitePermit,Less than 40ft,
Thomas Raddall,ON ,2,Full,CampsitePermit,Single Tent,
Whycocomagh,NS ,4,Full,CampsitePermit,Tents,
Graves Island,NS ,1,Full,CampsitePermit,Single Tent,
Porters Lake,ON ,1,Full,CampsitePermit,Single Tent,
Dollar Lake,NS ,2,Full,CampsitePermit,Single Tent,
Graves Island,ON ,4,Full,CampsitePermit,Less than 20ft,
Smileys,NS ,2,Full,CampsitePermit,Less than 20ft,
Mira River,QC ,2,Full,CampsitePermit,Less than 20ft,
Dollar Lake,NS ,4,Full,CampsitePermit,Less than 20ft,
Porters Lake,QC ,4,Full,CampsitePermit,Single Tent,
Boylston,NS ,1,Full,CampsitePermit,Less than 20ft,
Graves Island,NS ,3,Full,CampsitePermit,Less than 20ft,
Rissers Beach,NS ,4,Full,CampsitePermit,Tents,
Graves Island,NS ,3,Full,CampsitePermit,Less than 40ft,
Graves Island,NS ,4,Full,CampsitePermit,Less than 30ft,
Mira River,MB ,3,Full,CampsitePermit,Single Tent,
Whycocomagh,NS ,2,Full,CampsitePermit,Less than 20ft,
Laurie,BC ,3,Full,CampsitePermit,Single Tent,
Porters Lake,NS ,2,Full,CampsitePermit,Less than 20ft,
Rissers Beach,NS ,2,Senior,CampsitePermit,Less than 20ft,
Laurie,NS ,2,Full,CampsitePermit,Tents,
Graves Island,NS ,6,Full,CampsitePermit,Tents,
Porters Lake,NS ,2,Full,CampsitePermit,Less than 20ft,
Ellenwood Lake,NS ,4,Full,CampsitePermit,Less than 20ft,
Graves Island,NS ,4,Full,CampsitePermit,Single Tent,
Thomas Raddall,NS ,6,Full,CampsitePermit,Tents,
Thomas Raddall,NS ,2,Veteran,CampsitePermit,Less than 30ft,
Rissers Beach,NS ,2,Full,CampsitePermit,Single Tent,
Dollar Lake,NS ,4,Full,CampsitePermit,Less than 20ft,
Mira River,NS ,2,Full,CampsitePermit,Less than 20ft,
Porters Lake,NS ,2,Full,CampsitePermit,Single Tent,
Thomas Raddall,NS ,4,Full,CampsitePermit,Less than 30ft,
Graves Island,NS ,1,Full,CampsitePermit,Single Tent,
Caribou Munroes,QC ,2,Full,CampsitePermit,Less than 20ft,
Rissers Beach,NS ,5,Full,CampsitePermit,Less than 30ft,
Dollar Lake,NS ,5,Full,CampsitePermit,Single Tent,
Mira River,NS ,6,Full,CampsitePermit,Less than 30ft,
Ellenwood Lake,NS ,2,Full,CampsitePermit,Single Tent,
Five Islands,NS ,2,Full,CampsitePermit,Single Tent,
Dollar Lake,NS ,3,Full,CampsitePermit,Single Tent,
Graves Island,NS ,2,Full,CampsitePermit,Less than 30ft,
Battery,NS ,6,Full,CampsitePermit,Single Tent,
Battery,NS ,2,Senior,CampsitePermit,Single Tent,
Blomidon,NS ,3,Full,CampsitePermit,Tents,
Rissers Beach,NS ,3,Full,CampsitePermit,Less than 20ft,
Blomidon,NS ,4,Full,CampsitePermit,Single Tent,
Laurie,NS ,6,Full,CampsitePermit,Tents,
Graves Island,NS ,4,Senior,CampsitePermit,Single Tent,
Whycocomagh,ON ,4,Full,CampsitePermit,Single Tent,
Blomidon,NB ,2,Full,CampsitePermit,Single Tent,
Valleyview,ON ,2,Full,CampsitePermit,Single Tent,
Dollar Lake,NS ,2,Full,CampsitePermit,Single Tent,
Thomas Raddall,NS ,1,Full,CampsitePermit,Single Tent,
Blomidon,ON ,1,Full,CampsitePermit,Single Tent,
Mira River,NS ,2,Senior,CampsitePermit,Less than 30ft,
Graves Island,NS ,2,Senior,CampsitePermit,Less than 40ft,
Caribou Munroes,NS ,2,Senior,CampsitePermit,Less than 40ft,
Graves Island,NS ,3,Full,CampsitePermit,Less than 30ft,
Porters Lake,NS ,4,Full,CampsitePermit,Single Tent,
Blomidon,QC ,2,Full,CampsitePermit,Single Tent,
Rissers Beach,NS ,6,Full,CampsitePermit,Tents,
Whycocomagh,ON ,2,Full,CampsitePermit,Single Tent,
Dollar Lake,NS ,6,Full,CampsitePermit,Tents,
Five Islands,NS ,2,Full,CampsitePermit,Single Tent,
Thomas Raddall,QC ,2,Full,CampsitePermit,Single Tent,
Graves Island,NS ,2,Senior,CampsitePermit,Less than 40ft,
Rissers Beach,NS ,1,Senior,CampsitePermit,Less than 20ft,
Five Islands,ON ,2,Full,CampsitePermit,Single Tent,
Five Islands,NS ,2,Full,CampsitePermit,Single Tent,
Caribou Munroes,NS ,4,Full,CampsitePermit,Less than 20ft,
Smileys,NS ,1,Full,CampsitePermit,Single Tent,
Rissers Beach,NS ,5,Full,CampsitePermit,Less than 20ft,
Battery,NS ,2,Full,CampsitePermit,Less than 20ft,
Mira River,NS ,3,Full,CampsitePermit,Less than 20ft,
Blomidon,NS ,2,Full,CampsitePermit,Single Tent,
Graves Island,NS ,1,Full,CampsitePermit,Single Tent,
Valleyview,NS ,2,Full,CampsitePermit,Less than 20ft,
Valleyview,NS ,2,Senior,CampsitePermit,Less than 30ft,
Cape Chignecto,NB ,3,Full,BackcountryPermit,Single Tent,
Thomas Raddall,ON ,2,Full,CampsitePermit,Single Tent,
Porters Lake,NS ,3,Full,CampsitePermit,Less than 20ft,
Porters Lake,NS ,2,Full,CampsitePermit,Less than 30ft,
Smileys,NS ,2,Full,CampsitePermit,Less than 20ft,
Thomas Raddall,NS ,2,Full,CampsitePermit,Single Tent,
Rissers Beach,NS ,2,Senior,CampsitePermit,Less than 20ft,
Thomas Raddall,NS ,2,Full,CampsitePermit,Less than 20ft,
Rissers Beach,NS ,6,Full,CampsitePermit,Tents,
Caribou Munroes,ON ,2,Full,CampsitePermit,Less than 20ft,
Thomas Raddall,QC ,2,Full,CampsitePermit,Less than 30ft,
Smileys,NS ,4,Full,CampsitePermit,Less than 30ft,
Laurie,NS ,2,Full,CampsitePermit,Single Tent,
Graves Island,NS ,3,Full,CampsitePermit,Less than 40ft,
Graves Island,NS ,2,Full,CampsitePermit,Single Tent,
Mira River,QC ,2,Full,CampsitePermit,Less than 20ft,
Mira River,NS ,3,Full,CampsitePermit,Less than 20ft,
Graves Island,NS ,2,Veteran,CampsitePermit,Single Tent,
Amherst Shore,NS ,2,Full,CampsitePermit,Less than 30ft,
Dollar Lake,NS ,2,Full,CampsitePermit,Single Tent,
Rissers Beach,NS ,2,Full,CampsitePermit,Less than 30ft,
Dollar Lake,NS ,4,Full,CampsitePermit,Less than 20ft,
Whycocomagh,ON ,5,Full,YurtPermit,Tents,
Five Islands,NS ,4,Full,CampsitePermit,Single Tent,
Amherst Shore,ON ,1,Full,CampsitePermit,Single Tent,
Graves Island,NS ,2,Senior,CampsitePermit,Less than 20ft,
Rissers Beach,NS ,4,Full,CampsitePermit,Single Tent,
Caribou Munroes,ON ,6,Full,CampsitePermit,Less than 30ft,
Ellenwood Lake,NS ,2,Full,CampsitePermit,Single Tent,
Graves Island,NS ,4,Full,CampsitePermit,Less than 30ft,
Battery,NS ,5,Full,CampsitePermit,Tents,
Salsman,NS ,2,Full,CampsitePermit,Less than 30ft,
Thomas Raddall,QC ,2,Full,CampsitePermit,Single Tent,
Amherst Shore,NS ,5,Full,CampsitePermit,Greater than 40ft,
Caribou Munroes,QC ,2,Full,CampsitePermit,Single Tent,
Mira River,ON ,2,Full,CampsitePermit,Single Tent,
Laurie,NS ,3,Full,CampsitePermit,Single Tent,
Amherst Shore,NS ,1,Full,CampsitePermit,Single Tent,
Mira River,NS ,4,Full,CampsitePermit,Greater than 40ft,
Smileys,PE ,2,Full,CampsitePermit,Less than 20ft,
Blomidon,NS ,3,Full,CampsitePermit,Single Tent,
Battery,QC ,2,Full,CampsitePermit,Single Tent,
Whycocomagh,QC ,2,Full,CampsitePermit,Single Tent,
Rissers Beach,NS ,2,Full,CampsitePermit,Less than 20ft,
Rissers Beach,NS ,4,Full,CampsitePermit,Single Tent,
Blomidon,NS ,4,Full,CampsitePermit,Single Tent,
Porters Lake,NB ,6,Full,CampsitePermit,Less than 40ft,
Rissers Beach,NS ,2,Full,CampsitePermit,Tents,
Laurie,NS ,2,Full,CampsitePermit,Less than 40ft,
Amherst Shore,ON ,2,Senior,CampsitePermit,Less than 20ft,
Five Islands,NS ,2,Full,CampsitePermit,Single Tent,
Dollar Lake,NS ,2,Full,CampsitePermit,Single Tent,
Blomidon,NS ,2,Senior,CampsitePermit,Less than 20ft,
Whycocomagh,NS ,6,Full,CampsitePermit,Less than 20ft,
Salsman,NS ,2,Full,CampsitePermit,Less than 20ft,
Blomidon,QC ,2,Full,CampsitePermit,Single Tent,
Porters Lake,NS ,2,Full,CampsitePermit,Single Tent,
Graves Island,NB ,1,Full,CampsitePermit,Single Tent,
Caribou Munroes,QC ,2,Full,CampsitePermit,Less than 20ft,
Porters Lake,NS ,4,Full,CampsitePermit,Single Tent,
Blomidon,NS ,2,Full,CampsitePermit,Single Tent,
Amherst Shore,ON ,4,Full,CampsitePermit,Less than 20ft,
Battery,ON ,2,Full,CampsitePermit,Single Tent,
Rissers Beach,ON ,4,Full,CampsitePermit,Tents,
Graves Island,NS ,2,Full,CampsitePermit,Single Tent,
Caribou Munroes,AB ,1,Full,CampsitePermit,Less than 20ft,
Battery,NS ,3,Full,CampsitePermit,Single Tent,
Rissers Beach,NS ,4,Full,CampsitePermit,Less than 30ft,
Caribou Munroes,NS ,4,Full,CampsitePermit,Less than 30ft,
Amherst Shore,ON ,5,Full,CampsitePermit,Less than 30ft,
Caribou Munroes,QC ,6,Full,CampsitePermit,Less than 30ft,
Thomas Raddall,NS ,4,Full,CampsitePermit,Single Tent,
Rissers Beach,NB ,3,Full,CampsitePermit,Tents,
Porters Lake,NS ,2,Full,CampsitePermit,Tents,
Mira River,NS ,2,Full,CampsitePermit,Less than 20ft,
Battery,QC ,2,Full,CampsitePermit,Single Tent,
Laurie,NS ,2,Full,CampsitePermit,Single Tent,
Porters Lake,ON ,2,Full,CampsitePermit,Single Tent,
Amherst Shore,NS ,2,Veteran,CampsitePermit,Single Tent,
Blomidon,NS ,2,Full,CampsitePermit,Single Tent,
Whycocomagh,AB ,2,Senior,CampsitePermit,Less than 20ft,
Blomidon,MB ,1,Full,CampsitePermit,Single Tent,
Thomas Raddall,NS ,5,Full,CampsitePermit,Less than 40ft,
Caribou Munroes,QC ,2,Full,CampsitePermit,Single Tent,
Graves Island,NS ,1,Full,CampsitePermit,Single Tent,
Five Islands,NB ,2,Full,CampsitePermit,Single Tent,
Ellenwood Lake,NS ,1,Senior,CampsitePermit,Less than 30ft,
The Islands,QC ,2,Full,CampsitePermit,Less than 30ft,
Laurie,NS ,3,Full,CampsitePermit,Less than 20ft,
Thomas Raddall,NS ,2,Full,CampsitePermit,Less than 30ft,
Dollar Lake,NS ,3,Full,CampsitePermit,Single Tent,
Rissers Beach,NS ,5,Full,CampsitePermit,Less than 40ft,
Five Islands,NS ,3,Full,CampsitePermit,Less than 20ft,
Amherst Shore,NS ,2,Senior,CampsitePermit,Single Tent,
Dollar Lake,NS ,6,Full,CampsitePermit,Single Tent,
Cape Chignecto,NS ,2,Full,BackcountryPermit,Single Tent,
Rissers Beach,NS ,4,Senior,CampsitePermit,Less than 30ft,
Amherst Shore,ON ,2,Senior,CampsitePermit,Single Tent,
Mira River,NS ,4,Full,CampsitePermit,Single Tent,
Amherst Shore,NB ,1,Full,CampsitePermit,Single Tent,
Smileys,NS ,6,Senior,CampsitePermit,Tents,
Smileys,NS ,4,Full,CampsitePermit,Less than 30ft,
Graves Island,ON ,3,Full,CampsitePermit,Less than 20ft,
Mira River,QC ,4,Full,CampsitePermit,Less than 30ft,
Porters Lake,AB ,1,Full,CampsitePermit,Single Tent,
Caribou Munroes,ON ,2,Full,CampsitePermit,Less than 20ft,
Graves Island,NS ,4,Full,CampsitePermit,Less than 30ft,
Mira River,QC ,2,Full,CampsitePermit,Single Tent,
Ellenwood Lake,NS ,2,Full,CampsitePermit,Less than 20ft,
Graves Island,NS ,2,Full,CampsitePermit,Less than 30ft,
Five Islands,ON ,6,Senior,CampsitePermit,Less than 30ft,
Dollar Lake,NS ,4,Full,CampsitePermit,Single Tent,
Mira River,ON ,2,Senior,CampsitePermit,Less than 30ft,
Caribou Munroes,NS ,4,Full,CampsitePermit,Less than 20ft,
Five Islands,NB ,6,Full,CampsitePermit,Tents,
Graves Island,NS ,2,Senior,CampsitePermit,Less than 20ft,
Salsman,ON ,2,Full,CampsitePermit,Less than 30ft,
Valleyview,QC ,2,Full,CampsitePermit,Less than 30ft,
Graves Island,NS ,5,Full,CampsitePermit,Tents,
Dollar Lake,NS ,4,Full,CampsitePermit,Single Tent,
Caribou Munroes,NS ,3,Full,CampsitePermit,Single Tent,
Mira River,QC ,2,Full,CampsitePermit,Less than 20ft,
Caribou Munroes,NS ,5,Full,CampsitePermit,Single Tent,
Rissers Beach,NS ,3,Full,CampsitePermit,Less than 30ft,
Rissers Beach,NS ,5,Full,CampsitePermit,Single Tent,
Dollar Lake,NS ,5,Full,CampsitePermit,Less than 20ft,
Battery,ON ,1,Full,CampsitePermit,Single Tent,
Mira River,NS ,4,Full,CampsitePermit,Less than 30ft,
Mira River,AB ,5,Full,CampsitePermit,Less than 30ft,
Whycocomagh,QC ,2,Full,CampsitePermit,Less than 20ft,
Battery,NS ,2,Full,CampsitePermit,Single Tent,
Caribou Munroes,ON ,2,Full,CampsitePermit,Single Tent,
Boylston,ON ,2,Full,CampsitePermit,Single Tent,
Rissers Beach,NS ,6,Full,CampsitePermit,Tents,
Porters Lake,QC ,2,Full,CampsitePermit,Single Tent,
Rissers Beach,NS ,2,Senior,CampsitePermit,Less than 20ft,
Five Islands,ON ,2,Full,CampsitePermit,Single Tent,
Graves Island,NS ,2,Full,CampsitePermit,Single Tent,
Mira River,NS ,2,Full,CampsitePermit,Less than 30ft,
Whycocomagh,ON ,2,Full,CampsitePermit,Single Tent,
Thomas Raddall,NS ,2,Senior,CampsitePermit,Single Tent,
Dollar Lake,NS ,2,Full,CampsitePermit,Single Tent,
Amherst Shore,QC ,2,Full,CampsitePermit,Less than 30ft,
Graves Island,NS ,1,Senior,CampsitePermit,Less than 20ft,
Rissers Beach,NS ,4,Full,CampsitePermit,Less than 30ft,
Smileys,NS ,6,Full,CampsitePermit,Less than 40ft,
Battery,NS ,2,Full,CampsitePermit,Single Tent,
Ellenwood Lake,QC ,2,Full,CampsitePermit,Less than 20ft,
Valleyview,NS ,4,Full,CampsitePermit,Less than 40ft,
Five Islands,NS ,2,Full,CampsitePermit,Less than 20ft,
Mira River,NS ,5,Full,CampsitePermit,Less than 30ft,
Amherst Shore,NS ,4,Full,CampsitePermit,Less than 30ft,
Five Islands,NS ,3,Full,CampsitePermit,Single Tent,
Thomas Raddall,NS ,4,Full,CampsitePermit,Single Tent,
Ellenwood Lake,NS ,2,Full,CampsitePermit,Less than 20ft,
Blomidon,NB ,2,Full,CampsitePermit,Single Tent,
Whycocomagh,NS ,2,Full,CampsitePermit,Less than 20ft,
Porters Lake,NS ,3,Full,CampsitePermit,Less than 20ft,
Caribou Munroes,NS ,3,Full,CampsitePermit,Single Tent,
Smileys,NS ,4,Full,CampsitePermit,Single Tent,
Blomidon,NS ,3,Full,CampsitePermit,Less than 30ft,
Dollar Lake,NS ,5,Full,CampsitePermit,Single Tent,
Thomas Raddall,NS ,2,Senior,CampsitePermit,Single Tent,
Whycocomagh,NS ,2,Full,YurtPermit,Tents,
Thomas Raddall,NS ,5,Full,CampsitePermit,Single Tent,
Rissers Beach,NS ,1,Full,CampsitePermit,Single Tent,
Graves Island,NS ,2,Full,CampsitePermit,Less than 20ft,
The Islands,NS ,2,Full,CampsitePermit,Single Tent,
Mira River,NS ,2,Full,CampsitePermit,Single Tent,
Five Islands,QC ,5,Full,CampsitePermit,Single Tent,
Porters Lake,NS ,2,Full,CampsitePermit,Single Tent,
Amherst Shore,QC ,2,Full,CampsitePermit,Single Tent,
Caribou Munroes,QC ,2,Full,CampsitePermit,Less than 30ft,
Smileys,NS ,2,Full,CampsitePermit,Less than 30ft,
Blomidon,NS ,2,Full,CampsitePermit,Single Tent,
Porters Lake,NB ,2,Full,CampsitePermit,Single Tent,
Rissers Beach,ON ,5,Full,CampsitePermit,Less than 20ft,
Salsman,BC ,2,Senior,CampsitePermit,Less than 30ft,
Caribou Munroes,NS ,5,Full,CampsitePermit,Single Tent,
Ellenwood Lake,NS ,2,Full,CampsitePermit,Single Tent,
Thomas Raddall,NS ,2,Full,CampsitePermit,Single Tent,
Thomas Raddall,NS ,2,Full,CampsitePermit,Less than 30ft,
Cape Chignecto,NB ,2,Full,BackcountryPermit,Single Tent,
Graves Island,NS ,1,Full,CampsitePermit,Single Tent,
Smileys,NS ,1,Full,CampsitePermit,Single Tent,
Caribou Munroes,NS ,3,Full,CampsitePermit,Single Tent,
Laurie,NS ,6,Full,CampsitePermit,Tents,
Smileys,NS ,4,Full,CampsitePermit,Single Tent,
Ellenwood Lake,NS ,5,Full,CampsitePermit,Less than 40ft,
Porters Lake,NS ,2,Full,CampsitePermit,Single Tent,
Laurie,NS ,3,Full,CampsitePermit,Less than 30ft,
Caribou Munroes,NS ,2,Full,CampsitePermit,Less than 30ft,
Whycocomagh,QC ,4,Full,CampsitePermit,Less than 20ft,
Graves Island,QC ,1,Full,CampsitePermit,Single Tent,
Laurie,NS ,2,Full,CampsitePermit,Single Tent,
Mira River,QC ,2,Full,CampsitePermit,Less than 30ft,
Graves Island,NS ,2,Full,CampsitePermit,Less than 40ft,
Caribou Munroes,ON ,2,Full,CampsitePermit,Single Tent,
Five Islands,NS ,3,Full,CampsitePermit,Single Tent,
Graves Island,NS ,4,Full,CampsitePermit,Tents,
Smileys,NS ,6,Full,CampsitePermit,Tents,
Valleyview,NS ,3,Full,CampsitePermit,Single Tent,
Caribou Munroes,NS ,2,Full,CampsitePermit,Less than 20ft,
Amherst Shore,NS ,2,Senior,CampsitePermit,Single Tent,
Ellenwood Lake,NB ,1,Full,CampsitePermit,Single Tent,
Blomidon,NS ,4,Full,CampsitePermit,Single Tent,
Mira River,NS ,3,Full,CampsitePermit,Less than 30ft,
Blomidon,NS ,2,Full,CampsitePermit,Less than 20ft,
Dollar Lake,NS ,2,Full,CampsitePermit,Single Tent,
Graves Island,NS ,4,Full,CampsitePermit,Less than 40ft,
Rissers Beach,NS ,6,Full,CampsitePermit,Single Tent,
Boylston,NS ,2,Full,CampsitePermit,Single Tent,
Five Islands,NS ,6,Full,CampsitePermit,Tents,
Mira River,ON ,2,Senior,CampsitePermit,Less than 20ft,
Porters Lake,ON ,3,Full,CampsitePermit,Single Tent,
Amherst Shore,QC ,1,Full,CampsitePermit,Single Tent,
Salsman,NS ,2,Senior,CampsitePermit,Greater than 40ft,
Thomas Raddall,QC ,2,Full,CampsitePermit,Single Tent,
Graves Island,ON ,5,Full,CampsitePermit,Less than 20ft,
Dollar Lake,NS ,4,Full,CampsitePermit,Single Tent,
Ellenwood Lake,NS ,4,Full,CampsitePermit,Single Tent,
Salsman,NS ,2,Full,CampsitePermit,Less than 30ft,
Caribou Munroes,NS ,4,Full,CampsitePermit,Less than 30ft,
Valleyview,NS ,2,Full,CampsitePermit,Single Tent,
Caribou Munroes,QC ,2,Senior,CampsitePermit,Less than 20ft,
Mira River,QC ,2,Full,CampsitePermit,Less than 20ft,
Thomas Raddall,NS ,3,Full,CampsitePermit,Less than 30ft,
Five Islands,ON ,2,Senior,CampsitePermit,Single Tent,
Blomidon,NS ,3,Full,CampsitePermit,Less than 20ft,
Graves Island,NS ,2,Senior,CampsitePermit,Less than 20ft,
Caribou Munroes,NS ,2,Veteran,CampsitePermit,Less than 30ft,
Mira River,NS ,2,Full,CampsitePermit,Less than 40ft,
Caribou Munroes,ON ,2,Full,CampsitePermit,Single Tent,
Salsman,NS ,1,Full,CampsitePermit,Single Tent,
Laurie,NS ,2,Full,CampsitePermit,Less than 30ft,
Laurie,NS ,5,Full,CampsitePermit,Single Tent,
Thomas Raddall,NS ,3,Full,CampsitePermit,Less than 20ft,
Dollar Lake,NS ,4,Full,CampsitePermit,Single Tent,
Blomidon,NS ,2,Full,CampsitePermit,Single Tent,
Rissers Beach,NS ,2,Full,CampsitePermit,Less than 20ft,
Porters Lake,NS ,2,Full,CampsitePermit,Single Tent,
Graves Island,NS ,2,Full,CampsitePermit,Less than 20ft,
Graves Island,NS ,2,Full,CampsitePermit,Single Tent,
Porters Lake,NS ,5,Full,CampsitePermit,Less than 20ft,
Porters Lake,NS ,2,Full,CampsitePermit,Single Tent,
Graves Island,ON ,3,Full,CampsitePermit,Less than 20ft,
Dollar Lake,NS ,6,Full,CampsitePermit,Tents,
Caribou Munroes,ON ,3,Full,CampsitePermit,Single Tent,
Five Islands,NS ,5,Full,CampsitePermit,Single Tent,
Graves Island,ON ,6,Full,CampsitePermit,Less than 20ft,
Laurie,NS ,1,Full,CampsitePermit,Single Tent,
Porters Lake,NS ,2,Full,CampsitePermit,Single Tent,
Graves Island,NS ,2,Full,CampsitePermit,Less than 30ft,
Porters Lake,ON ,2,Full,CampsitePermit,Less than 30ft,
Blomidon,NS ,5,Full,CampsitePermit,Tents,
Valleyview,NS ,2,Full,CampsitePermit,Less than 20ft,
Porters Lake,NS ,4,Full,CampsitePermit,Less than 30ft,
Smileys,NS ,2,Full,CampsitePermit,Less than 20ft,
Blomidon,NS ,2,Full,CampsitePermit,Single Tent,
Rissers Beach,NS ,2,Full,CampsitePermit,Less than 20ft,
Ellenwood Lake,NS ,3,Full,CampsitePermit,Less than 30ft,
Blomidon,ON ,2,Full,CampsitePermit,Single Tent,
Battery,AB ,2,Full,CampsitePermit,Single Tent,
Whycocomagh,NS ,2,Full,CampsitePermit,Single Tent,
Blomidon,NS ,5,Full,CampsitePermit,Tents,
Caribou Munroes,NS ,2,Full,CampsitePermit,Single Tent,
Mira River,ON ,2,Full,CampsitePermit,Less than 30ft,
Five Islands,NS ,2,Full,CampsitePermit,Single Tent,
Mira River,NS ,2,Full,CampsitePermit,Less than 20ft,
Dollar Lake,NS ,3,Full,CampsitePermit,Single Tent,
Graves Island,NS ,3,Full,CampsitePermit,Tents,
Blomidon,NS ,3,Full,CampsitePermit,Less than 20ft,
Blomidon,NS ,4,Full,CampsitePermit,Tents,
Mira River,QC ,3,Full,CampsitePermit,Tents,
Five Islands,NS ,2,Host,CampsitePermit,Less than 20ft,
Graves Island,NS ,2,Senior,CampsitePermit,Less than 30ft,
Five Islands,NS ,3,Full,CampsitePermit,Single Tent,
Laurie,NS ,2,Full,CampsitePermit,Less than 30ft,
Graves Island,ON ,4,Full,CampsitePermit,Less than 30ft,
Graves Island,NS ,2,Full,CampsitePermit,Less than 30ft,
Whycocomagh,NB ,2,Full,CampsitePermit,Single Tent,
Caribou Munroes,NS ,3,Full,CampsitePermit,Tents,
Laurie,AB ,2,Full,CampsitePermit,Single Tent,
Smileys,NS ,4,Senior,CampsitePermit,Less than 30ft,
Blomidon,NS ,4,Full,CampsitePermit,Less than 30ft,
Blomidon,NS ,2,Full,CampsitePermit,Single Tent,
Thomas Raddall,ON ,2,Full,CampsitePermit,Single Tent,
Ellenwood Lake,NS ,3,Full,CampsitePermit,Single Tent,
Dollar Lake,NS ,5,Full,CampsitePermit,Less than 30ft,
Graves Island,NS ,5,Full,CampsitePermit,Less than 30ft,
Blomidon,NS ,2,Full,CampsitePermit,Single Tent,
Graves Island,ON ,1,Full,CampsitePermit,Single Tent,
The Islands,NS ,2,Full,CampsitePermit,Less than 30ft,
Ellenwood Lake,NS ,4,Full,CampsitePermit,Less than 20ft,
Porters Lake,NS ,5,Full,CampsitePermit,Single Tent,
Caribou Munroes,NS ,2,Full,CampsitePermit,Single Tent,
Five Islands,ON ,2,Senior,CampsitePermit,Less than 20ft,
Mira River,NS ,4,Full,CampsitePermit,Single Tent,
Rissers Beach,NS ,2,Senior,CampsitePermit,Less than 30ft,
Rissers Beach,NS ,4,Full,CampsitePermit,Less than 30ft,
Ellenwood Lake,NS ,5,Full,CampsitePermit,Less than 20ft,
Caribou Munroes,NS ,2,Full,CampsitePermit,Less than 20ft,
Rissers Beach,NS ,3,Full,CampsitePermit,Single Tent,
Salsman,NS ,2,Full,CampsitePermit,Less than 30ft,
Rissers Beach,NS ,4,Full,CampsitePermit,Less than 20ft,
Caribou Munroes,NS ,4,Full,CampsitePermit,Less than 40ft,
Thomas Raddall,NS ,2,Full,CampsitePermit,Single Tent,
Graves Island,ON ,3,Full,CampsitePermit,Less than 20ft,
Battery,QC ,1,Full,CampsitePermit,Single Tent,
Valleyview,ON ,2,Senior,CampsitePermit,Single Tent,
Rissers Beach,NS ,5,Senior,CampsitePermit,Less than 40ft,
Battery,NS ,5,Full,CampsitePermit,Less than 30ft,
Ellenwood Lake,QC ,2,Full,CampsitePermit,Single Tent,
Ellenwood Lake,QC ,2,Full,CampsitePermit,Single Tent,
Salsman,NS ,2,Senior,CampsitePermit,Single Tent,
Mira River,NS ,4,Full,CampsitePermit,Single Tent,
Caribou Munroes,QC ,4,Full,CampsitePermit,Single Tent,
Laurie,BC ,1,Full,CampsitePermit,Single Tent,
Porters Lake,NS ,2,Full,CampsitePermit,Less than 20ft,
Graves Island,ON ,2,Full,CampsitePermit,Single Tent,
Amherst Shore,ON ,2,Full,CampsitePermit,Single Tent,
Blomidon,NS ,2,Full,CampsitePermit,Single Tent,
Amherst Shore,QC ,1,Full,CampsitePermit,Less than 20ft,
Blomidon,NS ,3,Full,CampsitePermit,Less than 20ft,
Rissers Beach,NS ,2,Full,CampsitePermit,Less than 30ft,
Laurie,NS ,2,Full,CampsitePermit,Single Tent,
Porters Lake,AB ,5,Full,CampsitePermit,Single Tent,
Rissers Beach,NS ,2,Full,CampsitePermit,Single Tent,
Mira River,QC ,2,Full,CampsitePermit,Single Tent,
Thomas Raddall,NS ,2,Full,CampsitePermit,Less than 20ft,
Porters Lake,NS ,2,Full,CampsitePermit,Less than 40ft,
Dollar Lake,ON ,2,Full,CampsitePermit,Single Tent,
Thomas Raddall,NS ,2,Full,CampsitePermit,Less than 30ft,
Rissers Beach,NS ,4,Full,CampsitePermit,Less than 20ft,
Porters Lake,NS ,4,Full,CampsitePermit,Less than 20ft,
Rissers Beach,NS ,3,Full,CampsitePermit,Tents,
Graves Island,ON ,2,Senior,CampsitePermit,Less than 30ft,
Rissers Beach,NS ,3,Full,CampsitePermit,Less than 20ft,
Graves Island,NS ,4,Full,CampsitePermit,Less than 30ft,
Blomidon,ON ,2,Full,CampsitePermit,Single Tent,
Caribou Munroes,NS ,4,Full,CampsitePermit,Less than 20ft,
Dollar Lake,NS ,4,Full,CampsitePermit,Single Tent,
Blomidon,NS ,3,Full,CampsitePermit,Single Tent,
Valleyview,NS ,2,Full,CampsitePermit,Single Tent,
Laurie,ON ,2,Full,CampsitePermit,Less than 20ft,
Smileys,NS ,4,Full,CampsitePermit,Single Tent,
Porters Lake,NS ,3,Full,CampsitePermit,Single Tent,
Caribou Munroes,NS ,2,Full,CampsitePermit,Single Tent,
Thomas Raddall,NS ,4,Full,CampsitePermit,Single Tent,
Ellenwood Lake,NS ,1,Full,CampsitePermit,Less than 30ft,
Battery,NS ,2,Full,CampsitePermit,Less than 40ft,
Cape Chignecto,NS ,6,Full,BackcountryPermit,Single Tent,
Graves Island,ON ,1,Full,CampsitePermit,Single Tent,
Rissers Beach,NS ,4,Senior,CampsitePermit,Less than 30ft,
Whycocomagh,ON ,2,Senior,CampsitePermit,Less than 20ft,
Mira River,NB ,3,Full,CampsitePermit,Single Tent,
Graves Island,NS ,5,Full,CampsitePermit,Less than 30ft,
Blomidon,NS ,1,Full,CampsitePermit,Single Tent,
Smileys,ON ,2,Full,CampsitePermit,Single Tent,
Battery,NS ,3,Full,CampsitePermit,Tents,
Whycocomagh,AB ,4,Full,YurtPermit,Tents,
Blomidon,QC ,2,Full,CampsitePermit,Single Tent,
Caribou Munroes,ON ,3,Full,CampsitePermit,Single Tent,
Mira River,NS ,4,Full,CampsitePermit,Less than 30ft,
Blomidon,ON ,2,Full,CampsitePermit,Single Tent,
Caribou Munroes,NS ,5,Full,CampsitePermit,Less than 20ft,
Battery,QC ,2,Full,CampsitePermit,Single Tent,
Amherst Shore,QC ,2,Full,CampsitePermit,Less than 20ft,
Ellenwood Lake,NS ,3,Full,CampsitePermit,Single Tent,
Blomidon,NS ,5,Full,CampsitePermit,Single Tent,
Porters Lake,NS ,4,Full,CampsitePermit,Tents,
Rissers Beach,ON ,2,Full,CampsitePermit,Single Tent,
Battery,NS ,2,Full,CampsitePermit,Single Tent,
Salsman,NS ,2,Full,CampsitePermit,Less than 30ft,
Cape Chignecto,NS ,2,Full,BackcountryPermit,Single Tent,
Graves Island,NS ,4,Full,CampsitePermit,Less than 20ft,
Caribou Munroes,NS ,2,Full,CampsitePermit,Less than 30ft,
Amherst Shore,NS ,5,Full,CampsitePermit,Less than 20ft,
Smileys,NS ,4,Full,CampsitePermit,Less than 20ft,
Thomas Raddall,NS ,2,Full,CampsitePermit,Less than 20ft,
The Islands,NS ,4,Full,CampsitePermit,Single Tent,
Cape Chignecto,NS ,4,Full,BackcountryPermit,Single Tent,
Five Islands,QC ,2,Senior,CampsitePermit,Less than 20ft,
Rissers Beach,NS ,5,Full,CampsitePermit,Less than 20ft,
Rissers Beach,ON ,1,Full,CampsitePermit,Single Tent,
Caribou Munroes,NS ,6,Senior,CampsitePermit,Single Tent,
Caribou Munroes,NS ,2,Full,CampsitePermit,Less than 30ft,
Ellenwood Lake,NS ,4,Full,CampsitePermit,Single Tent,
Mira River,ON ,6,Full,CampsitePermit,Less than 30ft,
Rissers Beach,NS ,2,Full,CampsitePermit,Single Tent,
Rissers Beach,NS ,6,Veteran,CampsitePermit,Tents,
Rissers Beach,NS ,2,Full,CampsitePermit,Single Tent,
Thomas Raddall,NS ,4,Full,CampsitePermit,Less than 30ft,
The Islands,ON ,2,Full,CampsitePermit,Single Tent,
Rissers Beach,NS ,4,Full,CampsitePermit,Single Tent,
Graves Island,NS ,4,Full,CampsitePermit,Tents,
Rissers Beach,NS ,5,Full,CampsitePermit,Less than 20ft,
Battery,ON ,2,Senior,CampsitePermit,Single Tent,
Salsman,ON ,2,Full,CampsitePermit,Single Tent,
Dollar Lake,NS ,3,Full,CampsitePermit,Single Tent,
Dollar Lake,NS ,4,Full,CampsitePermit,Less than 20ft,
Thomas Raddall,NS ,6,Full,CampsitePermit,Tents,
Porters Lake,ON ,2,Full,CampsitePermit,Less than 40ft,
Blomidon,NS ,3,Full,CampsitePermit,Less than 20ft,
Rissers Beach,NS ,2,Full,CampsitePermit,Single Tent,
Graves Island,NS ,2,Full,CampsitePermit,Less than 20ft,
Graves Island,NS ,2,Senior,CampsitePermit,Less than 30ft,
Whycocomagh,ON ,5,Full,CampsitePermit,Tents,
Caribou Munroes,ON ,2,Full,CampsitePermit,Less than 30ft,
Thomas Raddall,NS ,2,Full,CampsitePermit,Less than 30ft,
Five Islands,NS ,3,Full,CampsitePermit,Tents,
Graves Island,NS ,6,Full,CampsitePermit,Single Tent,
Five Islands,NS ,2,Full,CampsitePermit,Single Tent,
Amherst Shore,NS ,6,Full,CampsitePermit,Tents,
Mira River,NS ,4,Full,CampsitePermit,Less than 20ft,
Laurie,QC ,3,Full,CampsitePermit,Single Tent,
Caribou Munroes,NS ,2,Full,CampsitePermit,Less than 20ft,
Mira River,NS ,3,Full,CampsitePermit,Less than 20ft,
The Islands,NS ,2,Senior,CampsitePermit,Single Tent,
Ellenwood Lake,NS ,4,Full,CampsitePermit,Tents,
Mira River,NS ,4,Full,CampsitePermit,Single Tent,
Rissers Beach,NB ,2,Full,CampsitePermit,Single Tent,
Mira River,ON ,6,Full,CampsitePermit,Less than 40ft,
Mira River,QC ,2,Full,CampsitePermit,Single Tent,
Caribou Munroes,NS ,4,Full,CampsitePermit,Less than 30ft,
Blomidon,NS ,4,Full,CampsitePermit,Tents,
Smileys,QC ,2,Full,CampsitePermit,Less than 20ft,
Five Islands,ON ,2,Full,CampsitePermit,Less than 20ft,
Graves Island,ON ,5,Full,CampsitePermit,Tents,
Graves Island,NS ,1,Senior,CampsitePermit,Less than 20ft,
Five Islands,ON ,1,Full,CampsitePermit,Single Tent,
Laurie,NS ,4,Full,CampsitePermit,Single Tent,
Dollar Lake,NS ,6,Full,CampsitePermit,Single Tent,
Mira River,NS ,4,Full,CampsitePermit,Single Tent,
The Islands,NS ,2,Senior,CampsitePermit,Less than 30ft,
Mira River,NS ,4,Full,CampsitePermit,Less than 20ft,
Porters Lake,NS ,4,Full,CampsitePermit,Single Tent,
Blomidon,ON ,6,Full,CampsitePermit,Single Tent,
Salsman,NS ,2,Full,CampsitePermit,Single Tent,
Caribou Munroes,NS ,2,Full,CampsitePermit,Single Tent,
Graves Island,NS ,6,Full,CampsitePermit,Less than 30ft,
Battery,NS ,2,Full,CampsitePermit,Less than 20ft,
Smileys,NS ,6,Full,CampsitePermit,Less than 40ft,
Thomas Raddall,NS ,3,Full,CampsitePermit,Less than 30ft,
Dollar Lake,ON ,3,Full,CampsitePermit,Single Tent,
Mira River,QC ,4,Full,CampsitePermit,Single Tent,
Caribou Munroes,NS ,2,Full,CampsitePermit,Less than 20ft,
Blomidon,NS ,3,Full,CampsitePermit,Single Tent,
Thomas Raddall,NS ,2,Senior,CampsitePermit,Less than 20ft,
Mira River,NS ,4,Full,CampsitePermit,Less than 20ft,
Caribou Munroes,QC ,2,Full,CampsitePermit,Single Tent,
Ellenwood Lake,NS ,4,Full,CampsitePermit,Single Tent,
Mira River,NS ,3,Full,CampsitePermit,Less than 40ft,
Cape Chignecto,NB ,1,Full,BackcountryPermit,Single Tent,
Mira River,ON ,3,Full,CampsitePermit,Less than 20ft,
Graves Island,NS ,2,Full,CampsitePermit,Less than 30ft,
Laurie,NS ,2,Full,CampsitePermit,Less than 30ft,
Dollar Lake,NS ,3,Full,CampsitePermit,Less than 30ft,
Battery,NS ,2,Veteran,CampsitePermit,Single Tent,
Mira River,NB ,6,Full,CampsitePermit,Less than 20ft,
Caribou Munroes,ON ,5,Full,CampsitePermit,Single Tent,
Five Islands,NS ,2,Full,CampsitePermit,Tents,
Graves Island,NS ,2,Full,CampsitePermit,Less than 30ft,
Thomas Raddall,NS ,2,Full,CampsitePermit,Single Tent,
Caribou Munroes,NS ,2,Full,CampsitePermit,Less than 20ft,
Blomidon,NS ,4,Full,CampsitePermit,Less than 20ft,
Dollar Lake,NS ,5,Full,CampsitePermit,Tents,
Whycocomagh,NS ,2,Full,CampsitePermit,Less than 30ft,
Graves Island,ON ,1,Full,CampsitePermit,Less than 20ft,
Dollar Lake,NS ,4,Full,CampsitePermit,Less than 30ft,
Thomas Raddall,NS ,5,Full,CampsitePermit,Single Tent,
The Islands,QC ,2,Senior,CampsitePermit,Single Tent,
Whycocomagh,NS ,3,Full,CampsitePermit,Less than 20ft,
Ellenwood Lake,NS ,6,Full,CampsitePermit,Less than 20ft,
Graves Island,ON ,2,Full,CampsitePermit,Less than 20ft,
Graves Island,NS ,2,Full,CampsitePermit,Less than 20ft,
Caribou Munroes,NS ,2,Senior,CampsitePermit,Less than 20ft,
Graves Island,NS ,3,Full,CampsitePermit,Less than 30ft,
Rissers Beach,NS ,4,Senior,CampsitePermit,Less than 40ft,
Rissers Beach,NS ,4,Veteran,CampsitePermit,Single Tent,
Dollar Lake,NS ,2,Full,CampsitePermit,Single Tent,
Whycocomagh,NS ,3,Full,YurtPermit,Tents,
Caribou Munroes,BC ,4,Full,CampsitePermit,Single Tent,
Mira River,NS ,3,Full,CampsitePermit,Less than 40ft,
Blomidon,NS ,2,Full,CampsitePermit,Less than 20ft,
Ellenwood Lake,NS ,2,Full,CampsitePermit,Less than 30ft,
Dollar Lake,NS ,4,Full,CampsitePermit,Less than 20ft,
Five Islands,NS ,3,Full,CampsitePermit,Single Tent,
Battery,QC ,2,Full,CampsitePermit,Single Tent,
Rissers Beach,NS ,2,Full,CampsitePermit,Less than 20ft,
Blomidon,NS ,2,Full,CampsitePermit,Single Tent,
Caribou Munroes,NS ,4,Full,CampsitePermit,Less than 40ft,
Cape Chignecto,NB ,1,Full,BackcountryPermit,Single Tent,
Caribou Munroes,NS ,2,Full,CampsitePermit,Less than 30ft,
Dollar Lake,NS ,2,Senior,CampsitePermit,Less than 30ft,
Porters Lake,NS ,5,Full,CampsitePermit,Tents,
Caribou Munroes,NS ,2,Full,CampsitePermit,Single Tent,
Five Islands,NS ,2,Full,CampsitePermit,Single Tent,
Dollar Lake,NS ,2,Full,CampsitePermit,Less than 20ft,
Valleyview,NS ,2,Full,CampsitePermit,Less than 30ft,
Mira River,NS ,2,Full,CampsitePermit,Single Tent,
Five Islands,NS ,2,Full,CampsitePermit,Less than 20ft,
Blomidon,NS ,5,Full,CampsitePermit,Less than 20ft,
Caribou Munroes,NS ,4,Full,CampsitePermit,Less than 30ft,
Rissers Beach,NS ,5,Full,CampsitePermit,Less than 20ft,
Cape Chignecto,NS ,5,Full,BackcountryPermit,Single Tent,
Battery,NS ,2,Full,CampsitePermit,Single Tent,
Caribou Munroes,NS ,5,Full,CampsitePermit,Less than 30ft,
Mira River,NS ,4,Full,CampsitePermit,Less than 30ft,
Blomidon,NS ,2,Full,CampsitePermit,Single Tent,
Five Islands,NS ,2,Senior,CampsitePermit,Less than 30ft,
Rissers Beach,BC ,3,Full,CampsitePermit,Single Tent,
Blomidon,NS ,3,Full,CampsitePermit,Less than 20ft,
Battery,NS ,2,Senior,CampsitePermit,Less than 30ft,
Amherst Shore,PE ,1,Full,CampsitePermit,Single Tent,
Battery,NL ,3,Full,CampsitePermit,Single Tent,
Whycocomagh,NS ,2,Full,CampsitePermit,Less than 20ft,
Valleyview,ON ,2,Full,CampsitePermit,Single Tent,
Rissers Beach,NS ,4,Full,CampsitePermit,Less than 20ft,
Caribou Munroes,QC ,4,Full,CampsitePermit,Less than 20ft,
Ellenwood Lake,QC ,2,Full,CampsitePermit,Less than 20ft,
Laurie,NS ,4,Full,CampsitePermit,Single Tent,
Thomas Raddall,NS ,2,Full,CampsitePermit,Tents,
Mira River,AB ,2,Senior,CampsitePermit,Tents,
Thomas Raddall,NS ,2,Full,CampsitePermit,Less than 30ft,
The Islands,NS ,6,Full,CampsitePermit,Tents,
Rissers Beach,NS ,2,Full,CampsitePermit,Less than 30ft,
Mira River,NS ,4,Full,CampsitePermit,Less than 20ft,
Amherst Shore,NS ,2,Full,CampsitePermit,Less than 30ft,
Five Islands,NS ,4,Full,CampsitePermit,Single Tent,
Smileys,NS ,5,Full,CampsitePermit,Less than 20ft,
Battery,NS ,1,Full,CampsitePermit,Single Tent,
Dollar Lake,NS ,2,Full,CampsitePermit,Less than 30ft,
Battery,QC ,2,Full,CampsitePermit,Less than 20ft,
Porters Lake,NS ,2,Full,CampsitePermit,Single Tent,
The Islands,QC ,2,Full,CampsitePermit,Single Tent,
Caribou Munroes,NS ,2,Full,CampsitePermit,Less than 20ft,
Graves Island,NS ,6,Full,CampsitePermit,Less than 40ft,
Dollar Lake,NS ,4,Full,CampsitePermit,Less than 30ft,
Five Islands,NS ,2,Full,CampsitePermit,Tents,
Mira River,NS ,5,Full,CampsitePermit,Less than 30ft,
Blomidon,NS ,2,Full,CampsitePermit,Less than 30ft,
Laurie,NS ,6,Full,CampsitePermit,Single Tent,
Rissers Beach,NS ,6,Full,CampsitePermit,Less than 20ft,
Caribou Munroes,ON ,4,Full,CampsitePermit,Less than 30ft,
Rissers Beach,NS ,2,Full,CampsitePermit,Single Tent,
Porters Lake,NS ,2,Full,CampsitePermit,Less than 30ft,
Cape Chignecto,PE ,1,Full,BackcountryPermit,Single Tent,
Caribou Munroes,BC ,2,Full,CampsitePermit,Single Tent,
Rissers Beach,NS ,3,Full,CampsitePermit,Less than 30ft,
Laurie,QC ,2,Senior,CampsitePermit,Less than 20ft,
Five Islands,NS ,2,Full,CampsitePermit,Less than 30ft,
Thomas Raddall,NS ,3,Full,CampsitePermit,Less than 30ft,
Blomidon,NS ,2,Full,CampsitePermit,Single Tent,
Caribou Munroes,NS ,5,Full,CampsitePermit,Single Tent,
Amherst Shore,NS ,2,Full,CampsitePermit,Less than 30ft,
Thomas Raddall,NS ,4,Full,CampsitePermit,Less than 30ft,
Battery,BC ,2,Senior,CampsitePermit,Single Tent,
Dollar Lake,NS ,1,Senior,CampsitePermit,Single Tent,
Blomidon,NS ,4,Full,CampsitePermit,Single Tent,
Thomas Raddall,ON ,2,Full,CampsitePermit,Less than 20ft,
Amherst Shore,BC ,2,Full,CampsitePermit,Single Tent,
Rissers Beach,NS ,4,Full,CampsitePermit,Less than 40ft,
Graves Island,QC ,2,Full,CampsitePermit,Less than 20ft,
Five Islands,QC ,2,Full,CampsitePermit,Less than 20ft,
Mira River,BC ,4,Senior,CampsitePermit,Less than 20ft,
Graves Island,NS ,3,Full,CampsitePermit,Single Tent,
Caribou Munroes,NS ,5,Full,CampsitePermit,Tents,
Graves Island,NS ,3,Senior,CampsitePermit,Less than 30ft,
Blomidon,NS ,4,Full,CampsitePermit,Single Tent,
Caribou Munroes,NS ,1,Full,CampsitePermit,Single Tent,
Smileys,QC ,2,Full,CampsitePermit,Single Tent,
Five Islands,NS ,3,Full,CampsitePermit,Single Tent,
Smileys,NS ,3,Full,CampsitePermit,Less than 20ft,
Smileys,NS ,2,Senior,CampsitePermit,Less than 30ft,
Graves Island,NS ,2,Full,CampsitePermit,Less than 30ft,
Salsman,NS ,3,Full,CampsitePermit,Single Tent,
Rissers Beach,NS ,4,Full,CampsitePermit,Single Tent,
Salsman,NS ,4,Full,CampsitePermit,Single Tent,
Amherst Shore,NS ,4,Senior,CampsitePermit,Less than 40ft,
Amherst Shore,NS ,2,Full,CampsitePermit,Less than 30ft,
Mira River,NS ,2,Full,CampsitePermit,Less than 20ft,
Mira River,NS ,5,Full,CampsitePermit,Single Tent,
Graves Island,QC ,1,Full,CampsitePermit,Single Tent,
Ellenwood Lake,NS ,5,Full,CampsitePermit,Less than 30ft,
Thomas Raddall,NS ,2,Full,CampsitePermit,Tents,
Mira River,ON ,2,Full,CampsitePermit,Less than 40ft,
Caribou Munroes,QC ,2,Senior,CampsitePermit,Less than 20ft,
Rissers Beach,NS ,1,Full,CampsitePermit,Single Tent,
Thomas Raddall,NS ,3,Full,CampsitePermit,Less than 20ft,
Five Islands,NS ,3,Full,CampsitePermit,Tents,
Five Islands,ON ,2,Full,CampsitePermit,Single Tent,
Dollar Lake,NS ,2,Full,CampsitePermit,Tents,
Blomidon,QC ,1,Senior,CampsitePermit,Single Tent,
Rissers Beach,NS ,2,Full,CampsitePermit,Less than 20ft,
Rissers Beach,NS ,4,Full,CampsitePermit,Less than 30ft,
Porters Lake,NS ,1,Full,CampsitePermit,Single Tent,
Five Islands,BC ,2,Full,CampsitePermit,Single Tent,
Five Islands,QC ,2,Full,CampsitePermit,Less than 20ft,
Blomidon,NS ,6,Full,CampsitePermit,Tents,
Salsman,NS ,2,Full,CampsitePermit,Tents,
Smileys,NB ,2,Full,CampsitePermit,Single Tent,
Caribou Munroes,NS ,4,Full,CampsitePermit,Single Tent,
Thomas Raddall,NS ,4,Full,CampsitePermit,Less than 20ft,
Ellenwood Lake,NS ,4,Full,CampsitePermit,Single Tent,
Ellenwood Lake,NS ,4,Full,CampsitePermit,Single Tent,
Dollar Lake,NS ,3,Full,CampsitePermit,Single Tent,
Graves Island,NS ,2,Full,CampsitePermit,Less than 30ft,
Battery,AB ,2,Senior,CampsitePermit,Single Tent,
Porters Lake,BC ,2,Full,CampsitePermit,Less than 40ft,
Smileys,NS ,6,Full,CampsitePermit,Tents,
Mira River,QC ,2,Full,CampsitePermit,Single Tent,
Rissers Beach,NS ,4,Full,CampsitePermit,Single Tent,
Dollar Lake,ON ,4,Full,CampsitePermit,Single Tent,
Ellenwood Lake,NS ,2,Senior,CampsitePermit,Less than 30ft,
Graves Island,ON ,2,Full,CampsitePermit,Single Tent,
Laurie,BC ,2,Senior,CampsitePermit,Less than 30ft,
Amherst Shore,NS ,1,Full,CampsitePermit,Less than 20ft,
Dollar Lake,NS ,6,Full,CampsitePermit,Less than 20ft,
Laurie,ON ,2,Full,CampsitePermit,Single Tent,
Graves Island,NS ,2,Full,CampsitePermit,Less than 20ft,
Rissers Beach,NS ,4,Full,CampsitePermit,Single Tent,
Laurie,NS ,3,Full,CampsitePermit,Single Tent,
Blomidon,NS ,2,Full,CampsitePermit,Single Tent,
Salsman,NS ,4,Full,CampsitePermit,Single Tent,
Laurie,NS ,4,Full,CampsitePermit,Less than 30ft,
Caribou Munroes,NS ,4,Full,CampsitePermit,Single Tent,
Blomidon,ON ,2,Full,CampsitePermit,Less than 20ft,
Mira River,NS ,5,Full,CampsitePermit,Less than 30ft,
Dollar Lake,NS ,4,Full,CampsitePermit,Less than 20ft,
Dollar Lake,NS ,7,Full,CampsitePermit,Single Tent,
Blomidon,ON ,3,Senior,CampsitePermit,Less than 30ft,
Mira River,QC ,2,Full,CampsitePermit,Less than 20ft,
Mira River,QC ,2,Full,CampsitePermit,Less than 30ft,
Smileys,NS ,2,Full,CampsitePermit,Single Tent,
Porters Lake,QC ,3,Full,CampsitePermit,Single Tent,
Salsman,NS ,2,Full,CampsitePermit,Single Tent,
Rissers Beach,NS ,2,Senior,CampsitePermit,Less than 30ft,
Laurie,NS ,4,Full,CampsitePermit,Less than 20ft,
Graves Island,NS ,2,Full,CampsitePermit,Less than 30ft,
Valleyview,ON ,2,Senior,CampsitePermit,Single Tent,
Amherst Shore,NS ,3,Full,CampsitePermit,Less than 20ft,
Caribou Munroes,NS ,5,Full,CampsitePermit,Single Tent,
Ellenwood Lake,NS ,2,Full,CampsitePermit,Less than 40ft,
Graves Island,NS ,3,Full,CampsitePermit,Tents,
Mira River,ON ,2,Senior,CampsitePermit,Less than 30ft,
Caribou Munroes,QC ,3,Full,CampsitePermit,Tents,
Mira River,NS ,4,Full,CampsitePermit,Single Tent,
Caribou Munroes,NS ,2,Full,CampsitePermit,Less than 30ft,
Dollar Lake,NS ,2,Full,CampsitePermit,Less than 30ft,
Caribou Munroes,MB ,2,Senior,CampsitePermit,Single Tent,
Dollar Lake,NS ,6,Full,CampsitePermit,Tents,
Battery,ON ,2,Full,CampsitePermit,Less than 20ft,
Graves Island,NS ,2,Full,CampsitePermit,Less than 40ft,
Salsman,NS ,2,Senior,CampsitePermit,Less than 20ft,
Battery,ON ,2,Full,CampsitePermit,Less than 20ft,
Battery,NS ,2,Full,CampsitePermit,Single Tent,
Cape Chignecto,PE ,2,Full,BackcountryPermit,Single Tent,
Amherst Shore,NS ,2,Full,CampsitePermit,Single Tent,
Caribou Munroes,ON ,1,Full,CampsitePermit,Single Tent,
Caribou Munroes,NS ,1,Senior,CampsitePermit,Single Tent,
Mira River,ON ,2,Senior,CampsitePermit,Less than 30ft,
Thomas Raddall,ON ,1,Full,CampsitePermit,Single Tent,
Ellenwood Lake,NS ,2,Full,CampsitePermit,Less than 20ft,
Thomas Raddall,NS ,2,Full,CampsitePermit,Single Tent,
Blomidon,NS ,3,Full,CampsitePermit,Single Tent,
Graves Island,NS ,3,Full,CampsitePermit,Less than 20ft,
Thomas Raddall,NS ,3,Full,CampsitePermit,Less than 30ft,
Caribou Munroes,NS ,2,Senior,CampsitePermit,Single Tent,
Caribou Munroes,NS ,3,Full,CampsitePermit,Less than 20ft,
Blomidon,NS ,3,Full,CampsitePermit,Single Tent,
Porters Lake,NS ,2,Veteran,CampsitePermit,Less than 30ft,
Blomidon,AB ,1,Full,CampsitePermit,Single Tent,
Battery,QC ,1,Full,CampsitePermit,Less than 30ft,
Amherst Shore,NS ,2,Full,CampsitePermit,Less than 20ft,
Rissers Beach,NS ,2,Senior,CampsitePermit,Less than 20ft,
Porters Lake,NS ,4,Full,CampsitePermit,Single Tent,
Cape Chignecto,NB ,1,Full,BackcountryPermit,Single Tent,
Porters Lake,NS ,2,Full,CampsitePermit,Less than 20ft,
Mira River,NS ,6,Full,CampsitePermit,Single Tent,
Smileys,NS ,2,Full,CampsitePermit,Less than 40ft,
Amherst Shore,NB ,4,Full,CampsitePermit,Less than 20ft,
Ellenwood Lake,NS ,6,Full,CampsitePermit,Tents,
Thomas Raddall,BC ,2,Senior,CampsitePermit,Single Tent,
Caribou Munroes,ON ,4,Full,CampsitePermit,Less than 30ft,
Smileys,NS ,1,Full,CampsitePermit,Single Tent,
Dollar Lake,NS ,4,Full,CampsitePermit,Tents,
Whycocomagh,AB ,2,Full,CampsitePermit,Less than 40ft,
Smileys,NS ,4,Full,CampsitePermit,Single Tent,
Amherst Shore,QC ,2,Senior,CampsitePermit,Single Tent,
Five Islands,QC ,2,Full,CampsitePermit,Less than 20ft,
Graves Island,NS ,2,Full,CampsitePermit,Less than 40ft,
Mira River,BC ,1,Full,CampsitePermit,Less than 30ft,
Smileys,NS ,4,Full,CampsitePermit,Single Tent,
Graves Island,ON ,2,Senior,CampsitePermit,Less than 20ft,
Amherst Shore,AB ,2,Full,CampsitePermit,Single Tent,
Thomas Raddall,NS ,3,Full,CampsitePermit,Less than 40ft,
Smileys,NS ,5,Full,CampsitePermit,Less than 30ft,
Mira River,NS ,4,Full,CampsitePermit,Less than 30ft,
Dollar Lake,NB ,4,Full,CampsitePermit,Less than 20ft,
Laurie,QC ,1,Full,CampsitePermit,Less than 20ft,
Amherst Shore,QC ,6,Full,CampsitePermit,Tents,
Mira River,NS ,4,Full,CampsitePermit,Less than 40ft,
Whycocomagh,QC ,3,Full,CampsitePermit,Single Tent,
Rissers Beach,NS ,2,Full,CampsitePermit,Single Tent,
Graves Island,NS ,3,Full,CampsitePermit,Single Tent,
Mira River,QC ,3,Full,CampsitePermit,Single Tent,
Dollar Lake,NS ,3,Full,CampsitePermit,Single Tent,
Salsman,NS ,2,Full,CampsitePermit,Less than 30ft,
Laurie,NS ,4,Full,CampsitePermit,Single Tent,
Smileys,NS ,4,Full,CampsitePermit,Single Tent,
Caribou Munroes,NS ,4,Full,CampsitePermit,Tents,
Laurie,NS ,2,Full,CampsitePermit,Single Tent,
Rissers Beach,NS ,4,Full,CampsitePermit,Single Tent,
Rissers Beach,BC ,4,Full,CampsitePermit,Single Tent,
Laurie,NS ,6,Full,CampsitePermit,Tents,
Smileys,NS ,2,Full,CampsitePermit,Less than 30ft,
Ellenwood Lake,NS ,3,Full,CampsitePermit,Less than 20ft,
Mira River,NS ,2,Full,CampsitePermit,Single Tent,
Five Islands,NS ,2,Full,CampsitePermit,Single Tent,
Rissers Beach,NS ,2,Full,CampsitePermit,Single Tent,
Blomidon,BC ,1,Full,CampsitePermit,Less than 20ft,
Blomidon,NS ,2,Full,CampsitePermit,Single Tent,
Blomidon,NS ,4,Full,CampsitePermit,Single Tent,
Laurie,ON ,2,Senior,CampsitePermit,Single Tent,
Rissers Beach,NS ,2,Full,CampsitePermit,Less than 30ft,
Caribou Munroes,QC ,2,Senior,CampsitePermit,Less than 20ft,
Battery,ON ,2,Senior,CampsitePermit,Less than 30ft,
Graves Island,NS ,2,Full,CampsitePermit,Single Tent,
Blomidon,NS ,4,Full,CampsitePermit,Tents,
Amherst Shore,NS ,2,Senior,CampsitePermit,Single Tent,
Valleyview,NS ,2,Full,CampsitePermit,Less than 20ft,
Rissers Beach,QC ,4,Full,CampsitePermit,Less than 20ft,
Dollar Lake,NS ,2,Full,CampsitePermit,Single Tent,
Laurie,ON ,2,Full,CampsitePermit,Single Tent,
Mira River,ON ,2,Senior,CampsitePermit,Less than 20ft,
Mira River,NS ,6,Full,CampsitePermit,Single Tent,
Cape Chignecto,NS ,3,Full,BackcountryPermit,Single Tent,
Porters Lake,NS ,4,Full,CampsitePermit,Tents,
Mira River,NS ,2,Veteran,CampsitePermit,Tents,
Porters Lake,NS ,6,Full,CampsitePermit,Tents,
Ellenwood Lake,NS ,3,Full,CampsitePermit,Less than 20ft,
Blomidon,BC ,2,Full,CampsitePermit,Single Tent,
Amherst Shore,BC ,2,Senior,CampsitePermit,Less than 20ft,
Salsman,NS ,5,Senior,CampsitePermit,Less than 20ft,
Blomidon,QC ,1,Full,CampsitePermit,Single Tent,
Smileys,NS ,2,Full,CampsitePermit,Less than 20ft,
Blomidon,NB ,2,Full,CampsitePermit,Single Tent,
Thomas Raddall,NS ,4,Full,CampsitePermit,Less than 30ft,
Graves Island,NS ,2,Full,CampsitePermit,Less than 30ft,
Battery,QC ,2,Senior,CampsitePermit,Single Tent,
Porters Lake,NB ,3,Full,CampsitePermit,Tents,
Rissers Beach,NS ,2,Senior,CampsitePermit,Less than 20ft,
Caribou Munroes,NS ,2,Senior,CampsitePermit,Less than 20ft,
Blomidon,ON ,2,Senior,CampsitePermit,Single Tent,
Rissers Beach,NS ,4,Full,CampsitePermit,Less than 30ft,
Blomidon,NS ,2,Full,CampsitePermit,Less than 30ft,
Dollar Lake,NS ,2,Full,CampsitePermit,Less than 30ft,
Thomas Raddall,PE ,4,Full,CampsitePermit,Tents,
Caribou Munroes,BC ,2,Full,CampsitePermit,Single Tent,
Whycocomagh,NS ,4,Senior,YurtPermit,Tents,
Rissers Beach,NS ,2,Full,CampsitePermit,Less than 20ft,
Rissers Beach,NS ,3,Full,CampsitePermit,Less than 20ft,
Battery,NS ,2,Senior,CampsitePermit,Single Tent,
Five Islands,NS ,2,Full,CampsitePermit,Single Tent,
Porters Lake,NS ,2,Full,CampsitePermit,Single Tent,
Mira River,NS ,2,Full,CampsitePermit,Single Tent,
Whycocomagh,ON ,5,Full,CampsitePermit,Less than 20ft,
Caribou Munroes,NS ,4,Full,CampsitePermit,Tents,
Ellenwood Lake,QC ,2,Full,CampsitePermit,Single Tent,
Mira River,NS ,2,Full,CampsitePermit,Single Tent,
Cape Chignecto,NS ,2,Full,BackcountryPermit,Single Tent,
Smileys,NS ,3,Full,CampsitePermit,Single Tent,
Whycocomagh,ON ,2,Full,CampsitePermit,Single Tent,
Ellenwood Lake,NS ,4,Full,CampsitePermit,Less than 30ft,
Dollar Lake,NS ,2,Full,CampsitePermit,Less than 20ft,
Five Islands,NS ,2,Senior,CampsitePermit,Less than 20ft,
Caribou Munroes,NS ,2,Full,CampsitePermit,Less than 30ft,
Caribou Munroes,QC ,4,Full,CampsitePermit,Tents,
Laurie,NS ,4,Full,CampsitePermit,Tents,
Dollar Lake,NS ,5,Full,CampsitePermit,Tents,
Rissers Beach,BC ,2,Full,CampsitePermit,Single Tent,
Battery,QC ,2,Full,CampsitePermit,Less than 20ft,
Five Islands,ON ,5,Senior,CampsitePermit,Tents,
Rissers Beach,NS ,4,Full,CampsitePermit,Less than 20ft,
Battery,NS ,4,Full,CampsitePermit,Tents,
Ellenwood Lake,NS ,2,Senior,CampsitePermit,Less than 30ft,
Dollar Lake,NS ,6,Full,CampsitePermit,Single Tent,
Ellenwood Lake,NS ,3,Full,CampsitePermit,Single Tent,
Rissers Beach,NS ,2,Full,CampsitePermit,Single Tent,
Thomas Raddall,ON ,2,Full,CampsitePermit,Single Tent,
Caribou Munroes,NS ,6,Full,CampsitePermit,Less than 20ft,
Rissers Beach,NS ,4,Full,CampsitePermit,Greater than 40ft,
Whycocomagh,ON ,2,Full,CampsitePermit,Single Tent,
Amherst Shore,QC ,2,Full,CampsitePermit,Less than 20ft,
Whycocomagh,QC ,2,Full,CampsitePermit,Less than 20ft,
Caribou Munroes,NS ,6,Full,CampsitePermit,Less than 40ft,
Rissers Beach,NS ,2,Senior,CampsitePermit,Less than 20ft,
Thomas Raddall,NS ,2,Full,CampsitePermit,Single Tent,
The Islands,NS ,6,Full,CampsitePermit,Tents,
Boylston,NS ,2,Senior,CampsitePermit,Less than 20ft,
Rissers Beach,NS ,6,Full,CampsitePermit,Less than 20ft,
Porters Lake,QC ,2,Full,CampsitePermit,Less than 20ft,
Battery,NS ,5,Full,CampsitePermit,Single Tent,
Porters Lake,BC ,2,Veteran,CampsitePermit,Single Tent,
Thomas Raddall,QC ,4,Full,CampsitePermit,Single Tent,
Thomas Raddall,NS ,2,Full,CampsitePermit,Single Tent,
Five Islands,NS ,3,Full,CampsitePermit,Single Tent,
Thomas Raddall,NS ,1,Senior,CampsitePermit,Single Tent,
Whycocomagh,ON ,2,Full,CampsitePermit,Single Tent,
Thomas Raddall,NS ,4,Full,CampsitePermit,Less than 20ft,
Whycocomagh,ON ,4,Full,CampsitePermit,Single Tent,
The Islands,ON ,2,Full,CampsitePermit,Less than 20ft,
Ellenwood Lake,ON ,2,Full,CampsitePermit,Less than 20ft,
Boylston,MB ,2,Full,CampsitePermit,Single Tent,
Thomas Raddall,NS ,2,Full,CampsitePermit,Single Tent,
Graves Island,NS ,2,Full,CampsitePermit,Single Tent,
Rissers Beach,NS ,4,Full,CampsitePermit,Single Tent,
Thomas Raddall,NS ,4,Full,CampsitePermit,Tents,
Caribou Munroes,QC ,3,Full,CampsitePermit,Single Tent,
Thomas Raddall,NS ,2,Full,CampsitePermit,Less than 30ft,
Battery,NS ,4,Full,CampsitePermit,Less than 40ft,
Graves Island,NS ,2,Full,CampsitePermit,Less than 30ft,
Dollar Lake,NS ,4,Full,CampsitePermit,Less than 20ft,
Rissers Beach,NS ,4,Full,CampsitePermit,Single Tent,
Dollar Lake,NS ,4,Full,CampsitePermit,Single Tent,
Rissers Beach,NS ,4,Full,CampsitePermit,Single Tent,
The Islands,NS ,2,Full,CampsitePermit,Less than 20ft,
Battery,NB ,2,Full,CampsitePermit,Less than 40ft,
Whycocomagh,PE ,2,Full,CampsitePermit,Single Tent,
Blomidon,NS ,2,Full,CampsitePermit,Single Tent,
The Islands,NS ,2,Senior,CampsitePermit,Less than 20ft,
Thomas Raddall,NS ,4,Full,CampsitePermit,Tents,
Mira River,NS ,5,Full,CampsitePermit,Less than 40ft,
Laurie,ON ,2,Full,CampsitePermit,Single Tent,
Amherst Shore,NB ,3,Full,CampsitePermit,Single Tent,
Graves Island,NS ,2,Full,CampsitePermit,Less than 20ft,
Mira River,QC ,2,Full,CampsitePermit,Single Tent,
Blomidon,NS ,4,Full,CampsitePermit,Tents,
Battery,NS ,4,Full,CampsitePermit,Single Tent,
Thomas Raddall,NS ,4,Full,CampsitePermit,Tents,
Dollar Lake,NS ,2,Full,CampsitePermit,Less than 30ft,
Thomas Raddall,QC ,2,Full,CampsitePermit,Single Tent,
The Islands,NS ,5,Full,CampsitePermit,Tents,
Mira River,NS ,2,Full,CampsitePermit,Single Tent,
Caribou Munroes,NS ,2,Full,CampsitePermit,Single Tent,
Smileys,NS ,4,Full,CampsitePermit,Less than 30ft,
Amherst Shore,NS ,2,Senior,CampsitePermit,Less than 40ft,
Porters Lake,QC ,2,Full,CampsitePermit,Less than 30ft,
Five Islands,NB ,2,Full,CampsitePermit,Single Tent,
Laurie,NS ,3,Full,CampsitePermit,Less than 40ft,
Graves Island,NS ,2,Full,CampsitePermit,Less than 20ft,
Rissers Beach,NS ,4,Full,CampsitePermit,Single Tent,
Dollar Lake,NS ,6,Full,CampsitePermit,Tents,
Amherst Shore,NS ,2,Full,CampsitePermit,Single Tent,
Caribou Munroes,NS ,4,Full,CampsitePermit,Single Tent,
Smileys,NS ,4,Full,CampsitePermit,Less than 20ft,
Dollar Lake,NS ,2,Full,CampsitePermit,Less than 20ft,
Rissers Beach,NS ,2,Full,CampsitePermit,Single Tent,
Graves Island,NS ,2,Full,CampsitePermit,Less than 40ft,
Smileys,ON ,2,Full,CampsitePermit,Less than 20ft,
Mira River,NS ,2,Full,CampsitePermit,Single Tent,
Five Islands,NS ,2,Full,CampsitePermit,Single Tent,
Rissers Beach,NS ,2,Full,CampsitePermit,Less than 30ft,
Blomidon,NS ,4,Full,CampsitePermit,Tents,
Laurie,NS ,5,Full,CampsitePermit,Less than 20ft,
Caribou Munroes,NS ,4,Full,CampsitePermit,Single Tent,
Caribou Munroes,NS ,2,Full,CampsitePermit,Less than 30ft,
Rissers Beach,NS ,4,Full,CampsitePermit,Tents,
Thomas Raddall,ON ,2,Senior,CampsitePermit,Single Tent,
Rissers Beach,NS ,2,Full,CampsitePermit,Less than 30ft,
Salsman,NS ,2,Senior,CampsitePermit,Less than 20ft,
Dollar Lake,NS ,2,Full,CampsitePermit,Single Tent,
Thomas Raddall,QC ,2,Full,CampsitePermit,Single Tent,
Rissers Beach,NS ,4,Full,CampsitePermit,Single Tent,
Porters Lake,QC ,2,Full,CampsitePermit,Less than 30ft,
Graves Island,NB ,1,Full,CampsitePermit,Single Tent,
Caribou Munroes,NS ,6,Full,CampsitePermit,Less than 20ft,
The Islands,NS ,3,Full,CampsitePermit,Single Tent,
Laurie,NB ,2,Full,CampsitePermit,Less than 30ft,
Blomidon,NS ,2,Full,CampsitePermit,Single Tent,
Dollar Lake,NS ,4,Full,CampsitePermit,Single Tent,
Laurie,NS ,4,Full,CampsitePermit,Less than 30ft,
Five Islands,NS ,4,Full,CampsitePermit,Single Tent,
Graves Island,NS ,2,Full,CampsitePermit,Less than 30ft,
Smileys,NS ,2,Senior,CampsitePermit,Less than 30ft,
Caribou Munroes,NS ,4,Full,CampsitePermit,Less than 20ft,
Whycocomagh,ON ,3,Full,CampsitePermit,Less than 30ft,
Ellenwood Lake,NS ,5,Full,CampsitePermit,Tents,
Mira River,NS ,2,Full,CampsitePermit,Single Tent,
Rissers Beach,NS ,2,Senior,CampsitePermit,Less than 30ft,
Caribou Munroes,QC ,2,Full,CampsitePermit,Single Tent,
Blomidon,NS ,1,Full,CampsitePermit,Single Tent,
Blomidon,NS ,4,Full,CampsitePermit,Single Tent,
Rissers Beach,NS ,2,Full,CampsitePermit,Single Tent,
Whycocomagh,NS ,2,Full,CampsitePermit,Single Tent,
Caribou Munroes,NS ,2,Full,CampsitePermit,Single Tent,
Battery,QC ,3,Senior,CampsitePermit,Single Tent,
Thomas Raddall,ON ,2,Full,CampsitePermit,Single Tent,
Dollar Lake,NS ,2,Full,CampsitePermit,Single Tent,
Smileys,NS ,3,Full,CampsitePermit,Single Tent,
Smileys,AB ,2,Full,CampsitePermit,Less than 30ft,
Battery,QC ,3,Full,CampsitePermit,Less than 20ft,
Caribou Munroes,NS ,3,Full,CampsitePermit,Less than 30ft,
Amherst Shore,QC ,2,Full,CampsitePermit,Single Tent,
Rissers Beach,NS ,4,Full,CampsitePermit,Less than 30ft,
Valleyview,NS ,2,Full,CampsitePermit,Single Tent,
Caribou Munroes,NS ,4,Full,CampsitePermit,Less than 20ft,
Porters Lake,QC ,1,Full,CampsitePermit,Less than 20ft,
Graves Island,ON ,2,Senior,CampsitePermit,Tents,
Blomidon,NS ,2,Full,CampsitePermit,Single Tent,
Graves Island,NS ,2,Full,CampsitePermit,Less than 40ft,
Mira River,NS ,4,Full,CampsitePermit,Single Tent,
Graves Island,ON ,2,Full,CampsitePermit,Single Tent,
Five Islands,NS ,2,Full,CampsitePermit,Single Tent,
Dollar Lake,NS ,5,Full,CampsitePermit,Less than 20ft,
Graves Island,NS ,4,Full,CampsitePermit,Less than 30ft,
Mira River,NS ,5,Full,CampsitePermit,Less than 30ft,
Cape Chignecto,NB ,3,Full,BackcountryPermit,Single Tent,
Salsman,NS ,2,Senior,CampsitePermit,Less than 20ft,
Porters Lake,NS ,2,Full,CampsitePermit,Single Tent,
Caribou Munroes,NS ,4,Full,CampsitePermit,Single Tent,
Caribou Munroes,ON ,2,Full,CampsitePermit,Less than 20ft,
Battery,ON ,1,Full,CampsitePermit,Single Tent,
Blomidon,ON ,1,Full,CampsitePermit,Single Tent,
Whycocomagh,NS ,2,Senior,CampsitePermit,Less than 30ft,
Blomidon,NS ,2,Full,CampsitePermit,Single Tent,
Graves Island,NS ,2,Full,CampsitePermit,Greater than 40ft,
Laurie,NS ,2,Full,CampsitePermit,Less than 40ft,
Dollar Lake,NS ,2,Full,CampsitePermit,Less than 30ft,
Graves Island,NS ,2,Full,CampsitePermit,Less than 40ft,
Porters Lake,NS ,3,Full,CampsitePermit,Single Tent,
Dollar Lake,NS ,4,Full,CampsitePermit,Tents,
Dollar Lake,NS ,4,Full,CampsitePermit,Less than 20ft,
Porters Lake,NS ,2,Full,CampsitePermit,Single Tent,
Battery,NS ,1,Full,CampsitePermit,Single Tent,
Dollar Lake,NS ,3,Full,CampsitePermit,Single Tent,
Smileys,NS ,6,Full,CampsitePermit,Tents,
Ellenwood Lake,NS ,6,Full,CampsitePermit,Tents,
Graves Island,NS ,3,Senior,CampsitePermit,Less than 20ft,
Graves Island,NS ,4,Full,CampsitePermit,Tents,
Smileys,NS ,3,Full,CampsitePermit,Single Tent,
Graves Island,NS ,1,Full,CampsitePermit,Single Tent,
Rissers Beach,NS ,1,Full,CampsitePermit,Single Tent,
Salsman,NS ,2,Senior,CampsitePermit,Less than 30ft,
Mira River,QC ,2,Full,CampsitePermit,Single Tent,
Five Islands,BC ,2,FULL,CampsitePermit,Less than 20ft,
Graves Island,NS ,5,Full,CampsitePermit,Less than 30ft,
Caribou Munroes,ON ,1,Full,CampsitePermit,Less than 20ft,
Graves Island,PE ,1,Full,CampsitePermit,Single Tent,
Thomas Raddall,NS ,5,Full,CampsitePermit,Less than 30ft,
Graves Island,NS ,3,Full,CampsitePermit,Less than 30ft,
Mira River,NS ,1,Senior,CampsitePermit,Single Tent,
Laurie,NS ,5,Full,CampsitePermit,Less than 30ft,
Boylston,NS ,2,Full,CampsitePermit,Single Tent,
Mira River,NB ,4,Full,CampsitePermit,Single Tent,
Amherst Shore,QC ,2,Full,CampsitePermit,Single Tent,
Smileys,NS ,1,Senior,CampsitePermit,Less than 20ft,
Battery,NS ,2,Senior,CampsitePermit,Single Tent,
Rissers Beach,NS ,2,Senior,CampsitePermit,Less than 40ft,
Mira River,NS ,4,Full,CampsitePermit,Less than 20ft,
The Islands,NS ,5,Full,CampsitePermit,Single Tent,
The Islands,NS ,4,Full,CampsitePermit,Less than 30ft,
Valleyview,NS ,2,Full,CampsitePermit,Single Tent,
Rissers Beach,ON ,6,Full,CampsitePermit,Single Tent,
Porters Lake,ON ,4,Full,CampsitePermit,Less than 20ft,
Rissers Beach,NS ,1,Full,CampsitePermit,Single Tent,
Graves Island,NS ,6,Full,CampsitePermit,Less than 20ft,
Dollar Lake,NS ,2,Full,CampsitePermit,Tents,
Porters Lake,QC ,2,Full,CampsitePermit,Single Tent,
Whycocomagh,AB ,2,Full,YurtPermit,Tents,
Amherst Shore,ON ,4,Full,CampsitePermit,Single Tent,
Thomas Raddall,NS ,2,Full,CampsitePermit,Single Tent,
Mira River,NS ,6,Full,CampsitePermit,Single Tent,
Ellenwood Lake,NS ,2,Full,CampsitePermit,Less than 30ft,
Blomidon,NS ,4,Full,CampsitePermit,Less than 20ft,
Five Islands,ON ,2,Full,CampsitePermit,Less than 40ft,
Graves Island,NS ,2,Full,CampsitePermit,Single Tent,
Battery,QC ,4,Full,CampsitePermit,Single Tent,
Blomidon,ON ,2,Senior,CampsitePermit,Less than 30ft,
Caribou Munroes,NS ,2,Full,CampsitePermit,Less than 30ft,
Caribou Munroes,NS ,2,Full,CampsitePermit,Single Tent,
Valleyview,AB ,2,Senior,CampsitePermit,Single Tent,
Rissers Beach,NS ,4,Full,CampsitePermit,Less than 20ft,
Whycocomagh,QC ,2,Full,CampsitePermit,Single Tent,
Graves Island,NS ,2,Full,CampsitePermit,Less than 30ft,
Blomidon,ON ,1,Full,CampsitePermit,Single Tent,
Laurie,ON ,5,Full,CampsitePermit,Tents,
Dollar Lake,NS ,2,Full,CampsitePermit,Single Tent,
Smileys,NB ,6,Full,CampsitePermit,Single Tent,
Battery,QC ,2,Full,CampsitePermit,Single Tent,
Rissers Beach,ON ,2,Full,CampsitePermit,Single Tent,
Mira River,ON ,2,Full,CampsitePermit,Single Tent,
Amherst Shore,QC ,2,Full,CampsitePermit,Single Tent,
Battery,ON ,4,Full,CampsitePermit,Tents,
Mira River,NS ,3,Senior,CampsitePermit,Single Tent,
Dollar Lake,NS ,1,Full,CampsitePermit,Tents,
Battery,ON ,1,Senior,CampsitePermit,Single Tent,
Battery,NS ,5,Full,CampsitePermit,Less than 30ft,
Porters Lake,NS ,4,Full,CampsitePermit,Less than 30ft,
Five Islands,ON ,2,Full,CampsitePermit,Single Tent,
Caribou Munroes,NS ,3,Full,CampsitePermit,Single Tent,
Blomidon,NS ,5,Full,CampsitePermit,Single Tent,
Rissers Beach,NS ,6,Full,CampsitePermit,Single Tent,
Whycocomagh,NS ,1,Full,CampsitePermit,Single Tent,
Porters Lake,ON ,2,Full,CampsitePermit,Single Tent,
Blomidon,NS ,2,Full,CampsitePermit,Single Tent,
Boylston,QC ,2,Full,CampsitePermit,Less than 20ft,
Blomidon,NS ,5,Full,CampsitePermit,Less than 20ft,
Valleyview,SK ,2,Full,CampsitePermit,Single Tent,
Mira River,ON ,2,Full,CampsitePermit,Single Tent,
Blomidon,NS ,4,Full,CampsitePermit,Tents,
Ellenwood Lake,NB ,3,Full,CampsitePermit,Single Tent,
Porters Lake,NS ,4,Full,CampsitePermit,Single Tent,
The Islands,QC ,2,Full,CampsitePermit,Single Tent,
Graves Island,NS ,2,Full,CampsitePermit,Less than 30ft,
Battery,NS ,2,Full,CampsitePermit,Single Tent,
Thomas Raddall,NS ,2,Full,CampsitePermit,Single Tent,
Five Islands,NS ,4,Full,CampsitePermit,Single Tent,
Smileys,NS ,2,Full,CampsitePermit,Single Tent,
Ellenwood Lake,NS ,3,Full,CampsitePermit,Less than 20ft,
Graves Island,NS ,5,Full,CampsitePermit,Single Tent,
Graves Island,NS ,2,Full,CampsitePermit,Less than 30ft,
Thomas Raddall,BC ,2,Full,CampsitePermit,Less than 30ft,
Battery,QC ,4,Full,CampsitePermit,Less than 20ft,
Blomidon,QC ,4,Full,CampsitePermit,Single Tent,
Amherst Shore,QC ,2,Full,CampsitePermit,Single Tent,
Cape Chignecto,NS ,1,Full,BackcountryPermit,Single Tent,
Graves Island,NS ,5,Full,CampsitePermit,Less than 30ft,
Five Islands,ON ,2,Senior,CampsitePermit,Less than 20ft,
Mira River,BC ,2,Senior,CampsitePermit,Less than 30ft,
Porters Lake,NB ,5,Full,CampsitePermit,Tents,
Graves Island,NS ,2,Senior,CampsitePermit,Less than 30ft,
The Islands,NS ,2,Full,CampsitePermit,Single Tent,
Dollar Lake,NS ,2,Full,CampsitePermit,Single Tent,
Graves Island,ON ,2,Full,CampsitePermit,Single Tent,
Blomidon,NS ,2,Full,CampsitePermit,Tents,
Thomas Raddall,NS ,6,Full,CampsitePermit,Less than 30ft,
Graves Island,ON ,2,Full,CampsitePermit,Less than 30ft,
Rissers Beach,ON ,5,Full,CampsitePermit,Single Tent,
Battery,NS ,6,Full,CampsitePermit,Tents,
Caribou Munroes,NS ,6,Full,CampsitePermit,Less than 40ft,
Rissers Beach,NS ,4,Full,CampsitePermit,Single Tent,
Mira River,NS ,6,Full,CampsitePermit,Less than 30ft,
Mira River,NS ,2,Veteran,CampsitePermit,Less than 40ft,
Porters Lake,NB ,3,Senior,CampsitePermit,Less than 30ft,
Graves Island,NS ,3,Full,CampsitePermit,Single Tent,
Laurie,NS ,3,Full,CampsitePermit,Single Tent,
Dollar Lake,NS ,2,Full,CampsitePermit,Single Tent,
Graves Island,NS ,4,Full,CampsitePermit,Less than 30ft,
Porters Lake,QC ,4,Full,CampsitePermit,Less than 20ft,
Mira River,ON ,2,Full,CampsitePermit,Less than 20ft,
Thomas Raddall,NS ,5,Full,CampsitePermit,Tents,
Rissers Beach,NS ,3,Full,CampsitePermit,Single Tent,
Caribou Munroes,NS ,4,Full,CampsitePermit,Less than 30ft,
Caribou Munroes,ON ,2,Full,CampsitePermit,Less than 30ft,
Ellenwood Lake,NS ,4,Full,CampsitePermit,Less than 30ft,
Amherst Shore,NB ,6,Full,CampsitePermit,Tents,
Graves Island,NS ,6,Veteran,CampsitePermit,Less than 30ft,
Blomidon,NS ,2,Senior,CampsitePermit,Single Tent,
Blomidon,QC ,3,Full,CampsitePermit,Single Tent,
Graves Island,NS ,2,Full,CampsitePermit,Less than 20ft,
Salsman,NS ,4,Full,CampsitePermit,Less than 20ft,
Dollar Lake,NS ,3,Full,CampsitePermit,Single Tent,
Caribou Munroes,ON ,1,Full,CampsitePermit,Less than 30ft,
Dollar Lake,NS ,4,Full,CampsitePermit,Tents,
Porters Lake,QC ,2,Full,CampsitePermit,Single Tent,
Smileys,NS ,3,Full,CampsitePermit,Single Tent,
Dollar Lake,NS ,6,Full,CampsitePermit,Single Tent,
Porters Lake,NS ,2,Veteran,CampsitePermit,Less than 30ft,
Valleyview,NS ,4,Full,CampsitePermit,Less than 20ft,
Blomidon,BC ,2,Full,CampsitePermit,Single Tent,
Graves Island,NS ,2,Full,CampsitePermit,Less than 40ft,
Ellenwood Lake,NS ,2,Full,CampsitePermit,Single Tent,
Rissers Beach,NS ,4,Full,CampsitePermit,Less than 20ft,
Dollar Lake,NS ,2,Full,CampsitePermit,Tents,
Dollar Lake,NS ,4,Full,CampsitePermit,Single Tent,
The Islands,ON ,2,Senior,CampsitePermit,Single Tent,
Laurie,NS ,5,Full,CampsitePermit,Less than 20ft,
Battery,QC ,2,Full,CampsitePermit,Less than 30ft,
Caribou Munroes,NS ,5,Full,CampsitePermit,Single Tent,
Battery,NS ,4,Senior,CampsitePermit,Single Tent,
Caribou Munroes,NS ,2,Full,CampsitePermit,Less than 30ft,
Laurie,NS ,6,Full,CampsitePermit,Tents,
Porters Lake,NS ,6,Full,CampsitePermit,Less than 20ft,
Caribou Munroes,NS ,2,Full,CampsitePermit,Less than 20ft,
Porters Lake,NS ,5,Full,CampsitePermit,Less than 20ft,
Whycocomagh,NS ,3,Full,CampsitePermit,Less than 30ft,
Ellenwood Lake,ON ,1,Full,CampsitePermit,Single Tent,
Salsman,NS ,2,Full,CampsitePermit,Single Tent,
Cape Chignecto,NS ,2,Full,BackcountryPermit,Single Tent,
Whycocomagh,NS ,2,Full,CampsitePermit,Less than 40ft,
Porters Lake,SK ,2,Senior,CampsitePermit,Less than 40ft,
Laurie,QC ,2,Full,CampsitePermit,Less than 20ft,
Rissers Beach,NS ,3,Full,CampsitePermit,Single Tent,
Laurie,NS ,5,Full,CampsitePermit,Single Tent,
Smileys,NS ,4,Full,CampsitePermit,Less than 20ft,
Smileys,NS ,3,Full,CampsitePermit,Less than 20ft,
Boylston,NS ,2,Full,CampsitePermit,Single Tent,
Rissers Beach,NS ,3,Full,CampsitePermit,Single Tent,
Thomas Raddall,NS ,2,Full,CampsitePermit,Less than 20ft,
Battery,ON ,2,Full,CampsitePermit,Less than 20ft,
Caribou Munroes,NS ,5,Full,CampsitePermit,Less than 20ft,
Porters Lake,QC ,1,Full,CampsitePermit,Single Tent,
Porters Lake,QC ,6,Full,CampsitePermit,Less than 20ft,
Rissers Beach,NS ,4,Full,CampsitePermit,Less than 30ft,
Smileys,NS ,1,Full,CampsitePermit,Single Tent,
Graves Island,NS ,2,Senior,CampsitePermit,Less than 20ft,
Valleyview,NS ,3,Full,CampsitePermit,Less than 30ft,
Amherst Shore,NB ,2,Full,CampsitePermit,Single Tent,
Rissers Beach,NS ,1,Senior,CampsitePermit,Single Tent,
Salsman,NS ,2,Full,CampsitePermit,Single Tent,
Rissers Beach,NS ,4,Full,CampsitePermit,Less than 30ft,
Caribou Munroes,ON ,4,Full,CampsitePermit,Tents,
Graves Island,NS ,2,Senior,CampsitePermit,Less than 20ft,
Ellenwood Lake,NS ,2,Full,CampsitePermit,Less than 30ft,
Rissers Beach,NS ,4,Full,CampsitePermit,Less than 40ft,
Laurie,NS ,4,Full,CampsitePermit,Less than 30ft,
Caribou Munroes,NS ,4,Full,CampsitePermit,Less than 20ft,
Blomidon,NS ,2,Full,CampsitePermit,Single Tent,
Ellenwood Lake,NS ,2,Senior,CampsitePermit,Less than 20ft,
Laurie,ON ,2,Full,CampsitePermit,Single Tent,
Amherst Shore,NS ,2,Full,CampsitePermit,Less than 30ft,
Rissers Beach,NS ,4,Full,CampsitePermit,Single Tent,
Rissers Beach,NS ,3,Full,CampsitePermit,Less than 20ft,
Porters Lake,NS ,2,Full,CampsitePermit,Tents,
Rissers Beach,NS ,3,Full,CampsitePermit,Less than 30ft,
Graves Island,NS ,6,Full,CampsitePermit,Greater than 40ft,
Thomas Raddall,NS ,4,Senior,CampsitePermit,Single Tent,
Whycocomagh,NS ,4,Full,CampsitePermit,Less than 30ft,
Mira River,NS ,4,Full,CampsitePermit,Less than 30ft,
Amherst Shore,ON ,2,Senior,CampsitePermit,Less than 40ft,
Five Islands,ON ,2,Full,CampsitePermit,Single Tent,
Porters Lake,NS ,2,Full,CampsitePermit,Single Tent,
Graves Island,NS ,2,Full,CampsitePermit,Less than 20ft,
Smileys,NS ,2,Full,CampsitePermit,Single Tent,
The Islands,NS ,3,Full,CampsitePermit,Less than 40ft,
Dollar Lake,NS ,2,Full,CampsitePermit,Single Tent,
Whycocomagh,QC ,4,Full,CampsitePermit,Tents,
Blomidon,QC ,2,Full,CampsitePermit,Single Tent,
Smileys,NS ,3,Full,CampsitePermit,Single Tent,
Blomidon,NS ,2,Full,CampsitePermit,Single Tent,
Graves Island,ON ,2,Full,CampsitePermit,Single Tent,
Thomas Raddall,NS ,4,Full,CampsitePermit,Tents,
Dollar Lake,NS ,5,Full,CampsitePermit,Single Tent,
Graves Island,NS ,5,Full,CampsitePermit,Tents,
Five Islands,NS ,4,Full,CampsitePermit,Single Tent,
Mira River,QC ,2,Full,CampsitePermit,Single Tent,
Smileys,NS ,5,Full,CampsitePermit,Tents,
Porters Lake,QC ,2,Full,CampsitePermit,Single Tent,
Amherst Shore,NS ,6,Full,CampsitePermit,Less than 30ft,
Graves Island,NS ,1,Full,CampsitePermit,Single Tent,
Rissers Beach,NS ,4,Full,CampsitePermit,Less than 30ft,
Amherst Shore,QC ,5,Full,CampsitePermit,Tents,
Dollar Lake,NS ,4,Full,CampsitePermit,Single Tent,
Whycocomagh,NL ,3,Full,CampsitePermit,Less than 30ft,
Rissers Beach,ON ,2,Senior,CampsitePermit,Less than 30ft,
Boylston,NS ,2,Full,CampsitePermit,Less than 30ft,
Graves Island,NS ,4,Full,CampsitePermit,Single Tent,
Boylston,ON ,2,Full,CampsitePermit,Single Tent,
Mira River,QC ,2,Full,CampsitePermit,Less than 20ft,
Mira River,NS ,6,Full,CampsitePermit,Less than 30ft,
Graves Island,NS ,2,Full,CampsitePermit,Less than 30ft,
Mira River,NS ,4,Full,CampsitePermit,Less than 30ft,
Rissers Beach,NS ,2,Full,CampsitePermit,Less than 20ft,
Caribou Munroes,NS ,2,Senior,CampsitePermit,Less than 30ft,
Whycocomagh,ON ,2,Senior,CampsitePermit,Less than 20ft,
Smileys,NS ,4,Full,CampsitePermit,Single Tent,
Thomas Raddall,NS ,2,Full,CampsitePermit,Less than 20ft,
Caribou Munroes,NS ,5,Full,CampsitePermit,Single Tent,
Laurie,ON ,2,Full,CampsitePermit,Single Tent,
Dollar Lake,NS ,2,Full,CampsitePermit,Less than 20ft,
Mira River,NS ,4,Full,CampsitePermit,Single Tent,
Laurie,NS ,2,Full,CampsitePermit,Less than 20ft,
Laurie,ON ,2,Full,CampsitePermit,Single Tent,
Rissers Beach,NS ,2,Full,CampsitePermit,Single Tent,
Dollar Lake,NS ,2,Full,CampsitePermit,Single Tent,
Porters Lake,NS ,2,Full,CampsitePermit,Single Tent,
Five Islands,NS ,4,Full,CampsitePermit,Tents,
Boylston,NS ,2,Senior,CampsitePermit,Less than 20ft,
Mira River,NS ,2,Full,CampsitePermit,Single Tent,
Laurie,ON ,2,Full,CampsitePermit,Less than 30ft,
Amherst Shore,QC ,2,Full,CampsitePermit,Single Tent,
Cape Chignecto,NS ,2,Full,BackcountryPermit,Single Tent,
Blomidon,NS ,2,Senior,CampsitePermit,Less than 30ft,
Five Islands,QC ,2,Full,CampsitePermit,Single Tent,
Thomas Raddall,NS ,3,Full,CampsitePermit,Less than 30ft,
The Islands,NS ,1,Full,CampsitePermit,Single Tent,
Valleyview,QC ,2,Full,CampsitePermit,Single Tent,
Ellenwood Lake,QC ,3,Full,CampsitePermit,Single Tent,
Porters Lake,NS ,4,Full,CampsitePermit,Less than 20ft,
Mira River,AB ,2,Full,CampsitePermit,Single Tent,
Salsman,NS ,4,Full,CampsitePermit,Single Tent,
Thomas Raddall,NS ,2,Full,CampsitePermit,Single Tent,
Blomidon,NS ,2,Full,CampsitePermit,Single Tent,
Dollar Lake,NS ,3,Full,CampsitePermit,Single Tent,
Mira River,NB ,2,Full,CampsitePermit,Single Tent,
Graves Island,NS ,1,Full,CampsitePermit,Single Tent,
Mira River,ON ,4,Full,CampsitePermit,Less than 20ft,
Caribou Munroes,QC ,2,Full,CampsitePermit,Single Tent,
Laurie,NS ,3,Full,CampsitePermit,Less than 30ft,
Rissers Beach,NS ,4,Full,CampsitePermit,Tents,
Laurie,NS ,4,Full,CampsitePermit,Single Tent,
Graves Island,NS ,1,Full,CampsitePermit,Single Tent,
Caribou Munroes,QC ,4,Full,CampsitePermit,Single Tent,
Caribou Munroes,NS ,4,Full,CampsitePermit,Less than 30ft,
Smileys,NS ,3,Full,CampsitePermit,Less than 30ft,
Whycocomagh,ON ,4,Full,CampsitePermit,Single Tent,
Mira River,NS ,3,Full,CampsitePermit,Less than 30ft,
Blomidon,NS ,6,Full,CampsitePermit,Tents,
Thomas Raddall,NS ,4,Full,CampsitePermit,Greater than 40ft,
Smileys,NS ,2,Full,CampsitePermit,Less than 20ft,
Thomas Raddall,NS ,5,Full,CampsitePermit,Less than 20ft,
Five Islands,NS ,2,Senior,CampsitePermit,Less than 20ft,
Blomidon,NS ,4,Full,CampsitePermit,Less than 30ft,
Caribou Munroes,ON ,3,Full,CampsitePermit,Single Tent,
Graves Island,NS ,2,Full,CampsitePermit,Less than 30ft,
Graves Island,NS ,2,Senior,CampsitePermit,Less than 30ft,
Whycocomagh,NL ,1,Full,CampsitePermit,Single Tent,
Graves Island,NS ,5,Senior,CampsitePermit,Less than 40ft,
Rissers Beach,NS ,4,Full,CampsitePermit,Less than 30ft,
Rissers Beach,NS ,4,Full,CampsitePermit,Single Tent,
Rissers Beach,NS ,2,Senior,CampsitePermit,Less than 40ft,
Porters Lake,NS ,4,Full,CampsitePermit,Tents,
Whycocomagh,NS ,2,Full,CampsitePermit,Single Tent,
Caribou Munroes,BC ,2,Full,CampsitePermit,Single Tent,
Amherst Shore,BC ,2,Senior,CampsitePermit,Less than 30ft,
Dollar Lake,NS ,4,Full,CampsitePermit,Single Tent,
Graves Island,NS ,4,Full,CampsitePermit,Less than 30ft,
Caribou Munroes,ON ,2,Full,CampsitePermit,Single Tent,
Rissers Beach,NS ,2,Full,CampsitePermit,Single Tent,
Porters Lake,QC ,2,Full,CampsitePermit,Single Tent,
Thomas Raddall,NS ,5,Full,CampsitePermit,Less than 20ft,
Porters Lake,NS ,3,Full,CampsitePermit,Less than 20ft,
Porters Lake,NS ,2,Full,CampsitePermit,Less than 20ft,
Blomidon,NS ,5,Full,CampsitePermit,Tents,
Valleyview,NS ,4,Senior,CampsitePermit,Single Tent,
Mira River,NB ,2,Senior,CampsitePermit,Single Tent,
Valleyview,NB ,2,Full,CampsitePermit,Single Tent,
Dollar Lake,NS ,4,Full,CampsitePermit,Less than 20ft,
Caribou Munroes,QC ,5,Full,CampsitePermit,Less than 40ft,
Graves Island,ON ,3,Full,CampsitePermit,Less than 20ft,
Five Islands,ON ,5,Full,CampsitePermit,Tents,
Thomas Raddall,ON ,4,Full,CampsitePermit,Single Tent,
Graves Island,NS ,3,Full,CampsitePermit,Single Tent,
Rissers Beach,NS ,4,Full,CampsitePermit,Less than 20ft,
Porters Lake,NB ,1,Full,CampsitePermit,Single Tent,
Amherst Shore,QC ,2,Full,CampsitePermit,Less than 30ft,
Whycocomagh,NS ,5,Full,CampsitePermit,Less than 30ft,
Blomidon,NS ,2,Full,CampsitePermit,Single Tent,
Smileys,NS ,2,Full,CampsitePermit,Less than 30ft,
Blomidon,NS ,1,Full,CampsitePermit,Single Tent,
Rissers Beach,NS ,2,Full,CampsitePermit,Less than 30ft,
Smileys,NS ,2,Full,CampsitePermit,Less than 20ft,
Rissers Beach,NS ,4,Full,CampsitePermit,Less than 30ft,
Porters Lake,NS ,1,Full,CampsitePermit,Single Tent,
Mira River,NS ,2,Full,CampsitePermit,Single Tent,
Cape Chignecto,NS ,2,Full,BackcountryPermit,Single Tent,
Dollar Lake,NS ,2,Full,CampsitePermit,Single Tent,
Rissers Beach,NS ,4,Full,CampsitePermit,Less than 30ft,
Caribou Munroes,QC ,2,Full,CampsitePermit,Single Tent,
Porters Lake,NS ,4,Full,CampsitePermit,Tents,
Caribou Munroes,ON ,3,Full,CampsitePermit,Single Tent,
Laurie,NS ,2,Full,CampsitePermit,Less than 40ft,
Rissers Beach,NS ,3,Full,CampsitePermit,Less than 20ft,
Graves Island,QC ,4,Full,CampsitePermit,Less than 20ft,
Porters Lake,ON ,3,Full,CampsitePermit,Single Tent,
Caribou Munroes,NB ,2,Full,CampsitePermit,Single Tent,
Dollar Lake,NS ,4,Full,CampsitePermit,Less than 20ft,
Blomidon,BC ,2,Senior,CampsitePermit,Single Tent,
Ellenwood Lake,NS ,2,Full,CampsitePermit,Less than 30ft,
Cape Chignecto,NS ,2,Full,BackcountryPermit,Single Tent,
Five Islands,NS ,2,Full,CampsitePermit,Single Tent,
Porters Lake,NS ,2,Full,CampsitePermit,Single Tent,
Rissers Beach,NS ,4,Full,CampsitePermit,Less than 30ft,
Graves Island,NS ,2,Full,CampsitePermit,Single Tent,
Whycocomagh,NS ,2,Senior,CampsitePermit,Less than 20ft,
Battery,AB ,1,Full,CampsitePermit,Single Tent,
Mira River,NS ,5,Full,CampsitePermit,Single Tent,
Caribou Munroes,NS ,2,Full,CampsitePermit,Less than 20ft,
Porters Lake,NS ,2,Full,CampsitePermit,Single Tent,
The Islands,NS ,2,Full,CampsitePermit,Less than 20ft,
Mira River,NS ,6,Full,CampsitePermit,Tents,
Boylston,BC ,2,Full,CampsitePermit,Less than 20ft,
Smileys,NS ,3,Full,CampsitePermit,Less than 30ft,
Battery,NS ,2,Full,CampsitePermit,Single Tent,
Porters Lake,QC ,1,Full,CampsitePermit,Single Tent,
Graves Island,NS ,2,Full,CampsitePermit,Less than 30ft,
Blomidon,NS ,2,Full,CampsitePermit,Single Tent,
Smileys,NS ,2,Full,CampsitePermit,Single Tent,
Dollar Lake,NS ,2,Full,CampsitePermit,Single Tent,
Porters Lake,AB ,1,Full,CampsitePermit,Single Tent,
Graves Island,NS ,1,Full,CampsitePermit,Less than 20ft,
Battery,QC ,2,Senior,CampsitePermit,Greater than 40ft,
Graves Island,NS ,2,Full,CampsitePermit,Single Tent,
Smileys,ON ,2,Full,CampsitePermit,Single Tent,
Smileys,NB ,2,Full,CampsitePermit,Less than 20ft,
Battery,NS ,2,Senior,CampsitePermit,Less than 40ft,
Dollar Lake,NS ,2,Full,CampsitePermit,Less than 20ft,
Graves Island,NS ,2,Full,CampsitePermit,Single Tent,
Smileys,ON ,2,Full,CampsitePermit,Single Tent,
Caribou Munroes,NS ,3,Full,CampsitePermit,Less than 30ft,
Porters Lake,NS ,3,Full,CampsitePermit,Single Tent,
Battery,NS ,2,Full,CampsitePermit,Less than 20ft,
Dollar Lake,NS ,2,Full,CampsitePermit,Single Tent,
Smileys,NS ,1,Full,CampsitePermit,Single Tent,
Rissers Beach,NS ,3,Full,CampsitePermit,Single Tent,
Mira River,NS ,2,Full,CampsitePermit,Single Tent,
Rissers Beach,NS ,5,Full,CampsitePermit,Less than 20ft,
Graves Island,NS ,2,Senior,CampsitePermit,Less than 30ft,
Thomas Raddall,NS ,1,Full,CampsitePermit,Single Tent,
Caribou Munroes,QC ,2,Full,CampsitePermit,Single Tent,
Mira River,QC ,2,Senior,CampsitePermit,Single Tent,
Blomidon,NS ,4,Full,CampsitePermit,Less than 30ft,
Ellenwood Lake,NS ,4,Full,CampsitePermit,Single Tent,
Caribou Munroes,NS ,5,Full,CampsitePermit,Single Tent,
Thomas Raddall,NS ,4,Full,CampsitePermit,Single Tent,
Blomidon,QC ,2,Full,CampsitePermit,Single Tent,
The Islands,NS ,2,Senior,CampsitePermit,Less than 20ft,
Rissers Beach,NL ,1,Full,CampsitePermit,Single Tent,
Caribou Munroes,NS ,2,Host,CampsitePermit,Single Tent,
Rissers Beach,NS ,4,Full,CampsitePermit,Single Tent,
Amherst Shore,NS ,2,Full,CampsitePermit,Single Tent,
Rissers Beach,NS ,4,Full,CampsitePermit,Single Tent,
Thomas Raddall,NS ,3,Full,CampsitePermit,Single Tent,
Caribou Munroes,QC ,2,Full,CampsitePermit,Single Tent,
Whycocomagh,NB ,1,Full,YurtPermit,Tents,
Thomas Raddall,QC ,2,Senior,CampsitePermit,Less than 30ft,
Rissers Beach,QC ,2,Full,CampsitePermit,Less than 30ft,
Rissers Beach,NS ,4,Full,CampsitePermit,Less than 30ft,
Valleyview,NS ,2,Full,CampsitePermit,Less than 20ft,
Five Islands,ON ,4,Full,CampsitePermit,Tents,
Graves Island,NS ,2,Full,CampsitePermit,Single Tent,
Amherst Shore,PE ,3,Full,CampsitePermit,Single Tent,
Rissers Beach,NS ,4,Full,CampsitePermit,Less than 30ft,
Amherst Shore,QC ,2,Full,CampsitePermit,Single Tent,
Dollar Lake,NS ,2,Full,CampsitePermit,Single Tent,
Rissers Beach,NS ,6,Full,CampsitePermit,Tents,
Thomas Raddall,NS ,2,Full,CampsitePermit,Less than 30ft,
Ellenwood Lake,NS ,2,Senior,CampsitePermit,Less than 20ft,
Boylston,QC ,2,Full,CampsitePermit,Single Tent,
Porters Lake,PE ,3,Full,CampsitePermit,Single Tent,
Graves Island,NS ,2,Full,CampsitePermit,Less than 30ft,
Mira River,QC ,2,Senior,CampsitePermit,Less than 20ft,
Graves Island,ON ,1,Full,CampsitePermit,Single Tent,
Five Islands,ON ,2,Full,CampsitePermit,Single Tent,
Rissers Beach,NS ,3,Full,CampsitePermit,Less than 30ft,
Caribou Munroes,NS ,2,Full,CampsitePermit,Single Tent,
Whycocomagh,NS ,6,Full,CampsitePermit,Less than 30ft,
Five Islands,NS ,5,Full,CampsitePermit,Less than 20ft,
Porters Lake,QC ,2,Full,CampsitePermit,Single Tent,
Salsman,NS ,2,Full,CampsitePermit,Less than 30ft,
Mira River,NS ,2,Senior,CampsitePermit,Less than 30ft,
Dollar Lake,NS ,4,Full,CampsitePermit,Less than 30ft,
Smileys,NS ,3,Full,CampsitePermit,Less than 20ft,
Five Islands,NS ,2,Full,CampsitePermit,Single Tent,
Rissers Beach,NS ,4,Full,CampsitePermit,Less than 30ft,
Porters Lake,NS ,4,Senior,CampsitePermit,Single Tent,
Rissers Beach,NS ,4,Full,CampsitePermit,Single Tent,
Rissers Beach,NS ,6,Full,CampsitePermit,Less than 20ft,
Dollar Lake,NS ,4,Full,CampsitePermit,Single Tent,
Mira River,NS ,6,Full,CampsitePermit,Less than 40ft,
Battery,QC ,2,Full,CampsitePermit,Single Tent,
Laurie,NS ,4,Full,CampsitePermit,Single Tent,
Ellenwood Lake,NS ,4,Full,CampsitePermit,Less than 20ft,
Mira River,NS ,7,Full,CampsitePermit,Single Tent,
Amherst Shore,NS ,4,Full,CampsitePermit,Less than 30ft,
Mira River,NS ,2,Full,CampsitePermit,Less than 40ft,
Whycocomagh,NS ,2,Full,CampsitePermit,Less than 20ft,
Rissers Beach,NS ,3,Full,CampsitePermit,Less than 20ft,
Five Islands,NS ,2,Senior,CampsitePermit,Less than 20ft,
Caribou Munroes,NS ,5,Full,CampsitePermit,Less than 20ft,
Porters Lake,NS ,2,Full,CampsitePermit,Less than 30ft,
Caribou Munroes,NS ,2,Senior,CampsitePermit,Less than 20ft,
Caribou Munroes,NS ,4,Full,CampsitePermit,Single Tent,
Laurie,ON ,4,Full,CampsitePermit,Less than 20ft,
Rissers Beach,NB ,2,Full,CampsitePermit,Single Tent,
Smileys,NS ,3,Full,CampsitePermit,Less than 30ft,
Caribou Munroes,NS ,4,Full,CampsitePermit,Less than 20ft,
Whycocomagh,QC ,2,Full,CampsitePermit,Less than 30ft,
Boylston,NS ,1,Full,CampsitePermit,Single Tent,
Dollar Lake,NS ,1,Full,CampsitePermit,Single Tent,
Blomidon,NS ,1,Full,CampsitePermit,Single Tent,
Five Islands,NB ,4,Full,CampsitePermit,Single Tent,
Caribou Munroes,ON ,4,Full,CampsitePermit,Less than 20ft,
Smileys,NS ,2,Full,CampsitePermit,Less than 30ft,
Laurie,NS ,3,Full,CampsitePermit,Less than 20ft,
Amherst Shore,BC ,2,Full,CampsitePermit,Less than 20ft,
Cape Chignecto,NS ,2,Full,BackcountryPermit,Single Tent,
The Islands,NB ,4,Veteran,CampsitePermit,Less than 40ft,
Caribou Munroes,NS ,3,Full,CampsitePermit,Tents,
Mira River,NS ,4,Full,CampsitePermit,Less than 30ft,
Blomidon,NS ,3,Full,CampsitePermit,Less than 20ft,
Whycocomagh,QC ,2,Full,CampsitePermit,Single Tent,
Rissers Beach,AB ,2,Full,CampsitePermit,Single Tent,
Porters Lake,NS ,2,Full,CampsitePermit,Single Tent,
Laurie,NS ,5,Full,CampsitePermit,Less than 20ft,
Battery,ON ,3,Senior,CampsitePermit,Greater than 40ft,
Cape Chignecto,NS ,3,Full,BackcountryPermit,Cabin,
Dollar Lake,NS ,2,Senior,CampsitePermit,Single Tent,
Ellenwood Lake,NS ,4,Full,CampsitePermit,Single Tent,
Battery,NB ,2,Full,CampsitePermit,Single Tent,
Mira River,ON ,3,Full,CampsitePermit,Less than 30ft,
Caribou Munroes,NS ,3,Full,CampsitePermit,Less than 30ft,
Caribou Munroes,NS ,2,Full,CampsitePermit,Less than 20ft,
Graves Island,NS ,4,Full,CampsitePermit,Less than 20ft,
Thomas Raddall,NS ,2,Full,CampsitePermit,Single Tent,
Rissers Beach,NS ,6,Full,CampsitePermit,Tents,
Smileys,NS ,1,Full,CampsitePermit,Less than 40ft,
Graves Island,QC ,2,Full,CampsitePermit,Less than 30ft,
Five Islands,NS ,2,Host,CampsitePermit,Less than 30ft,
Graves Island,NS ,2,Full,CampsitePermit,Less than 30ft,
Caribou Munroes,NS ,4,Full,CampsitePermit,Single Tent,
Graves Island,NS ,2,Full,CampsitePermit,Less than 20ft,
Thomas Raddall,NS ,1,Full,CampsitePermit,Single Tent,
Five Islands,ON ,6,Full,CampsitePermit,Tents,
Rissers Beach,NS ,4,Full,CampsitePermit,Less than 30ft,
Five Islands,QC ,2,Full,CampsitePermit,Single Tent,
Dollar Lake,NS ,5,Full,CampsitePermit,Single Tent,
Amherst Shore,NS ,4,Full,CampsitePermit,Less than 30ft,
Whycocomagh,NS ,4,Full,CampsitePermit,Less than 40ft,
Graves Island,NS ,2,Full,CampsitePermit,Less than 20ft,
Thomas Raddall,NS ,2,Full,CampsitePermit,Single Tent,
Thomas Raddall,NS ,3,Full,CampsitePermit,Single Tent,
Blomidon,NS ,1,Full,CampsitePermit,Single Tent,
Dollar Lake,NS ,2,Full,CampsitePermit,Single Tent,
The Islands,QC ,2,Full,CampsitePermit,Single Tent,
Blomidon,NS ,3,Full,CampsitePermit,Single Tent,
Thomas Raddall,NS ,2,Full,CampsitePermit,Single Tent,
Caribou Munroes,NS ,2,Host,CampsitePermit,Less than 30ft,
Mira River,NS ,4,Full,CampsitePermit,Less than 30ft,
Blomidon,NS ,4,Full,CampsitePermit,Less than 20ft,
Blomidon,NS ,2,Full,CampsitePermit,Less than 30ft,
Mira River,NS ,2,Full,CampsitePermit,Less than 30ft,
Rissers Beach,BC ,1,Full,CampsitePermit,Single Tent,
Ellenwood Lake,NS ,1,Full,CampsitePermit,Single Tent,
The Islands,NS ,3,Full,CampsitePermit,Single Tent,
Battery,NS ,3,Full,CampsitePermit,Single Tent,
Boylston,NS ,1,Full,CampsitePermit,Single Tent,
Laurie,NS ,2,Full,CampsitePermit,Less than 30ft,
Graves Island,NS ,2,Full,CampsitePermit,Less than 20ft,
Laurie,NS ,2,Full,CampsitePermit,Single Tent,
Blomidon,NS ,2,Senior,CampsitePermit,Single Tent,
Thomas Raddall,NS ,6,Full,CampsitePermit,Single Tent,
Blomidon,NS ,4,Full,CampsitePermit,Less than 30ft,
Rissers Beach,NS ,4,Senior,CampsitePermit,Less than 30ft,
Graves Island,NS ,2,Full,CampsitePermit,Less than 20ft,
Caribou Munroes,NS ,4,Full,CampsitePermit,Less than 20ft,
Laurie,NS ,4,Full,CampsitePermit,Single Tent,
Blomidon,ON ,3,Full,CampsitePermit,Single Tent,
Whycocomagh,BC ,5,Full,CampsitePermit,Single Tent,
Cape Chignecto,NB ,2,Full,BackcountryPermit,Single Tent,
Amherst Shore,PE ,2,Full,CampsitePermit,Single Tent,
Rissers Beach,NS ,4,Full,CampsitePermit,Less than 20ft,
Mira River,NS ,3,Veteran,CampsitePermit,Less than 30ft,
Caribou Munroes,NS ,2,Full,CampsitePermit,Less than 20ft,
Dollar Lake,NS ,2,Full,CampsitePermit,Single Tent,
Thomas Raddall,QC ,1,Full,CampsitePermit,Single Tent,
Laurie,ON ,2,Full,CampsitePermit,Single Tent,
Thomas Raddall,NS ,2,Full,CampsitePermit,Single Tent,
Amherst Shore,NS ,2,Full,CampsitePermit,Single Tent,
Rissers Beach,NS ,3,Full,CampsitePermit,Less than 20ft,
Amherst Shore,QC ,2,Senior,CampsitePermit,Less than 20ft,
Dollar Lake,NS ,6,Full,CampsitePermit,Tents,
Rissers Beach,QC ,2,Full,CampsitePermit,Less than 20ft,
The Islands,NS ,2,Full,CampsitePermit,Single Tent,
Thomas Raddall,NS ,4,Full,CampsitePermit,Single Tent,
Mira River,NL ,3,Senior,CampsitePermit,Less than 30ft,
Five Islands,NS ,2,Full,CampsitePermit,Single Tent,
Caribou Munroes,QC ,2,Full,CampsitePermit,Single Tent,
Smileys,NS ,6,Full,CampsitePermit,Tents,
Rissers Beach,NS ,1,Full,CampsitePermit,Less than 20ft,
Cape Chignecto,NB ,1,Full,BackcountryPermit,Single Tent,
Mira River,NS ,6,FULL,CampsitePermit,Less than 40ft,
Mira River,QC ,2,Full,CampsitePermit,Single Tent,
Graves Island,NS ,2,Full,CampsitePermit,Less than 20ft,
Graves Island,NS ,3,Veteran,CampsitePermit,Less than 40ft,
Salsman,NS ,2,Senior,CampsitePermit,Less than 20ft,
Graves Island,NS ,2,Full,CampsitePermit,Less than 30ft,
Caribou Munroes,ON ,4,Full,CampsitePermit,Less than 20ft,
Mira River,NS ,2,Full,CampsitePermit,Less than 20ft,
Caribou Munroes,NS ,4,Full,CampsitePermit,Tents,
Whycocomagh,NS ,2,Full,YurtPermit,Tents,
Ellenwood Lake,QC ,2,Full,CampsitePermit,Single Tent,
Smileys,NS ,6,Full,CampsitePermit,Tents,
Laurie,NS ,2,Full,CampsitePermit,Single Tent,
Graves Island,NS ,2,Full,CampsitePermit,Single Tent,
Ellenwood Lake,NS ,2,Full,CampsitePermit,Single Tent,
Boylston,NS ,3,Full,CampsitePermit,Single Tent,
Porters Lake,NS ,3,Full,CampsitePermit,Single Tent,
Blomidon,QC ,2,Senior,CampsitePermit,Single Tent,
Whycocomagh,QC ,2,Full,CampsitePermit,Single Tent,
Cape Chignecto,NB ,4,Full,BackcountryPermit,Single Tent,
Caribou Munroes,NS ,2,Full,CampsitePermit,Single Tent,
Five Islands,NS ,2,Full,CampsitePermit,Single Tent,
Rissers Beach,NS ,2,Full,CampsitePermit,Single Tent,
Dollar Lake,NS ,3,Full,CampsitePermit,Single Tent,
Mira River,NS ,5,Full,CampsitePermit,Single Tent,
Caribou Munroes,NS ,3,Full,CampsitePermit,Single Tent,
Thomas Raddall,NS ,3,Full,CampsitePermit,Single Tent,
Mira River,NS ,4,Full,CampsitePermit,Single Tent,
Rissers Beach,NS ,2,Full,CampsitePermit,Single Tent,
Ellenwood Lake,PE ,2,Full,CampsitePermit,Less than 20ft,
Graves Island,NS ,2,Full,CampsitePermit,Tents,
Smileys,BC ,5,Full,CampsitePermit,Single Tent,
Mira River,NS ,5,Full,CampsitePermit,Less than 30ft,
Ellenwood Lake,NS ,2,Full,CampsitePermit,Less than 30ft,
Graves Island,QC ,2,Senior,CampsitePermit,Single Tent,
Graves Island,QC ,1,Full,CampsitePermit,Single Tent,
Mira River,QC ,1,Full,CampsitePermit,Single Tent,
Ellenwood Lake,NS ,3,Full,CampsitePermit,Single Tent,
Amherst Shore,NS ,2,Senior,CampsitePermit,Less than 20ft,
Dollar Lake,NS ,4,Full,CampsitePermit,Less than 20ft,
Caribou Munroes,NS ,6,Full,CampsitePermit,Less than 40ft,
Blomidon,NS ,3,Full,CampsitePermit,Single Tent,
Caribou Munroes,QC ,2,Senior,CampsitePermit,Less than 20ft,
Rissers Beach,NS ,3,Full,CampsitePermit,Less than 20ft,
Caribou Munroes,NS ,2,Full,CampsitePermit,Less than 30ft,
The Islands,ON ,3,Senior,CampsitePermit,Less than 30ft,
Porters Lake,NS ,4,Full,CampsitePermit,Less than 30ft,
Ellenwood Lake,NS ,5,Full,CampsitePermit,Single Tent,
Porters Lake,NS ,4,Full,CampsitePermit,Single Tent,
Graves Island,NS ,2,Full,CampsitePermit,Single Tent,
Graves Island,NS ,2,Full,CampsitePermit,Less than 30ft,
Thomas Raddall,NS ,6,Full,CampsitePermit,Single Tent,
Rissers Beach,NS ,3,Full,CampsitePermit,Single Tent,
Caribou Munroes,NS ,2,Senior,CampsitePermit,Less than 30ft,
Caribou Munroes,NS ,4,Full,CampsitePermit,Less than 20ft,
Rissers Beach,NS ,5,Full,CampsitePermit,Single Tent,
Mira River,NS ,3,Full,CampsitePermit,Less than 20ft,
Blomidon,NS ,1,Full,CampsitePermit,Single Tent,
Dollar Lake,NS ,3,Full,CampsitePermit,Tents,
Ellenwood Lake,NS ,1,Full,CampsitePermit,Tents,
Laurie,NS ,4,Full,CampsitePermit,Single Tent,
Thomas Raddall,NS ,2,Full,CampsitePermit,Single Tent,
Mira River,ON ,2,Senior,CampsitePermit,Less than 30ft,
Laurie,NS ,4,Full,CampsitePermit,Less than 20ft,
Rissers Beach,NS ,2,Senior,CampsitePermit,Less than 30ft,
Blomidon,NS ,4,Full,CampsitePermit,Less than 30ft,
Dollar Lake,NS ,2,Full,CampsitePermit,Single Tent,
Rissers Beach,NS ,3,Full,CampsitePermit,Less than 30ft,
Graves Island,NS ,5,Full,CampsitePermit,Less than 30ft,
Porters Lake,NS ,6,Full,CampsitePermit,Tents,
Boylston,NS ,2,Senior,CampsitePermit,Less than 20ft,
Mira River,BC ,2,Senior,CampsitePermit,Single Tent,
Amherst Shore,ON ,3,Full,CampsitePermit,Less than 30ft,
Rissers Beach,NS ,2,Full,CampsitePermit,Less than 40ft,
Laurie,NS ,2,Full,CampsitePermit,Single Tent,
Porters Lake,QC ,2,Full,CampsitePermit,Less than 20ft,
Amherst Shore,NS ,4,Full,CampsitePermit,Less than 20ft,
Ellenwood Lake,AB ,2,Full,CampsitePermit,Less than 20ft,
Graves Island,ON ,1,Full,CampsitePermit,Single Tent,
Smileys,NS ,4,Full,CampsitePermit,Less than 20ft,
Blomidon,NS ,2,Full,CampsitePermit,Single Tent,
The Islands,NS ,2,Full,CampsitePermit,Single Tent,
Porters Lake,NS ,4,Full,CampsitePermit,Tents,
Graves Island,NS ,2,Full,CampsitePermit,Less than 20ft,
Mira River,QC ,2,Senior,CampsitePermit,Less than 20ft,
Amherst Shore,NB ,4,Full,CampsitePermit,Single Tent,
The Islands,NS ,5,Full,CampsitePermit,Tents,
Rissers Beach,NS ,2,Senior,CampsitePermit,Less than 30ft,
Salsman,NS ,2,Full,CampsitePermit,Single Tent,
Caribou Munroes,NS ,2,Full,CampsitePermit,Tents,
Porters Lake,NS ,4,Full,CampsitePermit,Less than 30ft,
Rissers Beach,NS ,5,Full,CampsitePermit,Single Tent,
Whycocomagh,NS ,4,Full,CampsitePermit,Less than 30ft,
Mira River,NS ,2,Full,CampsitePermit,Less than 40ft,
Five Islands,NS ,2,Full,CampsitePermit,Single Tent,
Porters Lake,NS ,4,Full,CampsitePermit,Tents,
Rissers Beach,NS ,2,Full,CampsitePermit,Single Tent,
Battery,NS ,6,Full,CampsitePermit,Single Tent,
Caribou Munroes,NS ,4,Full,CampsitePermit,Less than 30ft,
Graves Island,NS ,3,Full,CampsitePermit,Less than 30ft,
Rissers Beach,NS ,5,Full,CampsitePermit,Less than 40ft,
Dollar Lake,NS ,1,Senior,CampsitePermit,Single Tent,
Whycocomagh,NS ,2,Full,CampsitePermit,Single Tent,
Five Islands,NS ,2,Full,CampsitePermit,Single Tent,
Whycocomagh,BC ,2,Senior,CampsitePermit,Less than 20ft,
Dollar Lake,NS ,3,Full,CampsitePermit,Tents,
Porters Lake,QC ,4,Full,CampsitePermit,Less than 20ft,
The Islands,NS ,2,Full,CampsitePermit,Less than 30ft,
Mira River,BC ,2,Full,CampsitePermit,Less than 20ft,
Ellenwood Lake,NB ,2,Senior,CampsitePermit,Single Tent,
Rissers Beach,ON ,4,Full,CampsitePermit,Single Tent,
Five Islands,ON ,3,Full,CampsitePermit,Single Tent,
Battery,QC ,6,Full,CampsitePermit,Single Tent,
Whycocomagh,QC ,2,Full,CampsitePermit,Less than 20ft,
Laurie,NS ,4,Full,CampsitePermit,Less than 40ft,
Thomas Raddall,NS ,4,Full,CampsitePermit,Less than 30ft,
Whycocomagh,ON ,4,Full,CampsitePermit,Tents,
Valleyview,NS ,5,Full,CampsitePermit,Less than 30ft,
Rissers Beach,NS ,1,Full,CampsitePermit,Less than 20ft,
Smileys,NS ,4,Full,CampsitePermit,Single Tent,
Rissers Beach,NS ,4,Full,CampsitePermit,Less than 20ft,
Rissers Beach,NS ,1,Full,CampsitePermit,Less than 20ft,
Ellenwood Lake,NS ,2,Full,CampsitePermit,Single Tent,
Battery,ON ,2,Full,CampsitePermit,Single Tent,
Rissers Beach,NS ,4,Full,CampsitePermit,Single Tent,
Caribou Munroes,QC ,2,Full,CampsitePermit,Less than 20ft,
The Islands,NS ,2,Full,CampsitePermit,Single Tent,
Laurie,NS ,4,Full,CampsitePermit,Tents,
Laurie,NS ,6,Full,CampsitePermit,Single Tent,
Graves Island,NS ,6,Full,CampsitePermit,Tents,
Thomas Raddall,QC ,2,Full,CampsitePermit,Single Tent,
Dollar Lake,NS ,4,Full,CampsitePermit,Single Tent,
Dollar Lake,NS ,3,Full,CampsitePermit,Single Tent,
Five Islands,NS ,3,Full,CampsitePermit,Single Tent,
Mira River,QC ,2,Senior,CampsitePermit,Less than 20ft,
Dollar Lake,NS ,2,Full,CampsitePermit,Single Tent,
The Islands,ON ,4,Full,CampsitePermit,Less than 20ft,
Five Islands,NB ,4,Full,CampsitePermit,Single Tent,
Valleyview,NS ,3,Full,CampsitePermit,Single Tent,
Rissers Beach,NS ,4,Full,CampsitePermit,Less than 20ft,
Mira River,NS ,7,Full,CampsitePermit,Less than 40ft,
Caribou Munroes,NS ,2,Full,CampsitePermit,Single Tent,
Porters Lake,ON ,2,Full,CampsitePermit,Single Tent,
Rissers Beach,NS ,2,Full,CampsitePermit,Less than 20ft,
Porters Lake,NS ,2,Senior,CampsitePermit,Less than 30ft,
Mira River,ON ,2,Full,CampsitePermit,Less than 20ft,
Five Islands,NS ,2,Full,CampsitePermit,Single Tent,
Graves Island,NS ,2,Full,CampsitePermit,Less than 30ft,
Amherst Shore,NS ,2,Full,CampsitePermit,Less than 30ft,
Blomidon,NS ,4,Full,CampsitePermit,Single Tent,
Porters Lake,NS ,3,Full,CampsitePermit,Single Tent,
Mira River,BC ,2,Senior,CampsitePermit,Less than 30ft,
Blomidon,NS ,4,Full,CampsitePermit,Single Tent,
Laurie,NS ,2,Full,CampsitePermit,Single Tent,
Porters Lake,ON ,4,Full,CampsitePermit,Single Tent,
Mira River,NS ,3,Full,CampsitePermit,Single Tent,
Rissers Beach,NS ,6,Full,CampsitePermit,Less than 30ft,
Porters Lake,QC ,2,Full,CampsitePermit,Single Tent,
Graves Island,NS ,3,Full,CampsitePermit,Less than 40ft,
Dollar Lake,NS ,4,Full,CampsitePermit,Single Tent,
Rissers Beach,NS ,2,Senior,CampsitePermit,Less than 30ft,
Blomidon,NS ,6,Full,CampsitePermit,Tents,
Laurie,NS ,1,Full,CampsitePermit,Single Tent,
Mira River,NS ,2,Full,CampsitePermit,Single Tent,
Rissers Beach,NS ,2,Full,CampsitePermit,Less than 20ft,
Mira River,ON ,2,Full,CampsitePermit,Single Tent,
Blomidon,NS ,6,Full,CampsitePermit,Tents,
Boylston,NS ,2,Full,CampsitePermit,Single Tent,
Ellenwood Lake,NS ,8,Full,CampsitePermit,Single Tent,
Cape Chignecto,NS ,2,Full,BackcountryPermit,Single Tent,
Porters Lake,NS ,2,Senior,CampsitePermit,Single Tent,
Blomidon,NS ,4,Full,CampsitePermit,Single Tent,
Caribou Munroes,ON ,2,Full,CampsitePermit,Single Tent,
Caribou Munroes,NS ,3,Full,CampsitePermit,Single Tent,
Blomidon,NS ,5,Full,CampsitePermit,Tents,
Thomas Raddall,NS ,4,Full,CampsitePermit,Single Tent,
Rissers Beach,NS ,6,Full,CampsitePermit,Tents,
Mira River,NS ,2,Full,CampsitePermit,Single Tent,
Blomidon,NS ,4,Full,CampsitePermit,Single Tent,
Mira River,NS ,6,Full,CampsitePermit,Less than 20ft,
Porters Lake,NS ,4,Full,CampsitePermit,Tents,
Caribou Munroes,PE ,2,Senior,CampsitePermit,Single Tent,
Smileys,NS ,4,Full,CampsitePermit,Less than 20ft,
Caribou Munroes,NS ,5,Full,CampsitePermit,Tents,
Amherst Shore,NS ,2,Full,CampsitePermit,Less than 20ft,
Caribou Munroes,NS ,3,Full,CampsitePermit,Single Tent,
Blomidon,NS ,4,Full,CampsitePermit,Less than 40ft,
Caribou Munroes,NS ,5,Full,CampsitePermit,Less than 20ft,
Battery,QC ,6,Full,CampsitePermit,Single Tent,
Ellenwood Lake,NS ,4,Full,CampsitePermit,Single Tent,
Caribou Munroes,NS ,3,Full,CampsitePermit,Single Tent,
Laurie,NS ,3,Full,CampsitePermit,Tents,
Amherst Shore,ON ,6,Full,CampsitePermit,Tents,
Smileys,NS ,3,Full,CampsitePermit,Single Tent,
Rissers Beach,NS ,4,Full,CampsitePermit,Single Tent,
Mira River,NS ,2,Full,CampsitePermit,Less than 20ft,
Caribou Munroes,NS ,3,Full,CampsitePermit,Less than 30ft,
Graves Island,NS ,3,Full,CampsitePermit,Less than 30ft,
Rissers Beach,NS ,3,Full,CampsitePermit,Single Tent,
Caribou Munroes,NS ,2,Full,CampsitePermit,Less than 20ft,
Ellenwood Lake,NS ,2,Senior,CampsitePermit,Less than 30ft,
Mira River,ON ,7,Full,CampsitePermit,Single Tent,
Mira River,NS ,4,Full,CampsitePermit,Single Tent,
Thomas Raddall,NS ,1,Full,CampsitePermit,Single Tent,
Battery,ON ,2,Senior,CampsitePermit,Single Tent,
Five Islands,NS ,1,Full,CampsitePermit,Single Tent,
Rissers Beach,NS ,3,Full,CampsitePermit,Single Tent,
Graves Island,NS ,2,Full,CampsitePermit,Less than 30ft,
Battery,ON ,3,Full,CampsitePermit,Single Tent,
Graves Island,NS ,2,Senior,CampsitePermit,Less than 30ft,
Graves Island,NS ,1,Full,CampsitePermit,Single Tent,
Battery,ON ,2,Full,CampsitePermit,Single Tent,
Five Islands,NS ,1,Full,CampsitePermit,Single Tent,
Blomidon,NS ,2,Senior,CampsitePermit,Less than 20ft,
Blomidon,QC ,2,Full,CampsitePermit,Less than 30ft,
Graves Island,NS ,3,Full,CampsitePermit,Single Tent,
Mira River,NS ,2,Full,CampsitePermit,Less than 30ft,
Blomidon,ON ,1,Full,CampsitePermit,Single Tent,
Caribou Munroes,NS ,2,Full,CampsitePermit,Less than 30ft,
Rissers Beach,NS ,2,Full,CampsitePermit,Single Tent,
Dollar Lake,NS ,1,Full,CampsitePermit,Single Tent,
Laurie,ON ,3,Full,CampsitePermit,Single Tent,
Smileys,NB ,2,Full,CampsitePermit,Single Tent,
Rissers Beach,NS ,2,Full,CampsitePermit,Single Tent,
Graves Island,NS ,2,Full,CampsitePermit,Less than 20ft,
Ellenwood Lake,NS ,3,Full,CampsitePermit,Less than 20ft,
Smileys,NS ,2,Veteran,CampsitePermit,Less than 30ft,
Mira River,NS ,5,Full,CampsitePermit,Less than 30ft,
Porters Lake,NS ,4,Full,CampsitePermit,Single Tent,
Five Islands,ON ,4,Full,CampsitePermit,Less than 20ft,
Graves Island,NS ,2,Senior,CampsitePermit,Less than 30ft,
Mira River,NS ,2,Full,CampsitePermit,Less than 20ft,
Porters Lake,NS ,3,Senior,CampsitePermit,Less than 40ft,
Rissers Beach,NS ,2,Full,CampsitePermit,Less than 30ft,
Graves Island,NS ,2,Full,CampsitePermit,Less than 30ft,
Caribou Munroes,NS ,2,Full,CampsitePermit,Less than 30ft,
Porters Lake,ON ,2,Full,CampsitePermit,Less than 20ft,
Smileys,NS ,3,Full,CampsitePermit,Less than 30ft,
Graves Island,NS ,2,Full,CampsitePermit,Less than 30ft,
Amherst Shore,ON ,5,Full,CampsitePermit,Single Tent,
Battery,ON ,2,Senior,CampsitePermit,Tents,
Caribou Munroes,ON ,2,Senior,CampsitePermit,Single Tent,
Porters Lake,ON ,2,Senior,CampsitePermit,Less than 30ft,
Porters Lake,NS ,2,Full,CampsitePermit,Less than 40ft,
Caribou Munroes,NS ,2,Senior,CampsitePermit,Less than 30ft,
Thomas Raddall,NS ,4,Full,CampsitePermit,Single Tent,
Ellenwood Lake,NS ,6,Full,CampsitePermit,Single Tent,
Caribou Munroes,QC ,2,Full,CampsitePermit,Single Tent,
Mira River,NS ,2,Full,CampsitePermit,Less than 20ft,
Blomidon,QC ,2,Full,CampsitePermit,Single Tent,
Mira River,NS ,2,Senior,CampsitePermit,Less than 30ft,
Porters Lake,NS ,2,Full,CampsitePermit,Single Tent,
Caribou Munroes,ON ,6,Full,CampsitePermit,Less than 30ft,
Porters Lake,NS ,3,Full,CampsitePermit,Single Tent,
Graves Island,NS ,2,Full,CampsitePermit,Greater than 40ft,
Blomidon,NS ,2,Senior,CampsitePermit,Single Tent,
Porters Lake,NS ,6,Veteran,CampsitePermit,Tents,
Porters Lake,NS ,3,Senior,CampsitePermit,Less than 20ft,
Caribou Munroes,NS ,5,Full,CampsitePermit,Less than 20ft,
Mira River,QC ,4,Full,CampsitePermit,Less than 20ft,
Blomidon,NB ,2,Full,CampsitePermit,Less than 30ft,
Rissers Beach,NS ,2,Full,CampsitePermit,Less than 30ft,
Porters Lake,NS ,4,Full,CampsitePermit,Single Tent,
Battery,ON ,2,Senior,CampsitePermit,Single Tent,
Rissers Beach,NS ,4,Full,CampsitePermit,Single Tent,
Caribou Munroes,ON ,1,Senior,CampsitePermit,Single Tent,
Rissers Beach,NS ,2,Full,CampsitePermit,Less than 20ft,
Caribou Munroes,NS ,5,Full,CampsitePermit,Less than 30ft,
Rissers Beach,NS ,4,Full,CampsitePermit,Tents,
Five Islands,QC ,2,Senior,CampsitePermit,Less than 20ft,
Dollar Lake,NS ,2,Full,CampsitePermit,Single Tent,
Thomas Raddall,ON ,1,Full,CampsitePermit,Single Tent,
Ellenwood Lake,NB ,2,Senior,CampsitePermit,Single Tent,
Graves Island,NS ,2,Full,CampsitePermit,Less than 40ft,
Blomidon,NS ,3,Full,CampsitePermit,Single Tent,
Battery,QC ,2,Full,CampsitePermit,Single Tent,
Laurie,NS ,3,Full,CampsitePermit,Single Tent,
Thomas Raddall,NS ,5,Full,CampsitePermit,Tents,
Rissers Beach,NS ,2,Full,CampsitePermit,Less than 20ft,
Mira River,NS ,3,Full,CampsitePermit,Less than 30ft,
Laurie,NS ,2,Full,CampsitePermit,Single Tent,
Smileys,NS ,2,Senior,CampsitePermit,Less than 30ft,
Mira River,NS ,5,Full,CampsitePermit,Less than 30ft,
Ellenwood Lake,NS ,2,Full,CampsitePermit,Less than 30ft,
Amherst Shore,QC ,2,Full,CampsitePermit,Single Tent,
Rissers Beach,NS ,4,Full,CampsitePermit,Less than 20ft,
Graves Island,ON ,4,Full,CampsitePermit,Less than 30ft,
Whycocomagh,NS ,2,Full,YurtPermit,Tents,
Rissers Beach,QC ,2,Full,CampsitePermit,Less than 20ft,
Dollar Lake,NS ,3,Full,CampsitePermit,Single Tent,
Dollar Lake,NS ,4,Veteran,CampsitePermit,Less than 30ft,
Boylston,NB ,3,Full,CampsitePermit,Tents,
Rissers Beach,NS ,2,Senior,CampsitePermit,Less than 30ft,
Battery,NS ,2,Full,CampsitePermit,Single Tent,
Whycocomagh,ON ,1,Full,CampsitePermit,Single Tent,
Caribou Munroes,NS ,4,Full,CampsitePermit,Less than 30ft,
Caribou Munroes,NS ,3,Full,CampsitePermit,Single Tent,
Rissers Beach,NS ,3,Full,CampsitePermit,Less than 20ft,
The Islands,NS ,4,Full,CampsitePermit,Single Tent,
Rissers Beach,NS ,2,Full,CampsitePermit,Less than 20ft,
Smileys,NS ,2,Full,CampsitePermit,Single Tent,
Blomidon,NS ,3,Full,CampsitePermit,Single Tent,
Porters Lake,NS ,2,Full,CampsitePermit,Single Tent,
Amherst Shore,NS ,5,Full,CampsitePermit,Single Tent,
Cape Chignecto,NS ,4,Full,BackcountryPermit,Single Tent,
The Islands,NS ,2,Full,CampsitePermit,Less than 20ft,
Thomas Raddall,NS ,4,Full,CampsitePermit,Single Tent,
Mira River,NS ,4,Full,CampsitePermit,Less than 30ft,
Ellenwood Lake,NS ,4,Full,CampsitePermit,Single Tent,
Laurie,NS ,6,Full,CampsitePermit,Tents,
Blomidon,NS ,3,Full,CampsitePermit,Tents,
Cape Chignecto,NS ,1,Full,BackcountryPermit,Single Tent,
Mira River,NS ,3,Senior,CampsitePermit,Less than 40ft,
Caribou Munroes,NS ,2,Full,CampsitePermit,Less than 20ft,
Graves Island,NS ,2,Senior,CampsitePermit,Less than 30ft,
Thomas Raddall,NS ,2,Full,CampsitePermit,Less than 20ft,
Mira River,NS ,2,Veteran,CampsitePermit,Single Tent,
Thomas Raddall,NS ,3,Full,CampsitePermit,Less than 30ft,
Caribou Munroes,NS ,6,Full,CampsitePermit,Less than 20ft,
Dollar Lake,NS ,5,Full,CampsitePermit,Less than 20ft,
Amherst Shore,NS ,3,Full,CampsitePermit,Single Tent,
Thomas Raddall,NS ,2,Host,CampsitePermit,Single Tent,
Graves Island,NS ,3,Full,CampsitePermit,Less than 20ft,
Blomidon,QC ,2,Senior,CampsitePermit,Less than 30ft,
Caribou Munroes,NS ,2,Full,CampsitePermit,Less than 30ft,
Graves Island,QC ,1,Senior,CampsitePermit,Less than 30ft,
Caribou Munroes,NS ,4,Full,CampsitePermit,Less than 30ft,
Rissers Beach,NS ,6,Full,CampsitePermit,Less than 20ft,
Porters Lake,NB ,2,Full,CampsitePermit,Single Tent,
Smileys,NS ,3,Full,CampsitePermit,Single Tent,
Laurie,NS ,2,Full,CampsitePermit,Less than 30ft,
Porters Lake,QC ,2,Full,CampsitePermit,Single Tent,
Whycocomagh,NS ,2,Senior,CampsitePermit,Less than 30ft,
Valleyview,NS ,4,Full,CampsitePermit,Single Tent,
Five Islands,NS ,2,Full,CampsitePermit,Less than 20ft,
Porters Lake,QC ,2,Senior,CampsitePermit,Less than 20ft,
Salsman,NS ,2,Full,CampsitePermit,Less than 20ft,
Rissers Beach,NS ,6,Full,CampsitePermit,Less than 30ft,
Laurie,NS ,2,Full,CampsitePermit,Less than 40ft,
Rissers Beach,NS ,4,Senior,CampsitePermit,Less than 30ft,
Laurie,NB ,2,Full,CampsitePermit,Single Tent,
Five Islands,NS ,2,Full,CampsitePermit,Single Tent,
Blomidon,NS ,1,Full,CampsitePermit,Single Tent,
The Islands,NS ,4,Full,CampsitePermit,Less than 20ft,
Smileys,NS ,5,Full,CampsitePermit,Tents,
Rissers Beach,QC ,2,Full,CampsitePermit,Single Tent,
Rissers Beach,QC ,2,Full,CampsitePermit,Single Tent,
Caribou Munroes,NS ,6,Full,CampsitePermit,Less than 20ft,
The Islands,NB ,3,Full,CampsitePermit,Less than 30ft,
Laurie,NS ,4,Full,CampsitePermit,Single Tent,
Graves Island,QC ,3,Full,CampsitePermit,Less than 30ft,
Graves Island,NS ,3,Full,CampsitePermit,Single Tent,
Five Islands,NB ,2,Full,CampsitePermit,Less than 20ft,
Graves Island,ON ,4,Full,CampsitePermit,Less than 20ft,
Graves Island,QC ,1,Senior,CampsitePermit,Single Tent,
Blomidon,NS ,2,Full,CampsitePermit,Single Tent,
Caribou Munroes,QC ,2,Full,CampsitePermit,Less than 20ft,
Whycocomagh,ON ,2,Full,CampsitePermit,Less than 30ft,
Mira River,NS ,1,Senior,CampsitePermit,Less than 20ft,
Porters Lake,NS ,2,Full,CampsitePermit,Single Tent,
Ellenwood Lake,NS ,5,Full,CampsitePermit,Single Tent,
Graves Island,ON ,2,Full,CampsitePermit,Less than 30ft,
The Islands,QC ,1,Full,CampsitePermit,Single Tent,
Five Islands,NS ,3,Full,CampsitePermit,Single Tent,
Amherst Shore,NS ,2,Senior,CampsitePermit,Less than 30ft,
Rissers Beach,NS ,4,Senior,CampsitePermit,Tents,
Mira River,NS ,4,Full,CampsitePermit,Less than 40ft,
Mira River,QC ,3,Full,CampsitePermit,Less than 30ft,
Graves Island,NS ,6,Full,CampsitePermit,Tents,
Rissers Beach,BC ,2,Full,CampsitePermit,Less than 20ft,
Porters Lake,NS ,4,Full,CampsitePermit,Single Tent,
Dollar Lake,NS ,2,Full,CampsitePermit,Less than 40ft,
Caribou Munroes,NS ,3,Full,CampsitePermit,Single Tent,
Boylston,ON ,2,Full,CampsitePermit,Single Tent,
Caribou Munroes,NS ,4,Full,CampsitePermit,Single Tent,
The Islands,NS ,3,Full,CampsitePermit,Less than 20ft,
Salsman,QC ,2,Full,CampsitePermit,Less than 20ft,
Graves Island,NS ,2,Full,CampsitePermit,Less than 30ft,
Smileys,NS ,1,Full,CampsitePermit,Single Tent,
Graves Island,NS ,2,Full,CampsitePermit,Single Tent,
The Islands,NS ,2,Full,CampsitePermit,Single Tent,
Amherst Shore,ON ,2,Full,CampsitePermit,Single Tent,
Rissers Beach,NS ,4,Full,CampsitePermit,Less than 20ft,
Whycocomagh,NS ,4,Full,CampsitePermit,Less than 30ft,
Graves Island,NS ,3,Full,CampsitePermit,Tents,
Amherst Shore,QC ,2,Full,CampsitePermit,Single Tent,
Whycocomagh,ON ,4,Full,CampsitePermit,Tents,
Five Islands,NS ,2,Full,CampsitePermit,Single Tent,
Blomidon,NS ,1,Full,CampsitePermit,Single Tent,
Thomas Raddall,NS ,2,Full,CampsitePermit,Single Tent,
Smileys,NS ,5,Full,CampsitePermit,Less than 30ft,
Laurie,NS ,4,Full,CampsitePermit,Tents,
Caribou Munroes,ON ,5,Senior,CampsitePermit,Single Tent,
Five Islands,NS ,2,Full,CampsitePermit,Single Tent,
Laurie,NS ,4,Full,CampsitePermit,Less than 20ft,
Five Islands,NS ,2,Full,CampsitePermit,Single Tent,
Graves Island,QC ,3,Full,CampsitePermit,Less than 20ft,
Laurie,NS ,5,Full,CampsitePermit,Tents,
Blomidon,ON ,2,Full,CampsitePermit,Single Tent,
Graves Island,ON ,3,Full,CampsitePermit,Single Tent,
Rissers Beach,NS ,4,Full,CampsitePermit,Less than 30ft,
Thomas Raddall,ON ,2,Full,CampsitePermit,Single Tent,
Cape Chignecto,NB ,2,Full,BackcountryPermit,Single Tent,
Whycocomagh,ON ,1,Full,CampsitePermit,Single Tent,
Cape Chignecto,NS ,1,Full,BackcountryPermit,Single Tent,
Thomas Raddall,NS ,4,Full,CampsitePermit,Less than 20ft,
Rissers Beach,ON ,2,Full,CampsitePermit,Less than 20ft,
Rissers Beach,NS ,7,Full,CampsitePermit,Less than 20ft,
Ellenwood Lake,NS ,4,Full,CampsitePermit,Single Tent,
Caribou Munroes,NS ,6,Full,CampsitePermit,Less than 40ft,
Battery,QC ,2,Full,CampsitePermit,Single Tent,
Caribou Munroes,QC ,4,Full,CampsitePermit,Single Tent,
Graves Island,NS ,4,Full,CampsitePermit,Less than 30ft,
Dollar Lake,NS ,3,Full,CampsitePermit,Single Tent,
Porters Lake,NS ,4,Full,CampsitePermit,Tents,
The Islands,NS ,6,Full,CampsitePermit,Tents,
Rissers Beach,NS ,4,Full,CampsitePermit,Single Tent,
Laurie,NS ,2,Full,CampsitePermit,Single Tent,
Laurie,ON ,2,Full,CampsitePermit,Single Tent,
Mira River,QC ,4,Full,CampsitePermit,Tents,
Rissers Beach,NS ,4,Full,CampsitePermit,Less than 40ft,
Five Islands,NS ,3,Full,CampsitePermit,Single Tent,
The Islands,NS ,2,Full,CampsitePermit,Less than 30ft,
Salsman,NS ,1,Full,CampsitePermit,Single Tent,
Thomas Raddall,NS ,1,Full,CampsitePermit,Single Tent,
Five Islands,NS ,2,Full,CampsitePermit,Less than 20ft,
Graves Island,NS ,1,Full,CampsitePermit,Single Tent,
Caribou Munroes,NS ,4,Full,CampsitePermit,Single Tent,
Blomidon,NB ,2,Full,CampsitePermit,Single Tent,
Battery,NS ,1,Full,CampsitePermit,Single Tent,
Rissers Beach,QC ,3,Full,CampsitePermit,Single Tent,
Whycocomagh,QC ,3,Senior,CampsitePermit,Less than 30ft,
Whycocomagh,NS ,2,Full,CampsitePermit,Less than 30ft,
Graves Island,NS ,6,Full,CampsitePermit,Tents,
Rissers Beach,NS ,6,Full,CampsitePermit,Less than 40ft,
Rissers Beach,NS ,2,Senior,CampsitePermit,Less than 20ft,
Whycocomagh,QC ,2,Full,CampsitePermit,Single Tent,
Rissers Beach,NS ,2,Full,CampsitePermit,Less than 20ft,
Mira River,ON ,2,Full,CampsitePermit,Single Tent,
Blomidon,NS ,1,Full,CampsitePermit,Single Tent,
Porters Lake,NS ,2,Full,CampsitePermit,Single Tent,
Graves Island,NS ,4,Full,CampsitePermit,Single Tent,
Cape Chignecto,NS ,3,Full,BackcountryPermit,Single Tent,
Caribou Munroes,ON ,2,Senior,CampsitePermit,Single Tent,
Graves Island,QC ,2,Full,CampsitePermit,Less than 20ft,
Blomidon,NS ,3,Senior,CampsitePermit,Tents,
Porters Lake,QC ,2,Full,CampsitePermit,Single Tent,
Amherst Shore,QC ,4,Full,CampsitePermit,Less than 20ft,
Rissers Beach,NS ,2,Full,CampsitePermit,Single Tent,
Battery,NS ,2,Full,CampsitePermit,Less than 20ft,
Five Islands,QC ,2,Full,CampsitePermit,Single Tent,
Mira River,NS ,3,Full,CampsitePermit,Single Tent,
Blomidon,NS ,2,Senior,CampsitePermit,Less than 30ft,
Boylston,ON ,4,Full,CampsitePermit,Single Tent,
Porters Lake,NS ,6,Full,CampsitePermit,Tents,
Dollar Lake,NS ,4,Full,CampsitePermit,Tents,
Blomidon,NS ,4,Full,CampsitePermit,Less than 30ft,
Thomas Raddall,NS ,2,Full,CampsitePermit,Single Tent,
Graves Island,NS ,1,Senior,CampsitePermit,Less than 20ft,
Caribou Munroes,NS ,2,Full,CampsitePermit,Single Tent,
Smileys,NS ,6,Full,CampsitePermit,Tents,
Graves Island,NS ,2,Full,CampsitePermit,Less than 30ft,
Laurie,NS ,6,Full,CampsitePermit,Tents,
Ellenwood Lake,NS ,4,Full,CampsitePermit,Less than 30ft,
Five Islands,NS ,2,Full,CampsitePermit,Single Tent,
Porters Lake,NS ,4,Full,CampsitePermit,Less than 20ft,
Rissers Beach,ON ,4,Full,CampsitePermit,Tents,
Porters Lake,NS ,2,Full,CampsitePermit,Single Tent,
Ellenwood Lake,NS ,3,Full,CampsitePermit,Less than 20ft,
Rissers Beach,NS ,1,Full,CampsitePermit,Single Tent,
Caribou Munroes,QC ,2,Full,CampsitePermit,Single Tent,
Porters Lake,NB ,1,Full,CampsitePermit,Single Tent,
Amherst Shore,NS ,4,Full,CampsitePermit,Tents,
Smileys,NS ,2,Senior,CampsitePermit,Less than 40ft,
Blomidon,NS ,2,Full,CampsitePermit,Less than 30ft,
Ellenwood Lake,NB ,2,Full,CampsitePermit,Single Tent,
Whycocomagh,NS ,5,Full,CampsitePermit,Single Tent,
Blomidon,NS ,5,Full,CampsitePermit,Tents,
Rissers Beach,NS ,2,Senior,CampsitePermit,Less than 30ft,
Ellenwood Lake,NS ,2,Senior,CampsitePermit,Single Tent,
Rissers Beach,NS ,2,Full,CampsitePermit,Single Tent,
Battery,NS ,2,Full,CampsitePermit,Single Tent,
Five Islands,QC ,2,Full,CampsitePermit,Single Tent,
Dollar Lake,NS ,4,Full,CampsitePermit,Single Tent,
Mira River,NS ,6,Veteran,CampsitePermit,Less than 40ft,
Whycocomagh,PE ,2,Full,CampsitePermit,Single Tent,
Thomas Raddall,NS ,4,Full,CampsitePermit,Less than 30ft,
Five Islands,NS ,2,Senior,CampsitePermit,Single Tent,
The Islands,NS ,3,Full,CampsitePermit,Single Tent,
Cape Chignecto,AB ,1,Full,BackcountryPermit,Single Tent,
Rissers Beach,NS ,2,Full,CampsitePermit,Less than 30ft,
Graves Island,NS ,2,Full,CampsitePermit,Single Tent,
Mira River,NS ,3,Full,CampsitePermit,Less than 20ft,
Caribou Munroes,NS ,4,Full,CampsitePermit,Less than 30ft,
Graves Island,NS ,3,Full,CampsitePermit,Less than 20ft,
Mira River,ON ,3,Full,CampsitePermit,Tents,
Smileys,NS ,4,Full,CampsitePermit,Less than 20ft,
Mira River,NS ,3,Full,CampsitePermit,Less than 30ft,
Mira River,NS ,5,Full,CampsitePermit,Single Tent,
Thomas Raddall,ON ,3,Full,CampsitePermit,Single Tent,
Graves Island,NS ,2,Full,CampsitePermit,Less than 40ft,
Dollar Lake,NS ,6,Full,CampsitePermit,Less than 20ft,
Mira River,NS ,4,Full,CampsitePermit,Less than 30ft,
Smileys,NS ,2,Full,CampsitePermit,Single Tent,
Ellenwood Lake,NS ,3,Full,CampsitePermit,Single Tent,
Cape Chignecto,NS ,2,Full,BackcountryPermit,Single Tent,
Caribou Munroes,NS ,2,Full,CampsitePermit,Single Tent,
The Islands,NS ,6,Full,CampsitePermit,Single Tent,
Graves Island,NS ,1,Full,CampsitePermit,Less than 20ft,
Battery,NS ,2,Full,CampsitePermit,Less than 20ft,
Graves Island,NS ,3,Full,CampsitePermit,Less than 30ft,
Graves Island,QC ,2,Full,CampsitePermit,Single Tent,
Cape Chignecto,NB ,4,Full,BackcountryPermit,Single Tent,
Porters Lake,QC ,2,Full,CampsitePermit,Single Tent,
Battery,NS ,2,Full,CampsitePermit,Single Tent,
Porters Lake,ON ,2,Full,CampsitePermit,Single Tent,
Thomas Raddall,NS ,2,Senior,CampsitePermit,Single Tent,
Graves Island,NS ,2,Full,CampsitePermit,Less than 30ft,
Porters Lake,NS ,3,Full,CampsitePermit,Single Tent,
Thomas Raddall,NS ,2,Senior,CampsitePermit,Single Tent,
Graves Island,NS ,2,Senior,CampsitePermit,Less than 30ft,
Smileys,BC ,2,Full,CampsitePermit,Less than 20ft,
Laurie,NS ,4,Full,CampsitePermit,Tents,
Porters Lake,NS ,2,Full,CampsitePermit,Less than 30ft,
Caribou Munroes,NS ,1,Senior,CampsitePermit,Less than 20ft,
Battery,ON ,2,Senior,CampsitePermit,Single Tent,
Battery,ON ,4,Full,CampsitePermit,Less than 30ft,
Mira River,NS ,2,Full,CampsitePermit,Single Tent,
Caribou Munroes,NS ,4,Full,CampsitePermit,Less than 30ft,
Caribou Munroes,NS ,2,Full,CampsitePermit,Single Tent,
Porters Lake,QC ,2,Full,CampsitePermit,Single Tent,
The Islands,NS ,2,Full,CampsitePermit,Less than 20ft,
Dollar Lake,NS ,2,Full,CampsitePermit,Single Tent,
Ellenwood Lake,NS ,2,Senior,CampsitePermit,Single Tent,
Mira River,BC ,2,Senior,CampsitePermit,Less than 30ft,
Caribou Munroes,ON ,2,Full,CampsitePermit,Single Tent,
Dollar Lake,NS ,2,Full,CampsitePermit,Single Tent,
Caribou Munroes,NS ,3,Full,CampsitePermit,Less than 30ft,
Whycocomagh,NS ,5,Full,YurtPermit,Tents,
Porters Lake,ON ,2,Full,CampsitePermit,Single Tent,
Rissers Beach,NS ,4,Full,CampsitePermit,Less than 20ft,
Rissers Beach,NS ,2,Full,CampsitePermit,Less than 30ft,
Mira River,NS ,4,Full,CampsitePermit,Less than 30ft,
Boylston,ON ,2,Full,CampsitePermit,Tents,
Rissers Beach,NS ,2,Full,CampsitePermit,Less than 30ft,
Dollar Lake,NS ,6,Full,CampsitePermit,Single Tent,
Ellenwood Lake,NS ,3,Full,CampsitePermit,Less than 20ft,
Rissers Beach,NS ,5,Full,CampsitePermit,Less than 30ft,
Five Islands,ON ,3,Full,CampsitePermit,Less than 20ft,
Salsman,NS ,2,Senior,CampsitePermit,Single Tent,
Rissers Beach,NS ,2,Full,CampsitePermit,Less than 30ft,
Porters Lake,NS ,6,Full,CampsitePermit,Tents,
Graves Island,NS ,6,Full,CampsitePermit,Tents,
Porters Lake,ON ,3,Full,CampsitePermit,Single Tent,
Dollar Lake,NS ,5,Full,CampsitePermit,Single Tent,
Graves Island,NS ,2,Senior,CampsitePermit,Less than 30ft,
Blomidon,NS ,2,Senior,CampsitePermit,Less than 30ft,
Rissers Beach,NS ,4,Full,CampsitePermit,Less than 30ft,
Mira River,NS ,2,Full,CampsitePermit,Single Tent,
The Islands,NS ,2,Full,CampsitePermit,Single Tent,
Thomas Raddall,NS ,2,Senior,CampsitePermit,Tents,
Five Islands,NS ,2,Full,CampsitePermit,Single Tent,
Mira River,QC ,2,Full,CampsitePermit,Tents,
Rissers Beach,NS ,2,Senior,CampsitePermit,Less than 40ft,
Rissers Beach,NS ,4,Full,CampsitePermit,Single Tent,
Cape Chignecto,NB ,3,Full,BackcountryPermit,Single Tent,
Cape Chignecto,ON ,2,Full,BackcountryPermit,Single Tent,
Caribou Munroes,ON ,2,Senior,CampsitePermit,Single Tent,
Valleyview,ON ,5,Full,CampsitePermit,Tents,
Battery,NS ,2,Senior,CampsitePermit,Less than 20ft,
Valleyview,NS ,2,Full,CampsitePermit,Single Tent,
Graves Island,NS ,2,Full,CampsitePermit,Less than 30ft,
Mira River,QC ,2,Full,CampsitePermit,Less than 20ft,
Dollar Lake,NS ,3,Full,CampsitePermit,Less than 20ft,
Valleyview,NS ,2,Senior,CampsitePermit,Single Tent,
Thomas Raddall,NS ,2,Full,CampsitePermit,Single Tent,
Ellenwood Lake,NS ,4,Full,CampsitePermit,Tents,
Blomidon,NS ,1,Full,CampsitePermit,Single Tent,
Blomidon,QC ,1,Full,CampsitePermit,Single Tent,
Five Islands,QC ,2,Full,CampsitePermit,Single Tent,
Ellenwood Lake,NS ,2,Full,CampsitePermit,Single Tent,
Laurie,ON ,2,Full,CampsitePermit,Less than 20ft,
Blomidon,NS ,3,Full,CampsitePermit,Less than 20ft,
Laurie,QC ,2,Full,CampsitePermit,Single Tent,
Dollar Lake,NS ,4,Full,CampsitePermit,Less than 20ft,
Porters Lake,NS ,3,Full,CampsitePermit,Single Tent,
Laurie,NS ,2,Full,CampsitePermit,Single Tent,
Blomidon,NS ,2,Full,CampsitePermit,Single Tent,
Graves Island,NS ,4,Senior,CampsitePermit,Less than 40ft,
Five Islands,NS ,2,Veteran,CampsitePermit,Less than 30ft,
Mira River,ON ,4,Full,CampsitePermit,Greater than 40ft,
Rissers Beach,NS ,4,Full,CampsitePermit,Less than 20ft,
Amherst Shore,NS ,1,Veteran,CampsitePermit,Single Tent,
Five Islands,NS ,2,Full,CampsitePermit,Single Tent,
Dollar Lake,ON ,2,Full,CampsitePermit,Less than 20ft,
Ellenwood Lake,NS ,5,Full,CampsitePermit,Single Tent,
Mira River,ON ,2,Full,CampsitePermit,Single Tent,
Five Islands,NS ,1,Full,CampsitePermit,Single Tent,
Battery,QC ,2,Full,CampsitePermit,Single Tent,
Rissers Beach,NS ,3,Full,CampsitePermit,Less than 20ft,
Blomidon,QC ,2,Full,CampsitePermit,Single Tent,
Rissers Beach,NS ,2,Full,CampsitePermit,Less than 20ft,
Porters Lake,NS ,6,Full,CampsitePermit,Less than 30ft,
Whycocomagh,NS ,4,Full,CampsitePermit,Less than 30ft,
Thomas Raddall,ON ,2,Senior,CampsitePermit,Single Tent,
Laurie,ON ,2,Full,CampsitePermit,Single Tent,
Mira River,ON ,2,Senior,CampsitePermit,Less than 30ft,
Porters Lake,ON ,2,Full,CampsitePermit,Single Tent,
Whycocomagh,ON ,2,Senior,CampsitePermit,Less than 30ft,
Graves Island,NS ,1,Full,CampsitePermit,Single Tent,
Blomidon,NS ,3,Full,CampsitePermit,Single Tent,
Mira River,NS ,2,Senior,CampsitePermit,Less than 20ft,
Dollar Lake,NS ,4,Full,CampsitePermit,Single Tent,
Thomas Raddall,QC ,2,Full,CampsitePermit,Less than 20ft,
Porters Lake,NB ,5,Full,CampsitePermit,Single Tent,
Graves Island,ON ,4,Full,CampsitePermit,Single Tent,
Five Islands,NS ,2,Host,CampsitePermit,Single Tent,
Mira River,NS ,3,Full,CampsitePermit,Single Tent,
Thomas Raddall,NS ,2,Full,CampsitePermit,Single Tent,
Valleyview,ON ,2,Full,CampsitePermit,Less than 20ft,
Porters Lake,NS ,2,Full,CampsitePermit,Single Tent,
Laurie,NS ,2,Full,CampsitePermit,Single Tent,
Rissers Beach,NS ,6,Full,CampsitePermit,Tents,
Smileys,NS ,6,Full,CampsitePermit,Tents,
Dollar Lake,NS ,4,Full,CampsitePermit,Tents,
Smileys,ON ,2,Full,CampsitePermit,Less than 20ft,
Whycocomagh,NB ,2,Senior,CampsitePermit,Less than 20ft,
Caribou Munroes,NS ,2,Full,CampsitePermit,Single Tent,
Blomidon,NS ,5,Full,CampsitePermit,Tents,
Porters Lake,NS ,1,Full,CampsitePermit,Single Tent,
Five Islands,NS ,5,Full,CampsitePermit,Less than 30ft,
Five Islands,BC ,2,Senior,CampsitePermit,Single Tent,
Dollar Lake,NS ,4,Full,CampsitePermit,Single Tent,
Mira River,NS ,5,Full,CampsitePermit,Single Tent,
Graves Island,QC ,1,Full,CampsitePermit,Single Tent,
Rissers Beach,ON ,2,Senior,CampsitePermit,Less than 40ft,
Caribou Munroes,ON ,2,Full,CampsitePermit,Single Tent,
Porters Lake,QC ,1,Full,CampsitePermit,Single Tent,
Laurie,ON ,5,Full,CampsitePermit,Tents,
Salsman,NS ,2,Full,CampsitePermit,Less than 30ft,
Laurie,NS ,1,Full,CampsitePermit,Less than 20ft,
Porters Lake,NS ,2,Full,CampsitePermit,Less than 30ft,
Amherst Shore,QC ,2,Full,CampsitePermit,Single Tent,
Blomidon,NS ,4,Full,CampsitePermit,Tents,
Rissers Beach,NS ,2,Full,CampsitePermit,Single Tent,
Rissers Beach,NS ,7,Full,CampsitePermit,Single Tent,
Whycocomagh,NS ,2,Full,CampsitePermit,Less than 30ft,
Porters Lake,QC ,2,Full,CampsitePermit,Less than 20ft,
Caribou Munroes,ON ,2,Full,CampsitePermit,Less than 20ft,
Five Islands,NB ,4,Senior,CampsitePermit,Less than 20ft,
Mira River,NS ,4,Full,CampsitePermit,Less than 30ft,
Porters Lake,NS ,3,Full,CampsitePermit,Single Tent,
Graves Island,NS ,2,Full,CampsitePermit,Less than 30ft,
Salsman,NS ,4,Full,CampsitePermit,Less than 30ft,
Blomidon,NS ,2,Full,CampsitePermit,Single Tent,
Graves Island,QC ,2,Full,CampsitePermit,Single Tent,
Mira River,NS ,5,Full,CampsitePermit,Less than 30ft,
Salsman,NS ,3,Full,CampsitePermit,Single Tent,
Thomas Raddall,NS ,2,Full,CampsitePermit,Greater than 40ft,
Thomas Raddall,NS ,6,Full,CampsitePermit,Single Tent,
Laurie,NS ,2,Full,CampsitePermit,Single Tent,
Caribou Munroes,NS ,5,Full,CampsitePermit,Tents,
Rissers Beach,NS ,4,Full,CampsitePermit,Tents,
Laurie,NS ,4,Full,CampsitePermit,Single Tent,
Mira River,QC ,2,Full,CampsitePermit,Single Tent,
Laurie,NS ,1,Full,CampsitePermit,Single Tent,
Blomidon,NS ,3,Full,CampsitePermit,Single Tent,
Five Islands,QC ,4,Full,CampsitePermit,Single Tent,
Smileys,NS ,4,Full,CampsitePermit,Single Tent,
Rissers Beach,NS ,2,Full,CampsitePermit,Single Tent,
Mira River,ON ,2,Full,CampsitePermit,Single Tent,
Thomas Raddall,NS ,2,Full,CampsitePermit,Less than 30ft,
Valleyview,NS ,2,Full,CampsitePermit,Single Tent,
Mira River,NS ,5,Full,CampsitePermit,Less than 30ft,
Porters Lake,NS ,3,Full,CampsitePermit,Less than 30ft,
Mira River,NS ,3,Full,CampsitePermit,Less than 20ft,
Smileys,NB ,4,Full,CampsitePermit,Single Tent,
Caribou Munroes,ON ,5,Full,CampsitePermit,Less than 20ft,
Mira River,NS ,4,Full,CampsitePermit,Less than 30ft,
Salsman,NS ,2,Senior,CampsitePermit,Less than 20ft,
Caribou Munroes,NS ,2,Full,CampsitePermit,Less than 20ft,
Caribou Munroes,QC ,2,Full,CampsitePermit,Less than 20ft,
Caribou Munroes,NS ,1,Senior,CampsitePermit,Less than 20ft,
Battery,NS ,2,Full,CampsitePermit,Single Tent,
Mira River,NS ,2,Full,CampsitePermit,Single Tent,
Blomidon,NS ,2,Full,CampsitePermit,Less than 30ft,
Battery,ON ,2,Full,CampsitePermit,Single Tent,
Rissers Beach,NS ,2,Full,CampsitePermit,Less than 20ft,
Smileys,NS ,6,Full,CampsitePermit,Single Tent,
Caribou Munroes,NS ,2,Full,CampsitePermit,Single Tent,
Boylston,NS ,1,Full,CampsitePermit,Single Tent,
Whycocomagh,NS ,1,Full,YurtPermit,Tents,
Ellenwood Lake,NS ,2,Full,CampsitePermit,Less than 20ft,
Blomidon,QC ,2,Full,CampsitePermit,Single Tent,
Mira River,BC ,2,Senior,CampsitePermit,Less than 20ft,
Caribou Munroes,ON ,2,Full,CampsitePermit,Less than 30ft,
Cape Chignecto,NB ,2,Full,BackcountryPermit,Single Tent,
Graves Island,NS ,2,Senior,CampsitePermit,Less than 40ft,
Mira River,AB ,2,Full,CampsitePermit,Less than 30ft,
Boylston,ON ,4,Full,CampsitePermit,Single Tent,
Salsman,NS ,2,Full,CampsitePermit,Single Tent,
Blomidon,ON ,5,Full,CampsitePermit,Single Tent,
Porters Lake,NS ,2,Senior,CampsitePermit,Less than 30ft,
Rissers Beach,NS ,2,Full,CampsitePermit,Less than 20ft,
Five Islands,NB ,4,Full,CampsitePermit,Tents,
Rissers Beach,NS ,2,Full,CampsitePermit,Less than 30ft,
Rissers Beach,NS ,6,Full,CampsitePermit,Tents,
Graves Island,NS ,6,Full,CampsitePermit,Tents,
Mira River,NS ,3,Full,CampsitePermit,Less than 20ft,
Battery,ON ,2,Senior,CampsitePermit,Single Tent,
Thomas Raddall,ON ,3,Full,CampsitePermit,Single Tent,
Five Islands,SK ,2,Full,CampsitePermit,Single Tent,
Battery,ON ,2,Full,CampsitePermit,Single Tent,
Cape Chignecto,NS ,3,Full,BackcountryPermit,Single Tent,
Rissers Beach,NS ,4,Full,CampsitePermit,Less than 30ft,
Blomidon,PE ,2,Full,CampsitePermit,Single Tent,
Porters Lake,NS ,4,Full,CampsitePermit,Tents,
Mira River,NS ,7,Full,CampsitePermit,Single Tent,
Battery,NS ,1,Senior,CampsitePermit,Single Tent,
Mira River,NS ,2,Full,CampsitePermit,Single Tent,
Thomas Raddall,NS ,5,Full,CampsitePermit,Less than 30ft,
Mira River,NS ,5,Full,CampsitePermit,Single Tent,
Smileys,NS ,6,Full,CampsitePermit,Tents,
Ellenwood Lake,NS ,3,Full,CampsitePermit,Single Tent,
Rissers Beach,QC ,2,Senior,CampsitePermit,Single Tent,
Graves Island,NS ,1,Full,CampsitePermit,Single Tent,
Graves Island,NL ,3,Full,CampsitePermit,Tents,
Whycocomagh,NS ,2,Senior,CampsitePermit,Less than 30ft,
Porters Lake,NS ,2,Full,CampsitePermit,Single Tent,
Porters Lake,NS ,2,Full,CampsitePermit,Single Tent,
The Islands,NS ,3,Full,CampsitePermit,Less than 30ft,
Graves Island,QC ,1,Full,CampsitePermit,Tents,
Blomidon,QC ,2,Full,CampsitePermit,Less than 30ft,
Dollar Lake,NS ,1,Full,CampsitePermit,Single Tent,
Five Islands,BC ,3,Senior,CampsitePermit,Single Tent,
Thomas Raddall,ON ,2,Full,CampsitePermit,Single Tent,
Rissers Beach,NS ,4,Full,CampsitePermit,Single Tent,
Graves Island,NS ,2,Full,CampsitePermit,Less than 40ft,
Porters Lake,NS ,6,Full,CampsitePermit,Tents,
Graves Island,NS ,4,Full,CampsitePermit,Greater than 40ft,
Caribou Munroes,NS ,3,Full,CampsitePermit,Less than 30ft,
Porters Lake,NS ,2,Full,CampsitePermit,Tents,
Graves Island,ON ,2,Full,CampsitePermit,Single Tent,
The Islands,NS ,2,Full,CampsitePermit,Single Tent,
Valleyview,NS ,2,Full,CampsitePermit,Single Tent,
Dollar Lake,NS ,4,Full,CampsitePermit,Less than 30ft,
Whycocomagh,BC ,5,Full,CampsitePermit,Less than 30ft,
Dollar Lake,NS ,1,Full,CampsitePermit,Single Tent,
Caribou Munroes,NS ,3,Full,CampsitePermit,Single Tent,
Five Islands,NB ,3,Full,CampsitePermit,Single Tent,
Dollar Lake,NS ,3,Veteran,CampsitePermit,Less than 20ft,
Rissers Beach,NS ,2,Full,CampsitePermit,Single Tent,
Caribou Munroes,QC ,2,Full,CampsitePermit,Less than 30ft,
Caribou Munroes,ON ,4,Full,CampsitePermit,Single Tent,
Porters Lake,BC ,3,Full,CampsitePermit,Single Tent,
The Islands,NS ,3,Full,CampsitePermit,Tents,
Salsman,ON ,2,Full,CampsitePermit,Single Tent,
Dollar Lake,NS ,4,Full,CampsitePermit,Single Tent,
Mira River,NS ,4,Full,CampsitePermit,Less than 40ft,
Graves Island,NS ,2,Full,CampsitePermit,Less than 20ft,
Battery,ON ,3,Full,CampsitePermit,Single Tent,
Amherst Shore,NS ,4,Full,CampsitePermit,Less than 20ft,
Five Islands,ON ,3,Full,CampsitePermit,Single Tent,
Laurie,QC ,2,Full,CampsitePermit,Less than 40ft,
Battery,NS ,2,Full,CampsitePermit,Single Tent,
Laurie,NS ,1,Full,CampsitePermit,Single Tent,
Rissers Beach,ON ,2,Full,CampsitePermit,Less than 20ft,
Dollar Lake,NS ,2,Senior,CampsitePermit,Less than 20ft,
Laurie,NS ,4,Full,CampsitePermit,Less than 40ft,
Rissers Beach,NS ,2,Full,CampsitePermit,Less than 20ft,
Caribou Munroes,NS ,4,Full,CampsitePermit,Single Tent,
Graves Island,NS ,4,Full,CampsitePermit,Single Tent,
Graves Island,NS ,3,Full,CampsitePermit,Less than 30ft,
Rissers Beach,NS ,2,Full,CampsitePermit,Single Tent,
Five Islands,NS ,2,FULL,CampsitePermit,Less than 20ft,
Caribou Munroes,ON ,3,Senior,CampsitePermit,Less than 20ft,
The Islands,NS ,3,Full,CampsitePermit,Tents,
Battery,ON ,2,Senior,CampsitePermit,Less than 30ft,
Porters Lake,NS ,3,Full,CampsitePermit,Single Tent,
Mira River,NS ,4,Full,CampsitePermit,Single Tent,
Graves Island,NS ,3,Full,CampsitePermit,Single Tent,
Graves Island,ON ,2,Full,CampsitePermit,Single Tent,
The Islands,NS ,2,Full,CampsitePermit,Less than 20ft,
Amherst Shore,NS ,3,Full,CampsitePermit,Less than 20ft,
Graves Island,QC ,1,Full,CampsitePermit,Single Tent,
Amherst Shore,NS ,2,Full,CampsitePermit,Less than 20ft,
Graves Island,NS ,6,Full,CampsitePermit,Tents,
Salsman,NS ,2,Full,CampsitePermit,Less than 30ft,
Laurie,NS ,2,Full,CampsitePermit,Less than 20ft,
Rissers Beach,NS ,2,Full,CampsitePermit,Less than 30ft,
Rissers Beach,NS ,2,Full,CampsitePermit,Less than 30ft,
Mira River,NS ,3,Full,CampsitePermit,Less than 20ft,
Five Islands,ON ,3,Full,CampsitePermit,Single Tent,
Rissers Beach,NS ,2,Senior,CampsitePermit,Single Tent,
Salsman,ON ,2,Full,CampsitePermit,Less than 20ft,
The Islands,NS ,2,Full,CampsitePermit,Greater than 40ft,
Smileys,NS ,2,Full,CampsitePermit,Less than 40ft,
Graves Island,NS ,2,Full,CampsitePermit,Tents,
Rissers Beach,NS ,4,Full,CampsitePermit,Less than 30ft,
Graves Island,ON ,2,Full,CampsitePermit,Less than 20ft,
The Islands,NS ,4,Full,CampsitePermit,Less than 20ft,
Rissers Beach,NS ,4,Full,CampsitePermit,Less than 40ft,
Ellenwood Lake,AB ,5,Full,CampsitePermit,Less than 40ft,
Smileys,NS ,3,Full,CampsitePermit,Less than 30ft,
Laurie,QC ,4,Senior,CampsitePermit,Single Tent,
Valleyview,QC ,2,Full,CampsitePermit,Less than 20ft,
Porters Lake,NB ,2,Full,CampsitePermit,Less than 20ft,
Graves Island,NS ,2,Full,CampsitePermit,Tents,
Thomas Raddall,NS ,3,Full,CampsitePermit,Less than 30ft,
Porters Lake,QC ,3,Full,CampsitePermit,Less than 20ft,
Rissers Beach,NS ,3,Full,CampsitePermit,Less than 30ft,
Porters Lake,QC ,2,Full,CampsitePermit,Less than 20ft,
Five Islands,NS ,4,Full,CampsitePermit,Single Tent,
Ellenwood Lake,ON ,3,Full,CampsitePermit,Single Tent,
Mira River,NS ,4,Full,CampsitePermit,Less than 20ft,
Thomas Raddall,NS ,2,Senior,CampsitePermit,Less than 30ft,
Ellenwood Lake,NS ,6,Full,CampsitePermit,Single Tent,
Cape Chignecto,NB ,2,Full,BackcountryPermit,Single Tent,
Battery,QC ,2,Full,CampsitePermit,Less than 20ft,
Caribou Munroes,NS ,3,Full,CampsitePermit,Single Tent,
Five Islands,NS ,4,Full,CampsitePermit,Single Tent,
Graves Island,NS ,1,Senior,CampsitePermit,Single Tent,
Battery,NS ,2,Full,CampsitePermit,Single Tent,
Thomas Raddall,NS ,2,Senior,CampsitePermit,Less than 30ft,
Ellenwood Lake,NS ,3,Full,CampsitePermit,Single Tent,
Rissers Beach,NS ,4,Full,CampsitePermit,Less than 30ft,
Dollar Lake,NS ,4,Full,CampsitePermit,Less than 20ft,
Graves Island,NS ,2,Full,CampsitePermit,Single Tent,
Battery,QC ,2,Full,CampsitePermit,Single Tent,
Battery,NS ,5,Full,CampsitePermit,Single Tent,
Dollar Lake,NS ,2,Full,CampsitePermit,Single Tent,
Thomas Raddall,NS ,2,Full,CampsitePermit,Less than 30ft,
Dollar Lake,NS ,2,Full,CampsitePermit,Less than 20ft,
The Islands,NS ,4,Full,CampsitePermit,Less than 20ft,
Graves Island,BC ,1,Full,CampsitePermit,Single Tent,
Graves Island,NS ,2,Full,CampsitePermit,Less than 20ft,
Caribou Munroes,NS ,3,Full,CampsitePermit,Less than 20ft,
Graves Island,NS ,2,Full,CampsitePermit,Less than 30ft,
Dollar Lake,NS ,2,Full,CampsitePermit,Less than 30ft,
Ellenwood Lake,NS ,1,Full,CampsitePermit,Single Tent,
Salsman,NS ,4,Full,CampsitePermit,Less than 40ft,
Smileys,NS ,3,Full,CampsitePermit,Less than 30ft,
Porters Lake,NS ,3,Full,CampsitePermit,Less than 20ft,
Smileys,NS ,6,Full,CampsitePermit,Less than 20ft,
Mira River,NS ,2,Full,CampsitePermit,Single Tent,
Dollar Lake,NS ,4,Full,CampsitePermit,Less than 20ft,
Thomas Raddall,NS ,3,Full,CampsitePermit,Less than 40ft,
Caribou Munroes,QC ,2,Full,CampsitePermit,Less than 20ft,
Smileys,NS ,3,Full,CampsitePermit,Less than 40ft,
Thomas Raddall,NS ,3,Full,CampsitePermit,Single Tent,
Rissers Beach,ON ,3,Full,CampsitePermit,Tents,
Smileys,NS ,2,Full,CampsitePermit,Single Tent,
Laurie,NS ,2,Full,CampsitePermit,Less than 20ft,
Porters Lake,NS ,2,Full,CampsitePermit,Tents,
Ellenwood Lake,NS ,2,Senior,CampsitePermit,Less than 30ft,
Dollar Lake,NS ,3,Full,CampsitePermit,Single Tent,
Dollar Lake,NS ,4,Full,CampsitePermit,Single Tent,
Five Islands,QC ,2,Full,CampsitePermit,Single Tent,
Porters Lake,PE ,2,Full,CampsitePermit,Less than 20ft,
Battery,ON ,2,Senior,CampsitePermit,Single Tent,
Ellenwood Lake,NS ,2,Full,CampsitePermit,Less than 30ft,
Battery,NL ,3,Full,CampsitePermit,Single Tent,
Thomas Raddall,NS ,2,Full,CampsitePermit,Single Tent,
Laurie,QC ,2,Full,CampsitePermit,Less than 30ft,
Ellenwood Lake,NS ,2,Senior,CampsitePermit,Less than 30ft,
Blomidon,NB ,2,Full,CampsitePermit,Single Tent,
Porters Lake,NS ,1,Full,CampsitePermit,Less than 20ft,
Mira River,NS ,5,Full,CampsitePermit,Less than 30ft,
Mira River,NS ,2,Full,CampsitePermit,Less than 20ft,
Five Islands,MB ,1,Full,CampsitePermit,Single Tent,
Mira River,NS ,2,Full,CampsitePermit,Less than 30ft,
Rissers Beach,NS ,3,Full,CampsitePermit,Tents,
Caribou Munroes,NS ,4,Full,CampsitePermit,Less than 20ft,
Laurie,NS ,4,Full,CampsitePermit,Single Tent,
Rissers Beach,NS ,2,Full,CampsitePermit,Less than 30ft,
Cape Chignecto,NS ,1,Full,BackcountryPermit,Single Tent,
Ellenwood Lake,NS ,2,Full,CampsitePermit,Less than 20ft,
Smileys,NS ,2,Full,CampsitePermit,Less than 30ft,
Mira River,NS ,2,Full,CampsitePermit,Less than 20ft,
Smileys,NS ,6,Full,CampsitePermit,Less than 30ft,
Caribou Munroes,NS ,4,Full,CampsitePermit,Tents,
Rissers Beach,NS ,2,Full,CampsitePermit,Less than 30ft,
Whycocomagh,BC ,4,Full,CampsitePermit,Less than 30ft,
Caribou Munroes,NS ,5,Full,CampsitePermit,Less than 30ft,
Graves Island,NS ,2,Full,CampsitePermit,Tents,
Salsman,NS ,4,Full,CampsitePermit,Less than 20ft,
Rissers Beach,NS ,2,Senior,CampsitePermit,Single Tent,
Mira River,NS ,2,Senior,CampsitePermit,Single Tent,
Five Islands,NB ,4,Full,CampsitePermit,Tents,
Dollar Lake,NS ,2,Full,CampsitePermit,Less than 30ft,
Five Islands,NS ,2,Full,CampsitePermit,Single Tent,
Dollar Lake,NS ,2,Full,CampsitePermit,Single Tent,
Blomidon,NS ,2,Full,CampsitePermit,Single Tent,
Mira River,QC ,2,Full,CampsitePermit,Less than 30ft,
Rissers Beach,NS ,5,Full,CampsitePermit,Less than 20ft,
Caribou Munroes,BC ,2,Senior,CampsitePermit,Single Tent,
Laurie,NS ,1,Full,CampsitePermit,Tents,
Mira River,NS ,2,Full,CampsitePermit,Single Tent,
Caribou Munroes,NS ,4,Full,CampsitePermit,Tents,
Rissers Beach,NS ,2,Senior,CampsitePermit,Less than 30ft,
Porters Lake,NS ,2,Full,CampsitePermit,Single Tent,
Caribou Munroes,NS ,2,Senior,CampsitePermit,Less than 30ft,
Caribou Munroes,NS ,2,Full,CampsitePermit,Less than 20ft,
Blomidon,NS ,2,Full,CampsitePermit,Single Tent,
Dollar Lake,NS ,6,Full,CampsitePermit,Tents,
Graves Island,NS ,4,Full,CampsitePermit,Less than 30ft,
Rissers Beach,NS ,2,Senior,CampsitePermit,Less than 30ft,
Five Islands,NS ,3,Full,CampsitePermit,Single Tent,
Dollar Lake,NS ,4,Full,CampsitePermit,Tents,
Rissers Beach,NS ,4,Full,CampsitePermit,Tents,
Dollar Lake,ON ,2,Full,CampsitePermit,Tents,
Caribou Munroes,NS ,2,Full,CampsitePermit,Less than 20ft,
Laurie,NS ,6,Full,CampsitePermit,Tents,
Laurie,QC ,2,Full,CampsitePermit,Single Tent,
Dollar Lake,NS ,2,Full,CampsitePermit,Less than 20ft,
Blomidon,NS ,1,Full,CampsitePermit,Single Tent,
Rissers Beach,NS ,2,Full,CampsitePermit,Less than 20ft,
Thomas Raddall,NS ,2,Full,CampsitePermit,Single Tent,
Whycocomagh,QC ,2,Full,CampsitePermit,Single Tent,
Graves Island,QC ,2,Full,CampsitePermit,Less than 30ft,
Ellenwood Lake,NS ,2,Senior,CampsitePermit,Less than 30ft,
Amherst Shore,NB ,4,Full,CampsitePermit,Less than 20ft,
Graves Island,NS ,2,Full,CampsitePermit,Single Tent,
Amherst Shore,NS ,1,Senior,CampsitePermit,Single Tent,
Mira River,NS ,3,Full,CampsitePermit,Less than 30ft,
Porters Lake,QC ,2,Full,CampsitePermit,Single Tent,
Dollar Lake,NS ,2,Full,CampsitePermit,Less than 20ft,
Blomidon,NS ,4,Full,CampsitePermit,Less than 20ft,
Blomidon,QC ,2,Senior,CampsitePermit,Single Tent,
Ellenwood Lake,NS ,3,Full,CampsitePermit,Less than 30ft,
Mira River,NS ,4,Full,CampsitePermit,Single Tent,
Amherst Shore,NS ,2,Full,CampsitePermit,Single Tent,
Five Islands,NS ,3,Full,CampsitePermit,Less than 20ft,
Mira River,AB ,2,Full,CampsitePermit,Less than 30ft,
Caribou Munroes,NS ,4,Full,CampsitePermit,Less than 20ft,
Mira River,NS ,5,Full,CampsitePermit,Single Tent,
Caribou Munroes,QC ,1,Full,CampsitePermit,Single Tent,
Laurie,NS ,1,Full,CampsitePermit,Less than 30ft,
Graves Island,NS ,4,Full,CampsitePermit,Less than 30ft,
The Islands,QC ,2,Full,CampsitePermit,Single Tent,
Cape Chignecto,NS ,2,Full,BackcountryPermit,Single Tent,
Amherst Shore,AB ,1,Senior,CampsitePermit,Less than 30ft,
Thomas Raddall,NS ,6,Full,CampsitePermit,Tents,
Porters Lake,ON ,2,Full,CampsitePermit,Less than 30ft,
Blomidon,BC ,2,Full,CampsitePermit,Single Tent,
Caribou Munroes,NS ,2,Senior,CampsitePermit,Single Tent,
Smileys,NS ,2,Veteran,CampsitePermit,Less than 20ft,
Rissers Beach,NS ,1,Full,CampsitePermit,Single Tent,
Salsman,NS ,3,Full,CampsitePermit,Tents,
Rissers Beach,NS ,4,Full,CampsitePermit,Single Tent,
Dollar Lake,NS ,5,Full,CampsitePermit,Tents,
Whycocomagh,ON ,2,Full,CampsitePermit,Single Tent,
Amherst Shore,NS ,5,Full,CampsitePermit,Less than 40ft,
Five Islands,NB ,2,Full,CampsitePermit,Less than 30ft,
Blomidon,NS ,2,Full,CampsitePermit,Single Tent,
Rissers Beach,NS ,5,Full,CampsitePermit,Tents,
Rissers Beach,NS ,2,Full,CampsitePermit,Less than 20ft,
Porters Lake,NS ,2,Full,CampsitePermit,Single Tent,
Porters Lake,NS ,4,Full,CampsitePermit,Less than 20ft,
Porters Lake,ON ,2,Full,CampsitePermit,Less than 30ft,
Mira River,NS ,2,Full,CampsitePermit,Single Tent,
Graves Island,NS ,4,Full,CampsitePermit,Single Tent,
Dollar Lake,NS ,6,Full,CampsitePermit,Tents,
Dollar Lake,NS ,5,Full,CampsitePermit,Less than 40ft,
Five Islands,NS ,2,Senior,CampsitePermit,Less than 30ft,
Ellenwood Lake,NS ,4,Full,CampsitePermit,Single Tent,
Mira River,NS ,5,Full,CampsitePermit,Single Tent,
Battery,NS ,2,Senior,CampsitePermit,Single Tent,
Whycocomagh,QC ,2,Full,CampsitePermit,Single Tent,
Amherst Shore,NB ,2,Veteran,CampsitePermit,Single Tent,
Caribou Munroes,NS ,4,Full,CampsitePermit,Single Tent,
Graves Island,ON ,4,Full,CampsitePermit,Less than 20ft,
Rissers Beach,NS ,2,Full,CampsitePermit,Less than 30ft,
The Islands,ON ,2,Full,CampsitePermit,Less than 20ft,
Caribou Munroes,ON ,3,Senior,CampsitePermit,Greater than 40ft,
Caribou Munroes,NB ,3,Full,CampsitePermit,Single Tent,
Battery,QC ,2,Full,CampsitePermit,Single Tent,
Thomas Raddall,QC ,2,Full,CampsitePermit,Single Tent,
Smileys,NS ,2,Full,CampsitePermit,Less than 20ft,
Thomas Raddall,NS ,2,Full,CampsitePermit,Single Tent,
Amherst Shore,QC ,2,Full,CampsitePermit,Single Tent,
Thomas Raddall,NS ,2,Full,CampsitePermit,Single Tent,
Mira River,NS ,2,Full,CampsitePermit,Less than 40ft,
Thomas Raddall,NS ,2,Full,CampsitePermit,Single Tent,
Mira River,QC ,2,Full,CampsitePermit,Single Tent,
Dollar Lake,NS ,4,Full,CampsitePermit,Less than 20ft,
Mira River,NS ,2,Full,CampsitePermit,Single Tent,
Graves Island,NS ,2,Full,CampsitePermit,Single Tent,
Rissers Beach,NS ,4,Full,CampsitePermit,Less than 30ft,
Caribou Munroes,NS ,4,Full,CampsitePermit,Less than 30ft,
Rissers Beach,NS ,2,Senior,CampsitePermit,Less than 20ft,
Laurie,AB ,2,Full,CampsitePermit,Less than 20ft,
Porters Lake,QC ,1,Full,CampsitePermit,Single Tent,
Dollar Lake,NS ,4,Full,CampsitePermit,Single Tent,
Caribou Munroes,NS ,4,Full,CampsitePermit,Less than 40ft,
The Islands,NS ,3,Full,CampsitePermit,Less than 30ft,
Smileys,NS ,3,Full,CampsitePermit,Single Tent,
Graves Island,NS ,2,Full,CampsitePermit,Less than 30ft,
Thomas Raddall,ON ,1,Full,CampsitePermit,Single Tent,
Mira River,QC ,4,Full,CampsitePermit,Less than 20ft,
Graves Island,NS ,2,Senior,CampsitePermit,Less than 30ft,
Laurie,ON ,2,Full,CampsitePermit,Tents,
Smileys,NS ,3,Full,CampsitePermit,Less than 20ft,
Mira River,ON ,5,Full,CampsitePermit,Less than 20ft,
Five Islands,NS ,2,Full,CampsitePermit,Single Tent,
Five Islands,BC ,5,Full,CampsitePermit,Single Tent,
Amherst Shore,NS ,1,Full,CampsitePermit,Single Tent,
Graves Island,NS ,2,Full,CampsitePermit,Less than 40ft,
Graves Island,NS ,1,Full,CampsitePermit,Single Tent,
Thomas Raddall,NS ,2,Full,CampsitePermit,Single Tent,
Valleyview,ON ,3,Full,CampsitePermit,Less than 20ft,
Ellenwood Lake,NS ,6,Full,CampsitePermit,Less than 20ft,
Whycocomagh,QC ,6,Full,YurtPermit,Tents,
Caribou Munroes,QC ,4,Full,CampsitePermit,Tents,
Porters Lake,NS ,2,Full,CampsitePermit,Single Tent,
Blomidon,NB ,1,Full,CampsitePermit,Single Tent,
Mira River,NS ,2,Full,CampsitePermit,Less than 30ft,
Graves Island,ON ,4,Full,CampsitePermit,Single Tent,
Whycocomagh,NS ,6,Full,CampsitePermit,Tents,
Mira River,NS ,5,Full,CampsitePermit,Single Tent,
Ellenwood Lake,NS ,2,Full,CampsitePermit,Single Tent,
Blomidon,QC ,1,Full,CampsitePermit,Single Tent,
Rissers Beach,NS ,2,Full,CampsitePermit,Single Tent,
The Islands,NS ,4,Full,CampsitePermit,Tents,
Ellenwood Lake,NS ,4,Full,CampsitePermit,Less than 30ft,
Rissers Beach,NS ,2,Full,CampsitePermit,Less than 40ft,
Ellenwood Lake,NS ,2,Senior,CampsitePermit,Less than 30ft,
Porters Lake,ON ,2,Full,CampsitePermit,Single Tent,
Graves Island,NS ,3,Senior,CampsitePermit,Less than 20ft,
Blomidon,NS ,2,Full,CampsitePermit,Less than 20ft,
Blomidon,NS ,4,Full,CampsitePermit,Single Tent,
Mira River,NS ,4,Full,CampsitePermit,Less than 20ft,
Thomas Raddall,NS ,4,Full,CampsitePermit,Less than 40ft,
Blomidon,NS ,2,Full,CampsitePermit,Less than 30ft,
Cape Chignecto,NS ,1,Full,BackcountryPermit,Single Tent,
Whycocomagh,ON ,1,Full,CampsitePermit,Single Tent,
Porters Lake,NS ,4,Full,CampsitePermit,Single Tent,
Porters Lake,NS ,2,Full,CampsitePermit,Less than 30ft,
Caribou Munroes,BC ,2,Full,CampsitePermit,Single Tent,
Blomidon,NS ,2,Full,CampsitePermit,Single Tent,
Caribou Munroes,QC ,2,Full,CampsitePermit,Less than 30ft,
Salsman,NS ,2,Full,CampsitePermit,Single Tent,
Rissers Beach,NS ,3,Full,CampsitePermit,Single Tent,
Five Islands,NS ,4,Full,CampsitePermit,Single Tent,
Graves Island,NS ,4,Full,CampsitePermit,Single Tent,
Laurie,NS ,2,Full,CampsitePermit,Single Tent,
Porters Lake,NS ,6,Full,CampsitePermit,Less than 20ft,
Blomidon,NS ,4,Full,CampsitePermit,Tents,
Whycocomagh,QC ,2,Full,CampsitePermit,Single Tent,
Amherst Shore,NB ,2,Senior,CampsitePermit,Less than 30ft,
Battery,ON ,2,Full,CampsitePermit,Single Tent,
Caribou Munroes,QC ,2,Full,CampsitePermit,Single Tent,
Mira River,QC ,2,Full,CampsitePermit,Single Tent,
Amherst Shore,QC ,2,Full,CampsitePermit,Single Tent,
Blomidon,QC ,2,Full,CampsitePermit,Single Tent,
Battery,BC ,2,Senior,CampsitePermit,Single Tent,
Valleyview,QC ,2,Full,CampsitePermit,Single Tent,
Laurie,ON ,2,Full,CampsitePermit,Single Tent,
Smileys,NS ,2,Senior,CampsitePermit,Single Tent,
Rissers Beach,NS ,2,Full,CampsitePermit,Less than 30ft,
Rissers Beach,NS ,2,Senior,CampsitePermit,Less than 20ft,
Porters Lake,NS ,4,Full,CampsitePermit,Tents,
Rissers Beach,NS ,5,Full,CampsitePermit,Less than 20ft,
Mira River,NS ,2,Full,CampsitePermit,Less than 20ft,
Rissers Beach,NS ,2,Full,CampsitePermit,Single Tent,
Dollar Lake,NS ,2,Full,CampsitePermit,Single Tent,
Laurie,ON ,5,Full,CampsitePermit,Less than 20ft,
Dollar Lake,ON ,2,Full,CampsitePermit,Less than 20ft,
Valleyview,BC ,2,Full,CampsitePermit,Single Tent,
Mira River,NS ,1,Senior,CampsitePermit,Single Tent,
Graves Island,NS ,4,Full,CampsitePermit,Less than 30ft,
Dollar Lake,NS ,4,Full,CampsitePermit,Single Tent,
Caribou Munroes,QC ,2,Full,CampsitePermit,Single Tent,
Valleyview,NS ,6,Full,CampsitePermit,Less than 20ft,
Graves Island,NS ,6,Full,CampsitePermit,Tents,
Laurie,NB ,3,Full,CampsitePermit,Less than 20ft,
Porters Lake,NS ,4,Full,CampsitePermit,Less than 20ft,
Caribou Munroes,NS ,4,Full,CampsitePermit,Less than 30ft,
Caribou Munroes,QC ,2,Senior,CampsitePermit,Less than 20ft,
Smileys,NS ,2,Veteran,CampsitePermit,Single Tent,
Graves Island,NS ,2,Full,CampsitePermit,Less than 20ft,
Whycocomagh,NS ,2,Full,YurtPermit,Tents,
Thomas Raddall,NS ,2,Full,CampsitePermit,Less than 40ft,
Graves Island,NS ,2,Full,CampsitePermit,Less than 20ft,
Caribou Munroes,NS ,6,Full,CampsitePermit,Single Tent,
Dollar Lake,NS ,2,Full,CampsitePermit,Single Tent,
Valleyview,NS ,2,Full,CampsitePermit,Single Tent,
Graves Island,NS ,2,Full,CampsitePermit,Less than 30ft,
Cape Chignecto,NS ,2,Full,BackcountryPermit,Single Tent,
Caribou Munroes,BC ,2,Senior,CampsitePermit,Less than 20ft,
Graves Island,NS ,2,Full,CampsitePermit,Single Tent,
Smileys,NS ,2,Full,CampsitePermit,Less than 30ft,
Porters Lake,NS ,2,Senior,CampsitePermit,Less than 40ft,
Rissers Beach,NS ,2,Full,CampsitePermit,Less than 30ft,
Rissers Beach,NS ,4,Full,CampsitePermit,Less than 30ft,
Caribou Munroes,NS ,5,Full,CampsitePermit,Less than 20ft,
Graves Island,NS ,2,Senior,CampsitePermit,Less than 30ft,
Caribou Munroes,NS ,3,Senior,CampsitePermit,Less than 30ft,
Amherst Shore,NS ,1,Senior,CampsitePermit,Less than 20ft,
Caribou Munroes,ON ,4,Full,CampsitePermit,Single Tent,
Ellenwood Lake,ON ,2,Full,CampsitePermit,Single Tent,
Rissers Beach,NS ,3,Senior,CampsitePermit,Less than 30ft,
Five Islands,NS ,2,Full,CampsitePermit,Less than 20ft,
Graves Island,NS ,2,Full,CampsitePermit,Less than 20ft,
Thomas Raddall,NS ,3,Full,CampsitePermit,Less than 20ft,
Mira River,NS ,2,Full,CampsitePermit,Single Tent,
Five Islands,NS ,2,Senior,CampsitePermit,Less than 30ft,
Smileys,NS ,2,Senior,CampsitePermit,Less than 20ft,
Porters Lake,QC ,2,Full,CampsitePermit,Single Tent,
Smileys,NS ,4,Full,CampsitePermit,Less than 20ft,
Dollar Lake,NS ,4,Full,CampsitePermit,Tents,
Mira River,NS ,5,Full,CampsitePermit,Tents,
Blomidon,NS ,2,Full,CampsitePermit,Single Tent,
Dollar Lake,NS ,6,Full,CampsitePermit,Tents,
Battery,NS ,4,Full,CampsitePermit,Tents,
Thomas Raddall,NS ,2,Full,CampsitePermit,Single Tent,
Mira River,NS ,5,Full,CampsitePermit,Less than 40ft,
Porters Lake,NS ,5,Full,CampsitePermit,Tents,
Laurie,NS ,2,Full,CampsitePermit,Less than 30ft,
Battery,AB ,2,Full,CampsitePermit,Single Tent,
Mira River,BC ,2,Full,CampsitePermit,Single Tent,
Porters Lake,NS ,3,Full,CampsitePermit,Single Tent,
Rissers Beach,NS ,2,Full,CampsitePermit,Less than 30ft,
Dollar Lake,NS ,2,Full,CampsitePermit,Single Tent,
Salsman,NS ,2,Senior,CampsitePermit,Less than 30ft,
Laurie,NS ,6,Full,CampsitePermit,Less than 20ft,
Rissers Beach,NS ,2,Senior,CampsitePermit,Less than 20ft,
Graves Island,NS ,1,Full,CampsitePermit,Single Tent,
Smileys,NS ,1,Full,CampsitePermit,Tents,
Mira River,ON ,2,Full,CampsitePermit,Single Tent,
Mira River,NS ,2,Full,CampsitePermit,Less than 30ft,
Laurie,NS ,3,Full,CampsitePermit,Single Tent,
Laurie,NB ,2,Full,CampsitePermit,Less than 30ft,
Ellenwood Lake,NS ,4,Full,CampsitePermit,Less than 30ft,
Amherst Shore,NS ,6,Full,CampsitePermit,Tents,
Blomidon,NS ,2,Full,CampsitePermit,Single Tent,
Graves Island,ON ,2,Senior,CampsitePermit,Less than 40ft,
Mira River,QC ,5,Full,CampsitePermit,Single Tent,
Mira River,NS ,2,Full,CampsitePermit,Less than 30ft,
Five Islands,NS ,3,Full,CampsitePermit,Single Tent,
Smileys,NS ,3,Full,CampsitePermit,Single Tent,
Mira River,QC ,2,Full,CampsitePermit,Single Tent,
Rissers Beach,NS ,6,Full,CampsitePermit,Less than 30ft,
Caribou Munroes,QC ,2,Full,CampsitePermit,Single Tent,
Caribou Munroes,ON ,2,Full,CampsitePermit,Single Tent,
Ellenwood Lake,NS ,4,Full,CampsitePermit,Less than 20ft,
Thomas Raddall,NS ,6,Full,CampsitePermit,Tents,
Graves Island,NS ,1,Full,CampsitePermit,Less than 30ft,
Caribou Munroes,PE ,4,Full,CampsitePermit,Single Tent,
Graves Island,ON ,4,Full,CampsitePermit,Less than 20ft,
Graves Island,NS ,2,Full,CampsitePermit,Single Tent,
Caribou Munroes,NS ,2,Full,CampsitePermit,Less than 30ft,
Battery,QC ,5,Full,CampsitePermit,Single Tent,
Five Islands,NS ,2,Full,CampsitePermit,Single Tent,
Battery,QC ,2,Full,CampsitePermit,Single Tent,
Valleyview,BC ,2,Senior,CampsitePermit,Less than 20ft,
Cape Chignecto,NS ,2,Full,BackcountryPermit,Single Tent,
Thomas Raddall,NS ,2,Full,CampsitePermit,Single Tent,
Caribou Munroes,ON ,4,Full,CampsitePermit,Single Tent,
Thomas Raddall,NS ,2,Full,CampsitePermit,Single Tent,
Thomas Raddall,NS ,2,Full,CampsitePermit,Less than 30ft,
Dollar Lake,NS ,2,Full,CampsitePermit,Single Tent,
Whycocomagh,PE ,3,Full,CampsitePermit,Less than 30ft,
Dollar Lake,NS ,2,Full,CampsitePermit,Single Tent,
Mira River,NL ,4,Full,CampsitePermit,Single Tent,
Cape Chignecto,NS ,2,Full,BackcountryPermit,Single Tent,
Graves Island,QC ,1,Full,CampsitePermit,Single Tent,
Dollar Lake,NS ,2,Full,CampsitePermit,Single Tent,
Battery,NS ,5,Full,CampsitePermit,Single Tent,
Amherst Shore,ON ,2,Senior,CampsitePermit,Single Tent,
Caribou Munroes,ON ,1,Full,CampsitePermit,Single Tent,
Dollar Lake,NS ,5,Full,CampsitePermit,Tents,
Caribou Munroes,NS ,2,Full,CampsitePermit,Single Tent,
Whycocomagh,QC ,2,Full,CampsitePermit,Tents,
Ellenwood Lake,NS ,2,Full,CampsitePermit,Single Tent,
Porters Lake,NS ,4,Full,CampsitePermit,Tents,
Smileys,NS ,4,Full,CampsitePermit,Single Tent,
Rissers Beach,NS ,2,Full,CampsitePermit,Less than 40ft,
Amherst Shore,QC ,2,Senior,CampsitePermit,Single Tent,
Caribou Munroes,ON ,2,Full,CampsitePermit,Less than 30ft,
Laurie,ON ,2,Senior,CampsitePermit,Single Tent,
Caribou Munroes,NS ,2,Full,CampsitePermit,Single Tent,
The Islands,NS ,2,Full,CampsitePermit,Less than 20ft,
Rissers Beach,AB ,3,Full,CampsitePermit,Single Tent,
Mira River,NB ,4,Full,CampsitePermit,Tents,
Blomidon,NS ,5,Full,CampsitePermit,Tents,
Whycocomagh,NS ,6,Full,YurtPermit,Tents,
Mira River,NS ,6,Senior,CampsitePermit,Less than 30ft,
Rissers Beach,NS ,3,Full,CampsitePermit,Less than 40ft,
The Islands,NS ,2,Full,CampsitePermit,Less than 20ft,
Graves Island,ON ,4,Full,CampsitePermit,Single Tent,
Laurie,NS ,3,Full,CampsitePermit,Less than 20ft,
Ellenwood Lake,NS ,3,Full,CampsitePermit,Single Tent,
Porters Lake,NS ,3,Full,CampsitePermit,Single Tent,
Smileys,NS ,5,Full,CampsitePermit,Tents,
Porters Lake,QC ,2,Full,CampsitePermit,Less than 20ft,
Porters Lake,NS ,4,Full,CampsitePermit,Tents,
Porters Lake,BC ,2,Full,CampsitePermit,Less than 30ft,
Caribou Munroes,QC ,1,Senior,CampsitePermit,Single Tent,
The Islands,QC ,2,Senior,CampsitePermit,Less than 20ft,
Whycocomagh,QC ,1,Full,CampsitePermit,Single Tent,
Amherst Shore,NS ,4,Full,CampsitePermit,Tents,
Thomas Raddall,NB ,3,Full,CampsitePermit,Single Tent,
Whycocomagh,ON ,2,Full,CampsitePermit,Less than 20ft,
Rissers Beach,NS ,4,Full,CampsitePermit,Single Tent,
Rissers Beach,NS ,3,Full,CampsitePermit,Single Tent,
Ellenwood Lake,NS ,3,Full,CampsitePermit,Less than 20ft,
Porters Lake,AB ,2,Full,CampsitePermit,Less than 30ft,
Cape Chignecto,NS ,3,Full,BackcountryPermit,Single Tent,
Rissers Beach,NS ,2,Senior,CampsitePermit,Less than 20ft,
Smileys,NS ,2,Full,CampsitePermit,Less than 40ft,
Blomidon,NS ,2,Full,CampsitePermit,Single Tent,
Ellenwood Lake,QC ,3,Full,CampsitePermit,Single Tent,
The Islands,NS ,3,Full,CampsitePermit,Less than 20ft,
Caribou Munroes,NS ,4,Full,CampsitePermit,Less than 30ft,
Dollar Lake,NS ,5,Full,CampsitePermit,Single Tent,
Graves Island,NB ,3,Full,CampsitePermit,Less than 40ft,
Five Islands,NB ,2,Full,CampsitePermit,Single Tent,
Smileys,NS ,3,Full,CampsitePermit,Less than 20ft,
Rissers Beach,NS ,4,Full,CampsitePermit,Less than 30ft,
Rissers Beach,NS ,2,Full,CampsitePermit,Less than 20ft,
Graves Island,NS ,2,Senior,CampsitePermit,Less than 30ft,
Dollar Lake,NS ,1,Full,CampsitePermit,Single Tent,
The Islands,NS ,4,Full,CampsitePermit,Less than 30ft,
Battery,NS ,4,Senior,CampsitePermit,Less than 30ft,
Smileys,NS ,2,Full,CampsitePermit,Less than 30ft,
Thomas Raddall,NS ,5,Full,CampsitePermit,Less than 30ft,
Dollar Lake,NS ,2,Full,CampsitePermit,Single Tent,
Mira River,NB ,6,Full,CampsitePermit,Single Tent,
Thomas Raddall,NS ,2,Full,CampsitePermit,Less than 30ft,
Mira River,NS ,2,Full,CampsitePermit,Single Tent,
Battery,QC ,2,Senior,CampsitePermit,Less than 20ft,
Mira River,QC ,5,Full,CampsitePermit,Tents,
Graves Island,NS ,2,Full,CampsitePermit,Less than 40ft,
Battery,ON ,1,Full,CampsitePermit,Single Tent,
Battery,ON ,2,Full,CampsitePermit,Single Tent,
Caribou Munroes,QC ,2,Full,CampsitePermit,Single Tent,
Mira River,NS ,4,Full,CampsitePermit,Less than 30ft,
Whycocomagh,NS ,6,Full,CampsitePermit,Single Tent,
Five Islands,BC ,2,Senior,CampsitePermit,Less than 20ft,
Caribou Munroes,NS ,2,Full,CampsitePermit,Single Tent,
Ellenwood Lake,ON ,2,Senior,CampsitePermit,Single Tent,
Dollar Lake,NS ,4,Full,CampsitePermit,Single Tent,
Graves Island,AB ,4,Full,CampsitePermit,Single Tent,
Mira River,NB ,6,Full,CampsitePermit,Tents,
Caribou Munroes,NS ,2,Full,CampsitePermit,Single Tent,
Five Islands,NS ,6,Full,CampsitePermit,Tents,
Thomas Raddall,NS ,2,Senior,CampsitePermit,Less than 20ft,
Thomas Raddall,NS ,4,Full,CampsitePermit,Single Tent,
Whycocomagh,MB ,2,Full,CampsitePermit,Single Tent,
Graves Island,NS ,2,Full,CampsitePermit,Single Tent,
Amherst Shore,NB ,2,Full,CampsitePermit,Single Tent,
Blomidon,NS ,2,Full,CampsitePermit,Single Tent,
Rissers Beach,NS ,2,Full,CampsitePermit,Less than 20ft,
Mira River,QC ,4,Full,CampsitePermit,Single Tent,
Blomidon,NS ,2,Senior,CampsitePermit,Less than 20ft,
Laurie,NS ,2,Full,CampsitePermit,Less than 20ft,
Blomidon,PE ,1,Full,CampsitePermit,Single Tent,
Five Islands,ON ,2,Senior,CampsitePermit,Less than 30ft,
Graves Island,NS ,5,Full,CampsitePermit,Single Tent,
Graves Island,NS ,2,Full,CampsitePermit,Single Tent,
Ellenwood Lake,BC ,5,Full,CampsitePermit,Single Tent,
Mira River,ON ,5,Full,CampsitePermit,Single Tent,
Mira River,QC ,2,Full,CampsitePermit,Single Tent,
Whycocomagh,QC ,2,Full,CampsitePermit,Less than 30ft,
Caribou Munroes,NS ,2,Full,CampsitePermit,Less than 30ft,
Amherst Shore,QC ,3,Full,CampsitePermit,Single Tent,
Graves Island,NS ,4,Senior,CampsitePermit,Less than 20ft,
Amherst Shore,ON ,3,Full,CampsitePermit,Single Tent,
Blomidon,NS ,2,Full,CampsitePermit,Single Tent,
Whycocomagh,ON ,2,Full,CampsitePermit,Single Tent,
Thomas Raddall,QC ,1,Full,CampsitePermit,Single Tent,
Battery,NS ,3,Full,CampsitePermit,Single Tent,
The Islands,NS ,1,Full,CampsitePermit,Single Tent,
Salsman,NS ,4,Full,CampsitePermit,Single Tent,
Porters Lake,NS ,6,Full,CampsitePermit,Tents,
Laurie,NS ,6,Full,CampsitePermit,Tents,
Caribou Munroes,NS ,2,Full,CampsitePermit,Less than 20ft,
The Islands,QC ,2,Full,CampsitePermit,Less than 30ft,
Laurie,MB ,2,Full,CampsitePermit,Single Tent,
Graves Island,NS ,3,Full,CampsitePermit,Less than 30ft,
Graves Island,NS ,2,Full,CampsitePermit,Less than 20ft,
Ellenwood Lake,NS ,2,Full,CampsitePermit,Less than 30ft,
Whycocomagh,ON ,2,Full,CampsitePermit,Single Tent,
Graves Island,NS ,2,Full,CampsitePermit,Less than 20ft,
Thomas Raddall,NS ,2,Full,CampsitePermit,Less than 30ft,
Whycocomagh,NS ,2,Full,CampsitePermit,Single Tent,
Blomidon,NB ,6,Full,CampsitePermit,Tents,
Thomas Raddall,NS ,3,Full,CampsitePermit,Single Tent,
Porters Lake,NS ,2,Full,CampsitePermit,Single Tent,
Rissers Beach,NS ,2,Full,CampsitePermit,Single Tent,
Caribou Munroes,NS ,6,Full,CampsitePermit,Less than 20ft,
The Islands,ON ,3,Full,CampsitePermit,Less than 30ft,
Rissers Beach,NS ,2,Full,CampsitePermit,Less than 30ft,
Graves Island,NS ,2,Full,CampsitePermit,Less than 20ft,
Graves Island,NS ,1,Full,CampsitePermit,Single Tent,
Amherst Shore,QC ,2,Full,CampsitePermit,Less than 20ft,
Graves Island,NS ,1,Full,CampsitePermit,Single Tent,
Rissers Beach,NS ,3,Full,CampsitePermit,Tents,
Graves Island,QC ,2,Senior,CampsitePermit,Less than 20ft,
Thomas Raddall,NS ,2,Senior,CampsitePermit,Less than 30ft,
Smileys,NS ,2,Full,CampsitePermit,Less than 20ft,
Caribou Munroes,NS ,3,Full,CampsitePermit,Single Tent,
Salsman,NS ,2,Full,CampsitePermit,Single Tent,
Porters Lake,NS ,2,Full,CampsitePermit,Less than 30ft,
Graves Island,NS ,2,Senior,CampsitePermit,Less than 30ft,
Graves Island,NS ,2,Full,CampsitePermit,Less than 20ft,
Rissers Beach,NS ,4,Full,CampsitePermit,Less than 30ft,
Amherst Shore,NS ,4,Veteran,CampsitePermit,Greater than 40ft,
Caribou Munroes,NS ,2,Full,CampsitePermit,Single Tent,
Caribou Munroes,NS ,2,Full,CampsitePermit,Single Tent,
Smileys,NS ,5,Full,CampsitePermit,Less than 40ft,
Rissers Beach,NS ,4,Senior,CampsitePermit,Less than 20ft,
Whycocomagh,ON ,3,Full,CampsitePermit,Tents,
Laurie,NS ,1,Full,CampsitePermit,Single Tent,
Mira River,NS ,6,Full,CampsitePermit,Less than 30ft,
Smileys,NS ,4,Full,CampsitePermit,Less than 30ft,
Blomidon,NS ,4,Full,CampsitePermit,Single Tent,
Dollar Lake,QC ,2,Senior,CampsitePermit,Single Tent,
Battery,QC ,2,Full,CampsitePermit,Less than 20ft,
Laurie,NS ,6,Full,CampsitePermit,Tents,
Dollar Lake,NS ,3,Full,CampsitePermit,Single Tent,
Rissers Beach,PE ,4,Full,CampsitePermit,Less than 30ft,
Rissers Beach,NS ,4,Full,CampsitePermit,Less than 20ft,
Dollar Lake,NS ,2,Full,CampsitePermit,Single Tent,
Dollar Lake,ON ,2,Full,CampsitePermit,Single Tent,
Caribou Munroes,NS ,3,Full,CampsitePermit,Tents,
Amherst Shore,NS ,1,Senior,CampsitePermit,Single Tent,
Caribou Munroes,NS ,4,Full,CampsitePermit,Single Tent,
Blomidon,NS ,3,Full,CampsitePermit,Less than 20ft,
Dollar Lake,NS ,1,Full,CampsitePermit,Tents,
Ellenwood Lake,QC ,2,Full,CampsitePermit,Less than 20ft,
Salsman,NS ,2,Full,CampsitePermit,Less than 20ft,
Graves Island,ON ,4,Full,CampsitePermit,Less than 30ft,
Porters Lake,NS ,3,Full,CampsitePermit,Single Tent,
Smileys,NS ,2,Full,CampsitePermit,Less than 40ft,
Laurie,NS ,5,Full,CampsitePermit,Less than 20ft,
Caribou Munroes,QC ,3,Full,CampsitePermit,Less than 20ft,
Graves Island,NS ,2,Full,CampsitePermit,Single Tent,
Valleyview,ON ,2,Full,CampsitePermit,Single Tent,
Blomidon,NS ,1,Full,CampsitePermit,Single Tent,
Caribou Munroes,QC ,2,Full,CampsitePermit,Single Tent,
Caribou Munroes,NS ,4,Veteran,CampsitePermit,Tents,
Mira River,NS ,2,Full,CampsitePermit,Single Tent,
Mira River,NS ,2,Full,CampsitePermit,Single Tent,
Dollar Lake,NS ,3,Full,CampsitePermit,Single Tent,
Caribou Munroes,NS ,2,Full,CampsitePermit,Less than 30ft,
Blomidon,NS ,2,Full,CampsitePermit,Single Tent,
Porters Lake,NS ,2,Full,CampsitePermit,Less than 30ft,
Smileys,NS ,2,Full,CampsitePermit,Less than 40ft,
Caribou Munroes,NS ,3,Full,CampsitePermit,Single Tent,
Whycocomagh,NS ,4,Full,CampsitePermit,Less than 30ft,
Battery,ON ,3,Full,CampsitePermit,Less than 30ft,
Rissers Beach,NS ,2,Full,CampsitePermit,Less than 30ft,
Graves Island,NS ,3,Full,CampsitePermit,Less than 40ft,
Graves Island,BC ,1,Full,CampsitePermit,Single Tent,
Caribou Munroes,NS ,2,Full,CampsitePermit,Single Tent,
Graves Island,NS ,6,Full,CampsitePermit,Tents,
Dollar Lake,NS ,2,Full,CampsitePermit,Less than 20ft,
Whycocomagh,BC ,2,Full,CampsitePermit,Less than 30ft,
Battery,NS ,2,Full,CampsitePermit,Single Tent,
Dollar Lake,NS ,2,Full,CampsitePermit,Tents,
Caribou Munroes,NS ,6,Full,CampsitePermit,Tents,
Dollar Lake,NS ,6,Full,CampsitePermit,Less than 20ft,
Ellenwood Lake,BC ,1,Full,CampsitePermit,Single Tent,
Dollar Lake,NS ,4,Full,CampsitePermit,Tents,
Thomas Raddall,QC ,2,Full,CampsitePermit,Single Tent,
Caribou Munroes,QC ,2,Full,CampsitePermit,Less than 30ft,
Porters Lake,QC ,3,Senior,CampsitePermit,Single Tent,
Rissers Beach,NS ,2,Senior,CampsitePermit,Less than 30ft,
Ellenwood Lake,NS ,2,Full,CampsitePermit,Single Tent,
Dollar Lake,NS ,2,Full,CampsitePermit,Single Tent,
Thomas Raddall,NS ,1,Full,CampsitePermit,Single Tent,
Smileys,ON ,2,Senior,CampsitePermit,Less than 20ft,
Rissers Beach,NS ,2,Full,CampsitePermit,Less than 30ft,
Porters Lake,NS ,3,Full,CampsitePermit,Single Tent,
The Islands,NS ,2,Full,CampsitePermit,Less than 30ft,
Caribou Munroes,NS ,6,Full,CampsitePermit,Tents,
Graves Island,NS ,2,Full,CampsitePermit,Less than 30ft,
Graves Island,NS ,2,Full,CampsitePermit,Less than 30ft,
Battery,MB ,1,Senior,CampsitePermit,Less than 20ft,
Rissers Beach,NS ,2,Full,CampsitePermit,Tents,
Blomidon,NS ,2,Full,CampsitePermit,Single Tent,
Rissers Beach,QC ,2,Full,CampsitePermit,Single Tent,
Graves Island,NS ,1,Full,CampsitePermit,Less than 40ft,
Caribou Munroes,ON ,2,Senior,CampsitePermit,Less than 30ft,
Amherst Shore,NS ,4,Full,CampsitePermit,Single Tent,
Five Islands,NS ,2,Full,CampsitePermit,Single Tent,
Caribou Munroes,NS ,2,Full,CampsitePermit,Less than 20ft,
Five Islands,NB ,2,Full,CampsitePermit,Single Tent,
Dollar Lake,NS ,2,Full,CampsitePermit,Single Tent,
Mira River,NS ,2,Full,CampsitePermit,Less than 20ft,
Blomidon,QC ,1,Full,CampsitePermit,Single Tent,
Smileys,NS ,5,Full,CampsitePermit,Tents,
Ellenwood Lake,NS ,4,Full,CampsitePermit,Less than 20ft,
Porters Lake,NS ,2,Full,CampsitePermit,Less than 30ft,
Caribou Munroes,NS ,5,Full,CampsitePermit,Less than 30ft,
Dollar Lake,NS ,3,Full,CampsitePermit,Tents,
Laurie,NS ,2,Full,CampsitePermit,Less than 30ft,
The Islands,NS ,2,Senior,CampsitePermit,Less than 30ft,
The Islands,NS ,2,Senior,CampsitePermit,Less than 20ft,
Mira River,QC ,2,Full,CampsitePermit,Single Tent,
Caribou Munroes,NS ,2,Senior,CampsitePermit,Greater than 40ft,
Five Islands,NS ,2,Senior,CampsitePermit,Less than 40ft,
Thomas Raddall,NS ,2,Full,CampsitePermit,Single Tent,
Blomidon,NS ,3,Full,CampsitePermit,Single Tent,
Valleyview,NS ,2,Full,CampsitePermit,Single Tent,
Thomas Raddall,NS ,3,Full,CampsitePermit,Tents,
Graves Island,PE ,2,Senior,CampsitePermit,Less than 20ft,
Smileys,NS ,4,Full,CampsitePermit,Less than 30ft,
Smileys,NS ,6,Full,CampsitePermit,Tents,
Caribou Munroes,NS ,2,Full,CampsitePermit,Single Tent,
Mira River,NS ,2,Full,CampsitePermit,Less than 30ft,
Salsman,NS ,4,Full,CampsitePermit,Less than 30ft,
Rissers Beach,NS ,4,Full,CampsitePermit,Less than 30ft,
Laurie,NS ,5,Full,CampsitePermit,Single Tent,
Smileys,NS ,4,Full,CampsitePermit,Less than 30ft,
Amherst Shore,BC ,2,Full,CampsitePermit,Less than 20ft,
Thomas Raddall,BC ,2,Full,CampsitePermit,Single Tent,
Mira River,NS ,4,Full,CampsitePermit,Less than 30ft,
Cape Chignecto,NB ,3,Full,BackcountryPermit,Single Tent,
Caribou Munroes,NS ,2,Senior,CampsitePermit,Less than 30ft,
Battery,ON ,4,Full,CampsitePermit,Single Tent,
Valleyview,NS ,2,Full,CampsitePermit,Single Tent,
Mira River,NS ,2,Full,CampsitePermit,Less than 30ft,
Laurie,ON ,6,Full,CampsitePermit,Less than 20ft,
Ellenwood Lake,NS ,2,Full,CampsitePermit,Less than 30ft,
Rissers Beach,NS ,2,Full,CampsitePermit,Less than 30ft,
Mira River,NS ,6,Full,CampsitePermit,Less than 30ft,
Dollar Lake,NS ,2,Full,CampsitePermit,Single Tent,
Porters Lake,NS ,4,Full,CampsitePermit,Single Tent,
Blomidon,ON ,2,Full,CampsitePermit,Less than 20ft,
Caribou Munroes,AB ,1,Full,CampsitePermit,Single Tent,
Cape Chignecto,NS ,2,Full,BackcountryPermit,Single Tent,
Graves Island,QC ,2,Senior,CampsitePermit,Single Tent,
Porters Lake,NS ,4,Veteran,CampsitePermit,Less than 30ft,
Blomidon,ON ,4,Full,CampsitePermit,Single Tent,
Blomidon,NS ,2,Full,CampsitePermit,Less than 20ft,
Dollar Lake,NS ,3,Full,CampsitePermit,Single Tent,
The Islands,ON ,1,Full,CampsitePermit,Less than 30ft,
Caribou Munroes,NS ,3,Full,CampsitePermit,Less than 20ft,
Laurie,NS ,2,Senior,CampsitePermit,Less than 20ft,
Rissers Beach,NS ,3,Full,CampsitePermit,Single Tent,
Ellenwood Lake,NS ,2,Full,CampsitePermit,Single Tent,
Caribou Munroes,NS ,2,Full,CampsitePermit,Single Tent,
Dollar Lake,NS ,4,Full,CampsitePermit,Tents,
Laurie,BC ,1,Full,CampsitePermit,Less than 30ft,
Mira River,NS ,2,Full,CampsitePermit,Less than 20ft,
Graves Island,NS ,2,Full,CampsitePermit,Single Tent,
Graves Island,NS ,2,Full,CampsitePermit,Greater than 40ft,
Rissers Beach,NS ,4,Senior,CampsitePermit,Tents,
The Islands,NS ,2,Full,CampsitePermit,Single Tent,
Porters Lake,NB ,2,Full,CampsitePermit,Single Tent,
Ellenwood Lake,NS ,6,Full,CampsitePermit,Tents,
Graves Island,NS ,1,Full,CampsitePermit,Single Tent,
Blomidon,NS ,2,Full,CampsitePermit,Tents,
Blomidon,NS ,4,Full,CampsitePermit,Single Tent,
Amherst Shore,QC ,2,Full,CampsitePermit,Less than 30ft,
Graves Island,NS ,1,Full,CampsitePermit,Single Tent,
Amherst Shore,NS ,2,Senior,CampsitePermit,Less than 20ft,
Rissers Beach,ON ,2,Full,CampsitePermit,Single Tent,
Smileys,NS ,2,Senior,CampsitePermit,Less than 30ft,
Caribou Munroes,NS ,3,Full,CampsitePermit,Single Tent,
Blomidon,NS ,4,Full,CampsitePermit,Single Tent,
Rissers Beach,ON ,2,Full,CampsitePermit,Less than 20ft,
Porters Lake,NS ,4,Full,CampsitePermit,Single Tent,
Five Islands,NS ,2,Full,CampsitePermit,Single Tent,
Rissers Beach,NS ,6,Full,CampsitePermit,Tents,
Caribou Munroes,NS ,3,Full,CampsitePermit,Single Tent,
Mira River,QC ,5,Full,CampsitePermit,Single Tent,
Mira River,ON ,2,Full,CampsitePermit,Single Tent,
Porters Lake,NS ,3,Full,CampsitePermit,Less than 30ft,
Rissers Beach,NS ,4,Senior,CampsitePermit,Less than 30ft,
Mira River,NS ,2,Full,CampsitePermit,Single Tent,
The Islands,NS ,2,Full,CampsitePermit,Single Tent,
Smileys,NS ,4,Full,CampsitePermit,Less than 30ft,
Smileys,NS ,2,Full,CampsitePermit,Less than 20ft,
Graves Island,NS ,2,Full,CampsitePermit,Less than 20ft,
Mira River,QC ,2,Full,CampsitePermit,Single Tent,
Graves Island,NS ,3,Full,CampsitePermit,Less than 20ft,
Blomidon,NS ,2,Full,CampsitePermit,Single Tent,
Thomas Raddall,ON ,1,Full,CampsitePermit,Single Tent,
Graves Island,NS ,2,Senior,CampsitePermit,Less than 40ft,
Thomas Raddall,NS ,1,Full,CampsitePermit,Single Tent,
Caribou Munroes,NS ,2,Full,CampsitePermit,Single Tent,
Mira River,QC ,2,Full,CampsitePermit,Single Tent,
Graves Island,NS ,4,Full,CampsitePermit,Less than 20ft,
Ellenwood Lake,NS ,7,Full,CampsitePermit,Less than 20ft,
Amherst Shore,ON ,2,Senior,CampsitePermit,Single Tent,
Graves Island,ON ,1,Full,CampsitePermit,Single Tent,
Graves Island,QC ,4,Full,CampsitePermit,Tents,
Porters Lake,NS ,2,Full,CampsitePermit,Single Tent,
Dollar Lake,NS ,4,Full,CampsitePermit,Single Tent,
Whycocomagh,ON ,2,Senior,CampsitePermit,Less than 20ft,
Valleyview,ON ,2,Senior,CampsitePermit,Single Tent,
Thomas Raddall,NS ,2,Full,CampsitePermit,Less than 20ft,
Cape Chignecto,NS ,2,Full,BackcountryPermit,Single Tent,
Caribou Munroes,QC ,2,Full,CampsitePermit,Less than 30ft,
Laurie,NS ,2,Full,CampsitePermit,Single Tent,
Laurie,ON ,2,Full,CampsitePermit,Single Tent,
Five Islands,QC ,2,Full,CampsitePermit,Single Tent,
Mira River,NS ,2,Full,CampsitePermit,Single Tent,
Amherst Shore,NS ,4,Full,CampsitePermit,Less than 20ft,
Rissers Beach,NS ,4,Full,CampsitePermit,Single Tent,
Blomidon,NS ,4,Veteran,CampsitePermit,Single Tent,
Porters Lake,NS ,3,Full,CampsitePermit,Less than 30ft,
Mira River,NS ,5,Full,CampsitePermit,Single Tent,
Blomidon,NS ,2,Full,CampsitePermit,Single Tent,
Laurie,NS ,5,Full,CampsitePermit,Single Tent,
Rissers Beach,NS ,2,Full,CampsitePermit,Single Tent,
Rissers Beach,ON ,3,Full,CampsitePermit,Single Tent,
Dollar Lake,NS ,4,Full,CampsitePermit,Less than 20ft,
Porters Lake,QC ,2,Full,CampsitePermit,Single Tent,
Five Islands,NB ,2,Full,CampsitePermit,Single Tent,
Dollar Lake,NS ,6,Full,CampsitePermit,Tents,
Porters Lake,NS ,2,Full,CampsitePermit,Single Tent,
Porters Lake,NS ,2,Full,CampsitePermit,Single Tent,
Thomas Raddall,NS ,4,Full,CampsitePermit,Less than 20ft,
Mira River,ON ,4,Full,CampsitePermit,Less than 20ft,
Caribou Munroes,ON ,3,Full,CampsitePermit,Single Tent,
Dollar Lake,NS ,2,Full,CampsitePermit,Less than 20ft,
Five Islands,NS ,4,Full,CampsitePermit,Less than 20ft,
Caribou Munroes,ON ,2,Full,CampsitePermit,Single Tent,
Five Islands,NS ,3,Full,CampsitePermit,Single Tent,
The Islands,NS ,4,Full,CampsitePermit,Less than 30ft,
Thomas Raddall,QC ,1,Full,CampsitePermit,Single Tent,
Cape Chignecto,QC ,1,Full,BackcountryPermit,Single Tent,
Mira River,QC ,2,Full,CampsitePermit,Single Tent,
Dollar Lake,NS ,5,Full,CampsitePermit,Single Tent,
Caribou Munroes,NS ,4,Full,CampsitePermit,Single Tent,
Rissers Beach,NS ,3,Full,CampsitePermit,Tents,
Smileys,NS ,4,Full,CampsitePermit,Less than 30ft,
The Islands,NS ,4,Full,CampsitePermit,Single Tent,
Ellenwood Lake,NS ,2,Full,CampsitePermit,Single Tent,
Laurie,ON ,5,Full,CampsitePermit,Single Tent,
Valleyview,NS ,4,Full,CampsitePermit,Less than 20ft,
Dollar Lake,NS ,3,Full,CampsitePermit,Single Tent,
Battery,NS ,3,Full,CampsitePermit,Less than 20ft,
Rissers Beach,NS ,4,Full,CampsitePermit,Single Tent,
Mira River,NS ,2,Veteran,CampsitePermit,Less than 20ft,
Amherst Shore,QC ,2,Full,CampsitePermit,Single Tent,
Blomidon,QC ,2,Full,CampsitePermit,Single Tent,
Blomidon,QC ,6,Senior,CampsitePermit,Tents,
Mira River,ON ,3,Full,CampsitePermit,Single Tent,
Mira River,NS ,2,Senior,CampsitePermit,Less than 30ft,
Graves Island,QC ,2,Senior,CampsitePermit,Single Tent,
Blomidon,NS ,4,Full,CampsitePermit,Less than 20ft,
Mira River,NS ,3,Full,CampsitePermit,Less than 20ft,
Blomidon,ON ,4,Full,CampsitePermit,Less than 20ft,
Rissers Beach,NS ,3,Senior,CampsitePermit,Less than 30ft,
Rissers Beach,NS ,2,Full,CampsitePermit,Less than 30ft,
Battery,ON ,2,Full,CampsitePermit,Single Tent,
Five Islands,ON ,2,Full,CampsitePermit,Single Tent,
Porters Lake,NS ,4,Full,CampsitePermit,Single Tent,
Whycocomagh,ON ,6,Full,CampsitePermit,Less than 20ft,
Blomidon,NS ,3,Full,CampsitePermit,Tents,
Whycocomagh,AB ,2,Full,CampsitePermit,Less than 30ft,
Dollar Lake,NS ,5,Full,CampsitePermit,Single Tent,
Porters Lake,NS ,3,Full,CampsitePermit,Less than 20ft,
Porters Lake,NB ,2,Full,CampsitePermit,Single Tent,
Porters Lake,NB ,2,Full,CampsitePermit,Single Tent,
Valleyview,NS ,2,Host,CampsitePermit,Greater than 40ft,
Porters Lake,NS ,4,Full,CampsitePermit,Less than 30ft,
Graves Island,AB ,1,Full,CampsitePermit,Single Tent,
Whycocomagh,NS ,6,Full,CampsitePermit,Less than 20ft,
Blomidon,ON ,2,Full,CampsitePermit,Single Tent,
Caribou Munroes,NS ,2,Full,CampsitePermit,Less than 20ft,
Cape Chignecto,NS ,2,Full,BackcountryPermit,Single Tent,
Rissers Beach,NS ,5,Full,CampsitePermit,Tents,
Graves Island,NS ,2,Senior,CampsitePermit,Less than 30ft,
Caribou Munroes,NS ,2,Full,CampsitePermit,Less than 20ft,
Rissers Beach,NS ,5,Full,CampsitePermit,Less than 30ft,
Mira River,QC ,2,Full,CampsitePermit,Single Tent,
Blomidon,QC ,3,Full,CampsitePermit,Single Tent,
Five Islands,QC ,2,Full,CampsitePermit,Single Tent,
Mira River,NS ,4,Full,CampsitePermit,Less than 20ft,
Dollar Lake,NS ,2,Full,CampsitePermit,Single Tent,
Caribou Munroes,NS ,5,Full,CampsitePermit,Less than 30ft,
Rissers Beach,NS ,3,Full,CampsitePermit,Less than 30ft,
Five Islands,NS ,6,Full,CampsitePermit,Tents,
Blomidon,NS ,2,Full,CampsitePermit,Less than 30ft,
Blomidon,NS ,2,Full,CampsitePermit,Single Tent,
Laurie,QC ,3,Full,CampsitePermit,Single Tent,
Smileys,NS ,5,Full,CampsitePermit,Less than 30ft,
Rissers Beach,NS ,1,Full,CampsitePermit,Single Tent,
Dollar Lake,NS ,2,Full,CampsitePermit,Single Tent,
Rissers Beach,NS ,2,Full,CampsitePermit,Single Tent,
Cape Chignecto,NS ,2,Full,BackcountryPermit,Single Tent,
Blomidon,NS ,2,Full,CampsitePermit,Single Tent,
Five Islands,QC ,2,Full,CampsitePermit,Single Tent,
Caribou Munroes,QC ,2,Senior,CampsitePermit,Less than 20ft,
Amherst Shore,NB ,2,Full,CampsitePermit,Single Tent,
Dollar Lake,NS ,5,Full,CampsitePermit,Single Tent,
Ellenwood Lake,NS ,2,Full,CampsitePermit,Less than 20ft,
Smileys,NS ,3,Full,CampsitePermit,Less than 20ft,
Graves Island,NS ,2,Full,CampsitePermit,Less than 30ft,
Smileys,NS ,4,Full,CampsitePermit,Single Tent,
Porters Lake,NL ,2,Senior,CampsitePermit,Less than 40ft,
Dollar Lake,NS ,3,Full,CampsitePermit,Single Tent,
Ellenwood Lake,NS ,6,Full,CampsitePermit,Single Tent,
Dollar Lake,NS ,3,Full,CampsitePermit,Single Tent,
Laurie,ON ,2,Full,CampsitePermit,Single Tent,
Thomas Raddall,NS ,5,Full,CampsitePermit,Less than 20ft,
Ellenwood Lake,NS ,6,Full,CampsitePermit,Tents,
Graves Island,QC ,3,Full,CampsitePermit,Less than 30ft,
Caribou Munroes,NS ,4,Full,CampsitePermit,Less than 20ft,
Rissers Beach,NS ,2,Full,CampsitePermit,Single Tent,
Dollar Lake,NS ,5,Full,CampsitePermit,Single Tent,
Mira River,NS ,5,Full,CampsitePermit,Less than 30ft,
Five Islands,QC ,2,Full,CampsitePermit,Single Tent,
Porters Lake,NB ,3,Full,CampsitePermit,Less than 30ft,
Graves Island,ON ,2,Full,CampsitePermit,Less than 30ft,
Dollar Lake,NS ,5,Full,CampsitePermit,Tents,
Rissers Beach,NS ,4,Full,CampsitePermit,Single Tent,
Porters Lake,ON ,2,Full,CampsitePermit,Single Tent,
Thomas Raddall,NS ,3,Full,CampsitePermit,Single Tent,
Caribou Munroes,NS ,2,Full,CampsitePermit,Less than 20ft,
Cape Chignecto,QC ,2,Full,BackcountryPermit,Single Tent,
Smileys,NS ,2,Full,CampsitePermit,Less than 30ft,
Graves Island,PE ,2,Senior,CampsitePermit,Less than 30ft,
The Islands,NS ,6,Full,CampsitePermit,Tents,
Whycocomagh,ON ,2,Full,CampsitePermit,Single Tent,
Cape Chignecto,NB ,2,Full,BackcountryPermit,Single Tent,
Laurie,NS ,2,Full,CampsitePermit,Less than 30ft,
Blomidon,NS ,6,Veteran,CampsitePermit,Less than 20ft,
Amherst Shore,ON ,4,Full,CampsitePermit,Single Tent,
Blomidon,NS ,4,Full,CampsitePermit,Single Tent,
Whycocomagh,BC ,2,Senior,CampsitePermit,Single Tent,
Ellenwood Lake,NS ,6,Full,CampsitePermit,Single Tent,
Five Islands,NS ,3,Full,CampsitePermit,Single Tent,
Smileys,NS ,3,Full,CampsitePermit,Less than 20ft,
Valleyview,NB ,2,Full,CampsitePermit,Single Tent,
Valleyview,NS ,3,Full,CampsitePermit,Less than 40ft,
Caribou Munroes,NS ,3,Full,CampsitePermit,Less than 20ft,
Smileys,NS ,4,Full,CampsitePermit,Tents,
Dollar Lake,NS ,2,Full,CampsitePermit,Tents,
Rissers Beach,NS ,5,Full,CampsitePermit,Tents,
Rissers Beach,NS ,2,Senior,CampsitePermit,Less than 20ft,
Ellenwood Lake,NS ,3,Full,CampsitePermit,Single Tent,
Porters Lake,ON ,3,Full,CampsitePermit,Single Tent,
Rissers Beach,NS ,4,Full,CampsitePermit,Tents,
Laurie,NS ,4,Full,CampsitePermit,Less than 20ft,
Amherst Shore,QC ,4,Full,CampsitePermit,Single Tent,
Porters Lake,NS ,1,Full,CampsitePermit,Single Tent,
Thomas Raddall,NS ,2,Full,CampsitePermit,Single Tent,
Porters Lake,NS ,2,Full,CampsitePermit,Tents,
Laurie,NS ,2,Veteran,CampsitePermit,Single Tent,
Blomidon,NS ,4,Full,CampsitePermit,Single Tent,
Graves Island,NS ,2,Full,CampsitePermit,Less than 40ft,
Caribou Munroes,NS ,4,Full,CampsitePermit,Less than 20ft,
Thomas Raddall,NS ,2,Full,CampsitePermit,Tents,
Porters Lake,QC ,2,Full,CampsitePermit,Single Tent,
Mira River,NS ,2,Full,CampsitePermit,Less than 30ft,
Blomidon,NS ,2,Senior,CampsitePermit,Less than 20ft,
Amherst Shore,AB ,2,Full,CampsitePermit,Single Tent,
Caribou Munroes,NS ,2,Full,CampsitePermit,Single Tent,
Thomas Raddall,NS ,4,Full,CampsitePermit,Less than 20ft,
Mira River,NS ,2,Full,CampsitePermit,Less than 30ft,
Graves Island,NS ,2,Full,CampsitePermit,Single Tent,
Mira River,BC ,1,Full,CampsitePermit,Single Tent,
Porters Lake,NS ,2,Senior,CampsitePermit,Single Tent,
Laurie,NS ,3,Full,CampsitePermit,Single Tent,
Porters Lake,NS ,2,Full,CampsitePermit,Single Tent,
Thomas Raddall,NS ,4,Full,CampsitePermit,Less than 40ft,
Whycocomagh,NL ,2,Full,CampsitePermit,Single Tent,
Graves Island,QC ,2,Full,CampsitePermit,Single Tent,
Porters Lake,NB ,2,Full,CampsitePermit,Single Tent,
Thomas Raddall,NS ,3,Full,CampsitePermit,Single Tent,
Dollar Lake,NS ,2,Full,CampsitePermit,Less than 20ft,
Dollar Lake,NS ,4,Full,CampsitePermit,Single Tent,
Five Islands,NS ,3,Full,CampsitePermit,Single Tent,
Thomas Raddall,NS ,6,Full,CampsitePermit,Tents,
Rissers Beach,NS ,3,Full,CampsitePermit,Single Tent,
Blomidon,NS ,4,Senior,CampsitePermit,Less than 30ft,
Thomas Raddall,ON ,1,Full,CampsitePermit,Single Tent,
Thomas Raddall,NS ,6,Full,CampsitePermit,Tents,
The Islands,NS ,5,Full,CampsitePermit,Single Tent,
Dollar Lake,NS ,4,Full,CampsitePermit,Single Tent,
Graves Island,NS ,3,Full,CampsitePermit,Less than 20ft,
Salsman,ON ,2,Full,CampsitePermit,Single Tent,
Laurie,NS ,2,Full,CampsitePermit,Single Tent,
Mira River,NS ,2,Full,CampsitePermit,Less than 20ft,
Smileys,NS ,2,Full,CampsitePermit,Less than 40ft,
Graves Island,NS ,2,Full,CampsitePermit,Less than 20ft,
Graves Island,NS ,3,Full,CampsitePermit,Single Tent,
Thomas Raddall,QC ,1,Full,CampsitePermit,Single Tent,
Ellenwood Lake,NS ,4,Full,CampsitePermit,Less than 20ft,
Rissers Beach,NS ,2,Full,CampsitePermit,Less than 30ft,
Rissers Beach,NS ,3,Senior,CampsitePermit,Less than 20ft,
Caribou Munroes,QC ,2,Full,CampsitePermit,Single Tent,
Graves Island,NS ,3,Full,CampsitePermit,Single Tent,
Mira River,NS ,5,Full,CampsitePermit,Less than 30ft,
Laurie,NS ,2,Full,CampsitePermit,Less than 30ft,
Valleyview,NS ,2,Full,CampsitePermit,Less than 20ft,
Blomidon,NL ,2,Full,CampsitePermit,Single Tent,
Five Islands,QC ,2,Full,CampsitePermit,Less than 20ft,
Mira River,NB ,2,Full,CampsitePermit,Less than 20ft,
Laurie,NS ,3,Full,CampsitePermit,Single Tent,
Laurie,NS ,2,Full,CampsitePermit,Single Tent,
Dollar Lake,NS ,4,Full,CampsitePermit,Tents,
Graves Island,NS ,2,Full,CampsitePermit,Less than 30ft,
Cape Chignecto,NS ,5,Full,BackcountryPermit,Single Tent,
Five Islands,NB ,4,Full,CampsitePermit,Less than 20ft,
Graves Island,NS ,2,Full,CampsitePermit,Less than 20ft,
Salsman,NS ,2,Full,CampsitePermit,Less than 20ft,
Thomas Raddall,NS ,2,Full,CampsitePermit,Less than 30ft,
Cape Chignecto,NS ,2,Full,BackcountryPermit,Single Tent,
Rissers Beach,NS ,2,Full,CampsitePermit,Single Tent,
Amherst Shore,QC ,2,Full,CampsitePermit,Single Tent,
Ellenwood Lake,NS ,7,Full,CampsitePermit,Single Tent,
Caribou Munroes,NS ,3,Full,CampsitePermit,Less than 30ft,
Graves Island,NS ,4,Full,CampsitePermit,Single Tent,
Five Islands,NS ,4,Full,CampsitePermit,Single Tent,
Rissers Beach,NS ,2,Full,CampsitePermit,Less than 30ft,
Cape Chignecto,QC ,2,Full,BackcountryPermit,Single Tent,
The Islands,NS ,2,Full,CampsitePermit,Less than 20ft,
Laurie,NS ,2,Senior,CampsitePermit,Less than 20ft,
Ellenwood Lake,ON ,2,Full,CampsitePermit,Less than 30ft,
Rissers Beach,NS ,4,Full,CampsitePermit,Less than 30ft,
Amherst Shore,QC ,2,Senior,CampsitePermit,Less than 20ft,
Dollar Lake,NS ,3,Full,CampsitePermit,Less than 30ft,
Whycocomagh,ON ,2,Full,CampsitePermit,Less than 20ft,
Caribou Munroes,NS ,2,Full,CampsitePermit,Less than 30ft,
Dollar Lake,NB ,4,Full,CampsitePermit,Single Tent,
Caribou Munroes,NS ,2,Full,CampsitePermit,Single Tent,
Porters Lake,NB ,4,Full,CampsitePermit,Single Tent,
Whycocomagh,NS ,2,Full,CampsitePermit,Less than 20ft,
Caribou Munroes,NS ,4,Full,CampsitePermit,Less than 30ft,
Rissers Beach,NS ,6,Senior,CampsitePermit,Less than 20ft,
Rissers Beach,NS ,2,Full,CampsitePermit,Less than 30ft,
Caribou Munroes,NS ,6,Full,CampsitePermit,Tents,
Five Islands,ON ,2,Full,CampsitePermit,Single Tent,
Thomas Raddall,NS ,2,Full,CampsitePermit,Single Tent,
Cape Chignecto,NS ,2,Full,BackcountryPermit,Single Tent,
Rissers Beach,NS ,3,Full,CampsitePermit,Single Tent,
Whycocomagh,NS ,2,Full,CampsitePermit,Less than 20ft,
Cape Chignecto,NB ,2,Full,BackcountryPermit,Single Tent,
Smileys,NS ,2,Full,CampsitePermit,Less than 30ft,
Blomidon,NS ,1,Full,CampsitePermit,Single Tent,
Dollar Lake,NS ,4,Full,CampsitePermit,Tents,
Graves Island,NS ,2,Full,CampsitePermit,Less than 30ft,
Porters Lake,AB ,2,Full,CampsitePermit,Single Tent,
Five Islands,ON ,5,Full,CampsitePermit,Tents,
Blomidon,NS ,2,Full,CampsitePermit,Single Tent,
Salsman,NS ,1,Full,CampsitePermit,Single Tent,
Caribou Munroes,QC ,3,Full,CampsitePermit,Single Tent,
Caribou Munroes,NB ,2,Full,CampsitePermit,Less than 20ft,
Rissers Beach,NS ,2,Full,CampsitePermit,Less than 20ft,
Thomas Raddall,ON ,2,Senior,CampsitePermit,Single Tent,
Blomidon,QC ,2,Full,CampsitePermit,Single Tent,
Salsman,NS ,3,Full,CampsitePermit,Less than 20ft,
Rissers Beach,ON ,1,Full,CampsitePermit,Single Tent,
Laurie,NS ,6,Full,CampsitePermit,Tents,
Caribou Munroes,NS ,4,Full,CampsitePermit,Tents,
Mira River,NS ,2,Senior,CampsitePermit,Less than 30ft,
Dollar Lake,NS ,5,Full,CampsitePermit,Single Tent,
Salsman,ON ,5,Full,CampsitePermit,Less than 20ft,
Graves Island,NS ,2,Full,CampsitePermit,Single Tent,
Blomidon,NS ,1,Full,CampsitePermit,Single Tent,
Graves Island,NS ,4,Full,CampsitePermit,Single Tent,
Graves Island,NB ,4,Full,CampsitePermit,Single Tent,
Porters Lake,NS ,6,Full,CampsitePermit,Tents,
Battery,QC ,2,Full,CampsitePermit,Less than 30ft,
Battery,ON ,5,Full,CampsitePermit,Single Tent,
Mira River,QC ,2,Senior,CampsitePermit,Less than 20ft,
Rissers Beach,NS ,4,Full,CampsitePermit,Single Tent,
Graves Island,NS ,4,Full,CampsitePermit,Less than 20ft,
Caribou Munroes,NS ,4,Full,CampsitePermit,Single Tent,
Porters Lake,NS ,2,Full,CampsitePermit,Less than 20ft,
Caribou Munroes,NS ,2,Full,CampsitePermit,Single Tent,
Rissers Beach,QC ,2,Full,CampsitePermit,Single Tent,
Caribou Munroes,ON ,5,Full,CampsitePermit,Less than 20ft,
Rissers Beach,NS ,5,Veteran,CampsitePermit,Less than 20ft,
Rissers Beach,NS ,5,Full,CampsitePermit,Single Tent,
Graves Island,QC ,1,Full,CampsitePermit,Single Tent,
Graves Island,NS ,1,Full,CampsitePermit,Single Tent,
Caribou Munroes,NB ,2,Full,CampsitePermit,Single Tent,
Graves Island,NS ,2,Senior,CampsitePermit,Less than 20ft,
Rissers Beach,NS ,4,Full,CampsitePermit,Less than 30ft,
Rissers Beach,NS ,3,Full,CampsitePermit,Less than 40ft,
Dollar Lake,NS ,4,Senior,CampsitePermit,Single Tent,
Rissers Beach,NS ,4,Full,CampsitePermit,Less than 30ft,
Amherst Shore,AB ,3,Full,CampsitePermit,Less than 40ft,
Caribou Munroes,NS ,4,Full,CampsitePermit,Less than 30ft,
Caribou Munroes,QC ,2,Full,CampsitePermit,Single Tent,
Rissers Beach,NS ,4,Full,CampsitePermit,Less than 30ft,
Laurie,NS ,6,Full,CampsitePermit,Tents,
Graves Island,NS ,3,Full,CampsitePermit,Single Tent,
Cape Chignecto,NS ,2,Full,BackcountryPermit,Single Tent,
Five Islands,NS ,2,Full,CampsitePermit,Single Tent,
Mira River,NS ,2,Full,CampsitePermit,Less than 30ft,
Thomas Raddall,NS ,2,Senior,CampsitePermit,Less than 30ft,
Whycocomagh,QC ,2,Full,CampsitePermit,Less than 30ft,
Porters Lake,NS ,6,Full,CampsitePermit,Single Tent,
Caribou Munroes,NS ,2,Senior,CampsitePermit,Single Tent,
Thomas Raddall,NS ,2,Full,CampsitePermit,Single Tent,
Mira River,ON ,6,Full,CampsitePermit,Less than 30ft,
Porters Lake,ON ,2,Full,CampsitePermit,Less than 20ft,
Ellenwood Lake,NS ,4,Full,CampsitePermit,Single Tent,
Porters Lake,QC ,6,Full,CampsitePermit,Single Tent,
Smileys,ON ,2,Full,CampsitePermit,Less than 20ft,
Rissers Beach,NS ,2,Senior,CampsitePermit,Less than 20ft,
Graves Island,NS ,2,Full,CampsitePermit,Less than 30ft,
Rissers Beach,NS ,3,Full,CampsitePermit,Less than 40ft,
Graves Island,NS ,4,Full,CampsitePermit,Less than 40ft,
Graves Island,NS ,2,Senior,CampsitePermit,Less than 20ft,
Caribou Munroes,NS ,2,Full,CampsitePermit,Less than 40ft,
Thomas Raddall,NS ,2,Full,CampsitePermit,Single Tent,
Battery,NS ,5,Full,CampsitePermit,Less than 20ft,
The Islands,NS ,2,Full,CampsitePermit,Single Tent,
Battery,NS ,4,Full,CampsitePermit,Single Tent,
Laurie,NS ,4,Full,CampsitePermit,Single Tent,
Laurie,NS ,6,Full,CampsitePermit,Tents,
Thomas Raddall,QC ,2,Full,CampsitePermit,Single Tent,
Caribou Munroes,NS ,2,Full,CampsitePermit,Single Tent,
Boylston,NS ,2,Full,CampsitePermit,Less than 20ft,
Five Islands,QC ,2,Full,CampsitePermit,Less than 20ft,
Mira River,AB ,2,Full,CampsitePermit,Less than 30ft,
Cape Chignecto,QC ,2,Full,BackcountryPermit,Single Tent,
Five Islands,ON ,2,Full,CampsitePermit,Single Tent,
Smileys,NS ,6,Full,CampsitePermit,Tents,
Laurie,NS ,2,Full,CampsitePermit,Less than 20ft,
Rissers Beach,NS ,2,Full,CampsitePermit,Single Tent,
Smileys,NS ,2,Full,CampsitePermit,Less than 30ft,
Amherst Shore,ON ,2,Full,CampsitePermit,Less than 40ft,
Five Islands,NS ,2,Full,CampsitePermit,Less than 30ft,
Graves Island,NS ,3,Full,CampsitePermit,Tents,
Five Islands,ON ,2,Full,CampsitePermit,Single Tent,
Battery,NL ,2,Full,CampsitePermit,Single Tent,
Blomidon,NS ,3,Full,CampsitePermit,Single Tent,
Thomas Raddall,NS ,2,Full,CampsitePermit,Less than 30ft,
Blomidon,NS ,5,Full,CampsitePermit,Tents,
Rissers Beach,ON ,4,Full,CampsitePermit,Less than 30ft,
Rissers Beach,MB ,1,Full,CampsitePermit,Single Tent,
Laurie,NS ,2,Full,CampsitePermit,Less than 20ft,
Graves Island,MB ,5,Full,CampsitePermit,Less than 40ft,
Graves Island,NL ,2,Senior,CampsitePermit,Less than 20ft,
Porters Lake,ON ,2,Full,CampsitePermit,Single Tent,
Mira River,NS ,3,Full,CampsitePermit,Less than 30ft,
Battery,NS ,2,Full,CampsitePermit,Less than 20ft,
Blomidon,NS ,4,Full,CampsitePermit,Single Tent,
Whycocomagh,NS ,2,Veteran,CampsitePermit,Less than 30ft,
Porters Lake,NS ,6,Full,CampsitePermit,Tents,
Five Islands,NS ,2,Full,CampsitePermit,Single Tent,
Rissers Beach,NS ,2,Full,CampsitePermit,Less than 40ft,
Battery,BC ,2,Senior,CampsitePermit,Single Tent,
Dollar Lake,NS ,4,Full,CampsitePermit,Less than 20ft,
Caribou Munroes,NS ,3,Full,CampsitePermit,Single Tent,
Mira River,NS ,2,Full,CampsitePermit,Single Tent,
Graves Island,NS ,2,Full,CampsitePermit,Less than 30ft,
Blomidon,NS ,1,Full,CampsitePermit,Single Tent,
Graves Island,NS ,3,Full,CampsitePermit,Tents,
Ellenwood Lake,NS ,1,Full,CampsitePermit,Less than 30ft,
Mira River,NS ,2,Full,CampsitePermit,Less than 20ft,
Blomidon,ON ,5,Full,CampsitePermit,Tents,
Salsman,NS ,2,Full,CampsitePermit,Less than 30ft,
Valleyview,NS ,2,Full,CampsitePermit,Less than 30ft,
Thomas Raddall,NS ,2,Full,CampsitePermit,Single Tent,
Caribou Munroes,QC ,2,Senior,CampsitePermit,Less than 20ft,
Blomidon,NS ,5,Full,CampsitePermit,Single Tent,
Whycocomagh,NS ,2,Full,CampsitePermit,Less than 20ft,
Rissers Beach,NS ,4,Full,CampsitePermit,Tents,
Five Islands,NS ,1,Full,CampsitePermit,Single Tent,
Graves Island,NS ,2,Full,CampsitePermit,Less than 40ft,
Dollar Lake,NS ,2,Full,CampsitePermit,Single Tent,
Thomas Raddall,NS ,2,Senior,CampsitePermit,Single Tent,
Mira River,NS ,6,Full,CampsitePermit,Less than 20ft,
Caribou Munroes,QC ,4,Full,CampsitePermit,Single Tent,
Rissers Beach,NS ,5,Full,CampsitePermit,Less than 20ft,
Mira River,NS ,2,Senior,CampsitePermit,Less than 30ft,
Rissers Beach,NS ,4,Full,CampsitePermit,Less than 30ft,
Mira River,NS ,2,Senior,CampsitePermit,Less than 30ft,
Smileys,NS ,3,Full,CampsitePermit,Single Tent,
Mira River,QC ,4,Full,CampsitePermit,Less than 20ft,
Rissers Beach,NS ,3,Full,CampsitePermit,Less than 20ft,
Graves Island,NS ,3,Full,CampsitePermit,Less than 40ft,
Caribou Munroes,NS ,5,Full,CampsitePermit,Less than 40ft,
Caribou Munroes,NS ,2,Full,CampsitePermit,Less than 30ft,
Five Islands,NS ,5,Full,CampsitePermit,Single Tent,
Graves Island,NS ,2,Full,CampsitePermit,Less than 20ft,
Dollar Lake,NS ,5,Full,CampsitePermit,Single Tent,
Porters Lake,NS ,2,Full,CampsitePermit,Single Tent,
Graves Island,PE ,3,Full,CampsitePermit,Less than 20ft,
Blomidon,NS ,4,Full,CampsitePermit,Tents,
Porters Lake,NS ,2,Full,CampsitePermit,Less than 30ft,
Porters Lake,QC ,4,Full,CampsitePermit,Tents,
Porters Lake,AB ,2,Full,CampsitePermit,Less than 20ft,
Porters Lake,NS ,3,Full,CampsitePermit,Tents,
Rissers Beach,NS ,3,Full,CampsitePermit,Less than 20ft,
Caribou Munroes,NS ,4,Full,CampsitePermit,Less than 20ft,
The Islands,BC ,2,Full,CampsitePermit,Less than 20ft,
Dollar Lake,NS ,2,Full,CampsitePermit,Single Tent,
Rissers Beach,NS ,2,Senior,CampsitePermit,Less than 40ft,
Graves Island,NS ,2,Full,CampsitePermit,Tents,
The Islands,NS ,2,Full,CampsitePermit,Single Tent,
Porters Lake,NS ,4,Senior,CampsitePermit,Tents,
Smileys,NS ,2,Senior,CampsitePermit,Less than 30ft,
Five Islands,NS ,2,Full,CampsitePermit,Less than 20ft,
The Islands,NS ,2,Full,CampsitePermit,Less than 20ft,
Laurie,NS ,4,Full,CampsitePermit,Tents,
Caribou Munroes,NS ,3,Full,CampsitePermit,Tents,
Graves Island,QC ,2,Full,CampsitePermit,Single Tent,
Rissers Beach,NS ,2,Full,CampsitePermit,Less than 30ft,
Dollar Lake,NS ,2,Full,CampsitePermit,Single Tent,
Amherst Shore,QC ,4,Full,CampsitePermit,Less than 40ft,
Battery,ON ,4,Full,CampsitePermit,Less than 20ft,
Five Islands,NS ,2,Senior,CampsitePermit,Less than 30ft,
Porters Lake,NS ,3,Full,CampsitePermit,Single Tent,
Laurie,NS ,2,Full,CampsitePermit,Less than 30ft,
Smileys,NS ,4,Full,CampsitePermit,Less than 40ft,
Caribou Munroes,QC ,2,Full,CampsitePermit,Single Tent,
Blomidon,NS ,2,Senior,CampsitePermit,Less than 20ft,
Porters Lake,QC ,4,Full,CampsitePermit,Less than 30ft,
Five Islands,QC ,2,Full,CampsitePermit,Single Tent,
Amherst Shore,NB ,2,Full,CampsitePermit,Single Tent,
Ellenwood Lake,NS ,3,Full,CampsitePermit,Single Tent,
Five Islands,NB ,4,Full,CampsitePermit,Single Tent,
Thomas Raddall,NS ,6,Full,CampsitePermit,Single Tent,
Rissers Beach,NS ,4,Full,CampsitePermit,Less than 30ft,
Caribou Munroes,NS ,4,Full,CampsitePermit,Less than 30ft,
Rissers Beach,NS ,4,Full,CampsitePermit,Less than 20ft,
Graves Island,NS ,2,Senior,CampsitePermit,Less than 20ft,
Dollar Lake,NS ,2,Full,CampsitePermit,Less than 20ft,
Smileys,NS ,2,Senior,CampsitePermit,Less than 40ft,
Dollar Lake,NS ,4,Full,CampsitePermit,Single Tent,
Blomidon,NS ,4,Full,CampsitePermit,Single Tent,
Ellenwood Lake,NS ,3,Full,CampsitePermit,Single Tent,
Porters Lake,NS ,2,Full,CampsitePermit,Less than 30ft,
Dollar Lake,NS ,2,Full,CampsitePermit,Single Tent,
Caribou Munroes,NB ,2,Senior,CampsitePermit,Tents,
Rissers Beach,NS ,1,Full,CampsitePermit,Single Tent,
Caribou Munroes,NS ,2,Full,CampsitePermit,Tents,
Rissers Beach,NS ,2,Full,CampsitePermit,Single Tent,
Rissers Beach,NS ,4,Full,CampsitePermit,Less than 30ft,
Porters Lake,NS ,2,Full,CampsitePermit,Single Tent,
Caribou Munroes,NS ,2,Full,CampsitePermit,Less than 20ft,
Porters Lake,NS ,2,Full,CampsitePermit,Less than 20ft,
Graves Island,NS ,1,Full,CampsitePermit,Single Tent,
Battery,QC ,2,Full,CampsitePermit,Less than 30ft,
The Islands,BC ,2,Senior,CampsitePermit,Single Tent,
Whycocomagh,NS ,2,Full,CampsitePermit,Single Tent,
Rissers Beach,NS ,4,Full,CampsitePermit,Single Tent,
Graves Island,NS ,2,Full,CampsitePermit,Less than 40ft,
Mira River,ON ,3,Full,CampsitePermit,Single Tent,
Dollar Lake,NS ,2,Full,CampsitePermit,Single Tent,
Blomidon,NS ,2,Full,CampsitePermit,Single Tent,
Mira River,AB ,1,Full,CampsitePermit,Single Tent,
Laurie,QC ,2,Full,CampsitePermit,Single Tent,
Battery,QC ,2,Senior,CampsitePermit,Single Tent,
Battery,ON ,2,Full,CampsitePermit,Single Tent,
Caribou Munroes,NS ,2,Full,CampsitePermit,Less than 20ft,
Rissers Beach,NS ,2,Full,CampsitePermit,Less than 30ft,
Whycocomagh,AB ,1,Full,CampsitePermit,Single Tent,
Cape Chignecto,NS ,2,Full,BackcountryPermit,Single Tent,
Dollar Lake,NS ,2,Veteran,CampsitePermit,Single Tent,
Mira River,NS ,4,Full,CampsitePermit,Tents,
Graves Island,ON ,2,Full,CampsitePermit,Less than 30ft,
Battery,QC ,2,Full,CampsitePermit,Single Tent,
Rissers Beach,NS ,2,Full,CampsitePermit,Less than 30ft,
Rissers Beach,NS ,2,Full,CampsitePermit,Less than 20ft,
Five Islands,NS ,2,Senior,CampsitePermit,Less than 20ft,
Battery,QC ,4,Full,CampsitePermit,Less than 20ft,
Blomidon,NS ,2,Full,CampsitePermit,Single Tent,
Rissers Beach,NS ,2,Senior,CampsitePermit,Less than 20ft,
Caribou Munroes,NS ,6,Full,CampsitePermit,Single Tent,
Ellenwood Lake,NS ,4,Full,CampsitePermit,Single Tent,
Caribou Munroes,NS ,2,Full,CampsitePermit,Less than 20ft,
Blomidon,AB ,2,Full,CampsitePermit,Single Tent,
Rissers Beach,NS ,2,Full,CampsitePermit,Less than 30ft,
Thomas Raddall,NS ,2,Full,CampsitePermit,Single Tent,
Graves Island,NS ,1,Full,CampsitePermit,Single Tent,
Smileys,NS ,2,Senior,CampsitePermit,Less than 40ft,
Whycocomagh,NS ,4,Full,YurtPermit,Tents,
Cape Chignecto,NS ,2,Full,BackcountryPermit,Single Tent,
Caribou Munroes,AB ,2,Full,CampsitePermit,Single Tent,
Mira River,ON ,5,Full,CampsitePermit,Tents,
Five Islands,NB ,2,Full,CampsitePermit,Single Tent,
Caribou Munroes,NS ,2,Full,CampsitePermit,Single Tent,
Five Islands,NS ,3,Full,CampsitePermit,Single Tent,
Whycocomagh,ON ,3,Full,CampsitePermit,Single Tent,
Whycocomagh,QC ,2,Full,CampsitePermit,Single Tent,
Porters Lake,ON ,6,Full,CampsitePermit,Tents,
Graves Island,NS ,3,Full,CampsitePermit,Single Tent,
Five Islands,NS ,2,Full,CampsitePermit,Single Tent,
Blomidon,QC ,4,Full,CampsitePermit,Single Tent,
Five Islands,NS ,2,Full,CampsitePermit,Less than 20ft,
Cape Chignecto,NB ,4,Full,BackcountryPermit,Single Tent,
The Islands,BC ,3,Senior,CampsitePermit,Less than 20ft,
Dollar Lake,NS ,1,Full,CampsitePermit,Single Tent,
Graves Island,NS ,2,Full,CampsitePermit,Less than 30ft,
Amherst Shore,NS ,2,Senior,CampsitePermit,Less than 20ft,
The Islands,NS ,6,Full,CampsitePermit,Less than 30ft,
Amherst Shore,ON ,3,Full,CampsitePermit,Single Tent,
The Islands,ON ,1,Full,CampsitePermit,Single Tent,
Laurie,NS ,1,Full,CampsitePermit,Less than 20ft,
Porters Lake,QC ,2,Full,CampsitePermit,Less than 30ft,
Valleyview,NS ,2,Full,CampsitePermit,Single Tent,
Porters Lake,NS ,6,Full,CampsitePermit,Tents,
Caribou Munroes,BC ,2,Full,CampsitePermit,Less than 20ft,
The Islands,NS ,3,Full,CampsitePermit,Single Tent,
Thomas Raddall,ON ,2,Full,CampsitePermit,Single Tent,
Dollar Lake,NS ,3,Full,CampsitePermit,Single Tent,
Five Islands,NS ,2,Full,CampsitePermit,Less than 30ft,
Rissers Beach,NS ,2,Full,CampsitePermit,Less than 30ft,
Battery,NS ,2,Senior,CampsitePermit,Single Tent,
Battery,QC ,3,Full,CampsitePermit,Single Tent,
Graves Island,NS ,2,Full,CampsitePermit,Tents,
Graves Island,NS ,2,Senior,CampsitePermit,Less than 30ft,
Mira River,NS ,4,Full,CampsitePermit,Less than 40ft,
Mira River,NS ,3,Full,CampsitePermit,Less than 20ft,
Thomas Raddall,NS ,4,Full,CampsitePermit,Less than 40ft,
Graves Island,NS ,6,Full,CampsitePermit,Tents,
Dollar Lake,NS ,6,Full,CampsitePermit,Less than 20ft,
Thomas Raddall,NS ,1,Full,CampsitePermit,Less than 30ft,
Blomidon,NS ,2,Senior,CampsitePermit,Less than 20ft,
Rissers Beach,NS ,2,Full,CampsitePermit,Single Tent,
Dollar Lake,NS ,4,Full,CampsitePermit,Single Tent,
Smileys,NS ,4,Senior,CampsitePermit,Tents,
Mira River,NS ,5,Full,CampsitePermit,Single Tent,
Graves Island,NS ,2,Full,CampsitePermit,Less than 40ft,
Boylston,NS ,2,Full,CampsitePermit,Less than 30ft,
Smileys,NS ,2,Full,CampsitePermit,Single Tent,
Rissers Beach,NS ,4,Full,CampsitePermit,Less than 30ft,
Graves Island,NS ,4,Full,CampsitePermit,Less than 20ft,
Rissers Beach,NS ,2,Full,CampsitePermit,Less than 20ft,
Whycocomagh,QC ,2,Full,CampsitePermit,Less than 30ft,
Smileys,NS ,6,Full,CampsitePermit,Less than 20ft,
Porters Lake,ON ,4,Full,CampsitePermit,Single Tent,
Graves Island,AB ,1,Senior,CampsitePermit,Single Tent,
Blomidon,NS ,1,Full,CampsitePermit,Single Tent,
Graves Island,NS ,3,Full,CampsitePermit,Less than 30ft,
Caribou Munroes,NS ,4,Full,CampsitePermit,Less than 30ft,
Five Islands,NS ,2,Full,CampsitePermit,Single Tent,
Amherst Shore,NB ,2,Full,CampsitePermit,Less than 20ft,
Valleyview,ON ,4,Full,CampsitePermit,Single Tent,
Rissers Beach,NS ,2,Full,CampsitePermit,Single Tent,
Whycocomagh,ON ,2,Full,CampsitePermit,Less than 20ft,
Rissers Beach,QC ,1,Full,CampsitePermit,Less than 20ft,
Blomidon,NS ,2,Full,CampsitePermit,Single Tent,
Graves Island,NS ,4,Full,CampsitePermit,Less than 30ft,
Valleyview,ON ,2,Senior,CampsitePermit,Less than 20ft,
Caribou Munroes,PE ,2,Full,CampsitePermit,Single Tent,
Smileys,NS ,5,Full,CampsitePermit,Tents,
Thomas Raddall,AB ,3,Senior,CampsitePermit,Tents,
Rissers Beach,NS ,3,Full,CampsitePermit,Less than 40ft,
Laurie,NS ,2,Full,CampsitePermit,Less than 30ft,
Rissers Beach,NS ,3,Full,CampsitePermit,Less than 40ft,
Rissers Beach,NS ,2,Senior,CampsitePermit,Less than 30ft,
Smileys,NS ,2,Full,CampsitePermit,Less than 20ft,
Porters Lake,QC ,3,Full,CampsitePermit,Less than 20ft,
Graves Island,NS ,2,Full,CampsitePermit,Single Tent,
Graves Island,NS ,1,Full,CampsitePermit,Single Tent,
Laurie,NS ,3,Full,CampsitePermit,Single Tent,
Graves Island,NS ,2,Full,CampsitePermit,Less than 40ft,
Caribou Munroes,ON ,2,Full,CampsitePermit,Single Tent,
Graves Island,NS ,2,Full,CampsitePermit,Less than 40ft,
Rissers Beach,NS ,3,Full,CampsitePermit,Single Tent,
Caribou Munroes,ON ,5,Full,CampsitePermit,Less than 20ft,
Porters Lake,NS ,2,Full,CampsitePermit,Single Tent,
Blomidon,NS ,5,Full,CampsitePermit,Less than 30ft,
Graves Island,ON ,2,Full,CampsitePermit,Single Tent,
Five Islands,NS ,2,Full,CampsitePermit,Less than 30ft,
Graves Island,NS ,4,Full,CampsitePermit,Less than 30ft,
Graves Island,NS ,3,Full,CampsitePermit,Less than 30ft,
Whycocomagh,QC ,2,Full,CampsitePermit,Less than 20ft,
Graves Island,NS ,3,Full,CampsitePermit,Tents,
Mira River,NB ,5,Full,CampsitePermit,Less than 20ft,
Dollar Lake,NS ,4,Full,CampsitePermit,Single Tent,
Mira River,NS ,4,Full,CampsitePermit,Less than 30ft,
Smileys,NS ,4,Full,CampsitePermit,Less than 40ft,
Caribou Munroes,NS ,4,Full,CampsitePermit,Less than 30ft,
Caribou Munroes,ON ,2,Senior,CampsitePermit,Single Tent,
Five Islands,ON ,3,Full,CampsitePermit,Single Tent,
Whycocomagh,ON ,5,Full,CampsitePermit,Less than 30ft,
Blomidon,QC ,2,Full,CampsitePermit,Single Tent,
Porters Lake,NB ,2,Full,CampsitePermit,Single Tent,
Amherst Shore,NB ,4,Full,CampsitePermit,Single Tent,
Blomidon,NS ,2,Full,CampsitePermit,Single Tent,
Mira River,NB ,4,Senior,CampsitePermit,Tents,
Mira River,NS ,3,Full,CampsitePermit,Less than 20ft,
Whycocomagh,AB ,2,Full,CampsitePermit,Single Tent,
Mira River,ON ,1,Full,CampsitePermit,Single Tent,
Thomas Raddall,QC ,2,Full,CampsitePermit,Less than 20ft,
Battery,QC ,2,Full,CampsitePermit,Single Tent,
Amherst Shore,NS ,2,Senior,CampsitePermit,Single Tent,
Amherst Shore,NS ,4,Full,CampsitePermit,Less than 20ft,
Caribou Munroes,NS ,2,Full,CampsitePermit,Single Tent,
Caribou Munroes,NS ,2,Full,CampsitePermit,Less than 20ft,
Blomidon,NS ,2,Full,CampsitePermit,Less than 20ft,
Valleyview,ON ,1,Senior,CampsitePermit,Single Tent,
Rissers Beach,NS ,2,FULL,CampsitePermit,Less than 20ft,
Rissers Beach,NS ,4,Full,CampsitePermit,Single Tent,
Valleyview,NS ,2,Full,CampsitePermit,Tents,
Porters Lake,ON ,2,Senior,CampsitePermit,Single Tent,
Graves Island,NS ,1,Senior,CampsitePermit,Single Tent,
Graves Island,NS ,2,Full,CampsitePermit,Single Tent,
Five Islands,QC ,2,Senior,CampsitePermit,Single Tent,
Rissers Beach,NS ,2,Full,CampsitePermit,Less than 40ft,
Rissers Beach,BC ,1,Full,CampsitePermit,Single Tent,
Thomas Raddall,NS ,4,Full,CampsitePermit,Single Tent,
Laurie,NS ,3,Full,CampsitePermit,Less than 20ft,
Blomidon,NS ,2,Full,CampsitePermit,Single Tent,
Laurie,NS ,4,Full,CampsitePermit,Less than 20ft,
Blomidon,NS ,2,Full,CampsitePermit,Less than 20ft,
Rissers Beach,NS ,2,Full,CampsitePermit,Single Tent,
Laurie,ON ,5,Full,CampsitePermit,Single Tent,
Rissers Beach,NS ,2,Full,CampsitePermit,Single Tent,
Laurie,NS ,2,Full,CampsitePermit,Single Tent,
Valleyview,NS ,2,Full,CampsitePermit,Less than 20ft,
Blomidon,ON ,2,Full,CampsitePermit,Single Tent,
Caribou Munroes,QC ,2,Full,CampsitePermit,Single Tent,
Smileys,NS ,2,Full,CampsitePermit,Less than 30ft,
Rissers Beach,ON ,4,Full,CampsitePermit,Less than 20ft,
Cape Chignecto,ON ,1,Full,BackcountryPermit,Single Tent,
Cape Chignecto,ON ,2,Full,BackcountryPermit,Single Tent,
Blomidon,QC ,3,Full,CampsitePermit,Single Tent,
Mira River,NS ,2,Full,CampsitePermit,Less than 20ft,
Blomidon,NS ,1,Full,CampsitePermit,Single Tent,
Dollar Lake,NS ,4,Full,CampsitePermit,Single Tent,
Rissers Beach,NS ,2,Full,CampsitePermit,Less than 20ft,
Mira River,NS ,4,Full,CampsitePermit,Less than 30ft,
Amherst Shore,NS ,2,Full,CampsitePermit,Less than 30ft,
Smileys,NS ,4,Full,CampsitePermit,Less than 20ft,
Salsman,NS ,2,Full,CampsitePermit,Less than 30ft,
Thomas Raddall,NS ,5,Full,CampsitePermit,Tents,
Rissers Beach,NS ,2,Full,CampsitePermit,Less than 40ft,
Graves Island,NS ,2,Full,CampsitePermit,Single Tent,
Rissers Beach,AB ,2,Senior,CampsitePermit,Single Tent,
Graves Island,NS ,2,Full,CampsitePermit,Greater than 40ft,
The Islands,NS ,6,Full,CampsitePermit,Tents,
Laurie,NS ,4,Full,CampsitePermit,Less than 30ft,
Blomidon,NS ,4,Full,CampsitePermit,Single Tent,
Graves Island,PE ,2,Full,CampsitePermit,Single Tent,
Porters Lake,ON ,2,Full,CampsitePermit,Single Tent,
Porters Lake,NS ,2,Full,CampsitePermit,Less than 30ft,
Cape Chignecto,NS ,3,Full,BackcountryPermit,Single Tent,
Graves Island,NS ,2,Veteran,CampsitePermit,Less than 30ft,
Smileys,NS ,6,Full,CampsitePermit,Less than 30ft,
Porters Lake,ON ,1,Full,CampsitePermit,Tents,
Thomas Raddall,NS ,4,Full,CampsitePermit,Single Tent,
Porters Lake,NS ,2,Full,CampsitePermit,Single Tent,
Porters Lake,NB ,2,Full,CampsitePermit,Single Tent,
Blomidon,NS ,4,Full,CampsitePermit,Less than 30ft,
Whycocomagh,QC ,2,Full,CampsitePermit,Less than 20ft,
Porters Lake,NS ,4,Full,CampsitePermit,Less than 20ft,
Mira River,NS ,2,Full,CampsitePermit,Single Tent,
Mira River,NS ,4,Full,CampsitePermit,Less than 20ft,
Dollar Lake,NS ,4,Full,CampsitePermit,Less than 20ft,
Graves Island,NS ,2,Senior,CampsitePermit,Less than 30ft,
Caribou Munroes,NS ,4,Full,CampsitePermit,Less than 30ft,
Rissers Beach,NS ,2,Full,CampsitePermit,Less than 30ft,
Thomas Raddall,NS ,4,Full,CampsitePermit,Single Tent,
Porters Lake,NS ,5,Full,CampsitePermit,Less than 20ft,
Blomidon,NS ,2,Full,CampsitePermit,Single Tent,
Mira River,NS ,4,Full,CampsitePermit,Single Tent,
Caribou Munroes,NS ,2,Full,CampsitePermit,Less than 40ft,
Cape Chignecto,AB ,2,Full,BackcountryPermit,Single Tent,
Amherst Shore,ON ,4,Full,CampsitePermit,Single Tent,
Battery,QC ,2,Full,CampsitePermit,Single Tent,
Rissers Beach,NS ,2,Full,CampsitePermit,Less than 20ft,
Graves Island,NS ,2,Full,CampsitePermit,Less than 30ft,
Amherst Shore,NS ,1,Full,CampsitePermit,Single Tent,
Mira River,QC ,2,Full,CampsitePermit,Single Tent,
Mira River,NS ,3,Full,CampsitePermit,Less than 30ft,
Rissers Beach,NS ,2,Full,CampsitePermit,Less than 30ft,
Blomidon,NS ,2,Full,CampsitePermit,Single Tent,
Mira River,QC ,2,Full,CampsitePermit,Single Tent,
Graves Island,NS ,1,Full,CampsitePermit,Single Tent,
Blomidon,NS ,2,Full,CampsitePermit,Less than 20ft,
Amherst Shore,NS ,2,Full,CampsitePermit,Single Tent,
Valleyview,NS ,6,Full,CampsitePermit,Single Tent,
Mira River,NS ,2,Senior,CampsitePermit,Less than 20ft,
Five Islands,ON ,2,Full,CampsitePermit,Single Tent,
Graves Island,NS ,2,Full,CampsitePermit,Single Tent,
Graves Island,NS ,2,Host,CampsitePermit,Less than 20ft,
The Islands,NS ,2,Full,CampsitePermit,Single Tent,
Caribou Munroes,NB ,1,Full,CampsitePermit,Single Tent,
Dollar Lake,NS ,3,Full,CampsitePermit,Single Tent,
Caribou Munroes,NS ,3,Full,CampsitePermit,Single Tent,
Graves Island,NS ,2,Full,CampsitePermit,Less than 30ft,
Mira River,NS ,6,Full,CampsitePermit,Single Tent,
Battery,NB ,2,Senior,CampsitePermit,Single Tent,
Thomas Raddall,NS ,1,Full,CampsitePermit,Single Tent,
Smileys,NS ,4,Full,CampsitePermit,Single Tent,
Mira River,NS ,2,Full,CampsitePermit,Less than 30ft,
Mira River,AB ,2,Full,CampsitePermit,Single Tent,
Caribou Munroes,NS ,2,Full,CampsitePermit,Single Tent,
Rissers Beach,NS ,2,Full,CampsitePermit,Single Tent,
Blomidon,QC ,2,Full,CampsitePermit,Tents,
Thomas Raddall,NS ,2,Senior,CampsitePermit,Single Tent,
Smileys,NS ,4,Full,CampsitePermit,Single Tent,
Graves Island,NS ,2,Full,CampsitePermit,Less than 40ft,
Caribou Munroes,NS ,4,Full,CampsitePermit,Single Tent,
Graves Island,NS ,2,Full,CampsitePermit,Less than 30ft,
Ellenwood Lake,NS ,2,Full,CampsitePermit,Single Tent,
Cape Chignecto,BC ,3,Full,BackcountryPermit,Single Tent,
Dollar Lake,NS ,3,Full,CampsitePermit,Single Tent,
Caribou Munroes,NS ,2,Senior,CampsitePermit,Tents,
Dollar Lake,NS ,4,Full,CampsitePermit,Single Tent,
Dollar Lake,NS ,5,Full,CampsitePermit,Single Tent,
Graves Island,NS ,2,Full,CampsitePermit,Less than 30ft,
Battery,NS ,4,Full,CampsitePermit,Tents,
Rissers Beach,NS ,4,Full,CampsitePermit,Less than 30ft,
Rissers Beach,QC ,1,Senior,CampsitePermit,Single Tent,
Mira River,NS ,2,Full,CampsitePermit,Less than 30ft,
Blomidon,NS ,2,Full,CampsitePermit,Single Tent,
The Islands,NB ,2,Full,CampsitePermit,Single Tent,
Dollar Lake,NS ,5,Full,CampsitePermit,Less than 20ft,
Cape Chignecto,NS ,4,Full,BackcountryPermit,Single Tent,
Rissers Beach,NS ,2,Full,CampsitePermit,Single Tent,
Graves Island,NS ,2,Full,CampsitePermit,Single Tent,
Rissers Beach,NS ,4,Full,CampsitePermit,Tents,
Blomidon,NS ,4,Full,CampsitePermit,Single Tent,
Thomas Raddall,NS ,2,Full,CampsitePermit,Single Tent,
Cape Chignecto,BC ,2,Full,BackcountryPermit,Single Tent,
Blomidon,NS ,4,Full,CampsitePermit,Less than 30ft,
Blomidon,NS ,5,Full,CampsitePermit,Tents,
Rissers Beach,NS ,4,Veteran,CampsitePermit,Less than 20ft,
Five Islands,NS ,2,Full,CampsitePermit,Single Tent,
Caribou Munroes,NS ,4,Full,CampsitePermit,Less than 30ft,
Blomidon,NS ,2,Full,CampsitePermit,Single Tent,
Laurie,NS ,2,Full,CampsitePermit,Single Tent,
Blomidon,NS ,5,Full,CampsitePermit,Single Tent,
Mira River,NS ,2,Full,CampsitePermit,Less than 30ft,
Graves Island,NS ,2,Senior,CampsitePermit,Less than 30ft,
Caribou Munroes,NB ,2,Full,CampsitePermit,Single Tent,
Dollar Lake,NS ,4,Full,CampsitePermit,Single Tent,
Amherst Shore,QC ,3,Full,CampsitePermit,Single Tent,
Rissers Beach,NS ,4,Full,CampsitePermit,Less than 30ft,
Mira River,NS ,2,Full,CampsitePermit,Single Tent,
Caribou Munroes,NS ,5,Senior,CampsitePermit,Single Tent,
Porters Lake,NS ,2,Full,CampsitePermit,Single Tent,
Graves Island,NS ,2,Full,CampsitePermit,Tents,
Porters Lake,PE ,4,Full,CampsitePermit,Less than 40ft,
Graves Island,NS ,2,Full,CampsitePermit,Single Tent,
Battery,QC ,2,Full,CampsitePermit,Single Tent,
Thomas Raddall,QC ,2,Full,CampsitePermit,Single Tent,
Graves Island,NS ,1,Full,CampsitePermit,Single Tent,
Mira River,NS ,2,Full,CampsitePermit,Single Tent,
Mira River,NS ,3,Full,CampsitePermit,Less than 40ft,
Mira River,NS ,3,Full,CampsitePermit,Less than 40ft,
Graves Island,NS ,2,Senior,CampsitePermit,Less than 20ft,
Amherst Shore,NS ,2,Full,CampsitePermit,Less than 20ft,
Graves Island,QC ,2,Full,CampsitePermit,Single Tent,
Graves Island,NS ,4,Full,CampsitePermit,Single Tent,
Smileys,NS ,4,Full,CampsitePermit,Less than 30ft,
Battery,ON ,4,Full,CampsitePermit,Single Tent,
Mira River,NS ,6,Full,CampsitePermit,Tents,
Rissers Beach,NS ,4,Full,CampsitePermit,Single Tent,
Caribou Munroes,ON ,2,Full,CampsitePermit,Single Tent,
Rissers Beach,NS ,3,Full,CampsitePermit,Single Tent,
Cape Chignecto,NS ,2,Full,BackcountryPermit,Single Tent,
Graves Island,NS ,3,Full,CampsitePermit,Less than 30ft,
Rissers Beach,NS ,4,Full,CampsitePermit,Single Tent,
Caribou Munroes,NS ,5,Full,CampsitePermit,Less than 20ft,
Ellenwood Lake,NS ,1,Full,CampsitePermit,Single Tent,
Rissers Beach,NS ,6,Full,CampsitePermit,Tents,
Blomidon,NS ,3,Full,CampsitePermit,Single Tent,
Dollar Lake,NS ,4,Full,CampsitePermit,Tents,
Smileys,NS ,2,Full,CampsitePermit,Single Tent,
Rissers Beach,NS ,3,Full,CampsitePermit,Less than 30ft,
Mira River,NS ,2,Full,CampsitePermit,Less than 30ft,
Caribou Munroes,NS ,5,Full,CampsitePermit,Less than 30ft,
Caribou Munroes,AB ,2,Full,CampsitePermit,Single Tent,
Thomas Raddall,ON ,2,Senior,CampsitePermit,Single Tent,
Graves Island,NS ,1,Full,CampsitePermit,Single Tent,
Whycocomagh,NS ,3,Full,CampsitePermit,Single Tent,
Laurie,NS ,6,Full,CampsitePermit,Tents,
Amherst Shore,NS ,4,Full,CampsitePermit,Less than 20ft,
Caribou Munroes,NS ,2,Senior,CampsitePermit,Less than 20ft,
Porters Lake,NS ,6,Full,CampsitePermit,Single Tent,
Graves Island,NS ,1,Full,CampsitePermit,Single Tent,
Caribou Munroes,SK ,4,Full,CampsitePermit,Single Tent,
Five Islands,QC ,2,Full,CampsitePermit,Single Tent,
The Islands,NS ,2,Full,CampsitePermit,Single Tent,
Dollar Lake,QC ,3,Full,CampsitePermit,Single Tent,
Five Islands,NS ,2,Senior,CampsitePermit,Less than 20ft,
Smileys,NS ,3,Senior,CampsitePermit,Less than 30ft,
Porters Lake,SK ,2,Full,CampsitePermit,Single Tent,
Blomidon,NS ,4,Full,CampsitePermit,Tents,
Graves Island,NS ,3,Senior,CampsitePermit,Less than 30ft,
Porters Lake,QC ,3,Full,CampsitePermit,Single Tent,
Thomas Raddall,NS ,4,Full,CampsitePermit,Tents,
Blomidon,NS ,2,Full,CampsitePermit,Single Tent,
Mira River,NS ,2,Full,CampsitePermit,Less than 30ft,
Thomas Raddall,NS ,4,Full,CampsitePermit,Single Tent,
Dollar Lake,NS ,6,Full,CampsitePermit,Tents,
Five Islands,NS ,2,Full,CampsitePermit,Single Tent,
Graves Island,NB ,1,Full,CampsitePermit,Single Tent,
Battery,ON ,2,Full,CampsitePermit,Tents,
Thomas Raddall,NS ,2,Senior,CampsitePermit,Single Tent,
Amherst Shore,NS ,2,Senior,CampsitePermit,Less than 30ft,
Five Islands,ON ,5,Full,CampsitePermit,Single Tent,
Battery,NS ,4,Full,CampsitePermit,Single Tent,
Mira River,NS ,5,Full,CampsitePermit,Less than 20ft,
Rissers Beach,NS ,2,Senior,CampsitePermit,Single Tent,
Rissers Beach,NS ,5,Full,CampsitePermit,Tents,
Boylston,NS ,2,Full,CampsitePermit,Single Tent,
Thomas Raddall,NS ,4,Full,CampsitePermit,Less than 40ft,
Caribou Munroes,NS ,4,Full,CampsitePermit,Less than 20ft,
Amherst Shore,NB ,2,Full,CampsitePermit,Less than 40ft,
Rissers Beach,NS ,2,Full,CampsitePermit,Single Tent,
Mira River,NS ,4,Full,CampsitePermit,Less than 20ft,
Porters Lake,NS ,2,Full,CampsitePermit,Single Tent,
Blomidon,NS ,2,Full,CampsitePermit,Single Tent,
Battery,MB ,2,Senior,CampsitePermit,Single Tent,
Amherst Shore,NS ,4,Full,CampsitePermit,Single Tent,
Porters Lake,QC ,2,Full,CampsitePermit,Single Tent,
Ellenwood Lake,NS ,4,Full,CampsitePermit,Single Tent,
Thomas Raddall,NS ,2,Full,CampsitePermit,Less than 30ft,
Laurie,NS ,2,Full,CampsitePermit,Single Tent,
Smileys,NS ,6,Full,CampsitePermit,Tents,
Mira River,QC ,2,Senior,CampsitePermit,Less than 20ft,
Amherst Shore,ON ,2,Full,CampsitePermit,Single Tent,
Dollar Lake,NS ,1,Full,CampsitePermit,Less than 20ft,
Caribou Munroes,NS ,4,Full,CampsitePermit,Less than 30ft,
Valleyview,NS ,4,Full,CampsitePermit,Single Tent,
Rissers Beach,NS ,2,Full,CampsitePermit,Less than 30ft,
Dollar Lake,NS ,2,Full,CampsitePermit,Less than 20ft,
Caribou Munroes,NS ,4,Full,CampsitePermit,Less than 20ft,
Blomidon,NS ,1,Full,CampsitePermit,Single Tent,
Rissers Beach,NS ,4,Full,CampsitePermit,Single Tent,
Graves Island,NS ,2,Full,CampsitePermit,Single Tent,
Graves Island,AB ,2,Full,CampsitePermit,Single Tent,
Dollar Lake,NS ,5,Full,CampsitePermit,Tents,
Graves Island,ON ,1,Full,CampsitePermit,Single Tent,
Porters Lake,NS ,2,Senior,CampsitePermit,Less than 40ft,
The Islands,NS ,4,Full,CampsitePermit,Tents,
Mira River,QC ,4,Full,CampsitePermit,Tents,
Mira River,NS ,6,Full,CampsitePermit,Less than 20ft,
Rissers Beach,NS ,4,Full,CampsitePermit,Less than 40ft,
Laurie,NB ,3,Full,CampsitePermit,Single Tent,
Caribou Munroes,QC ,2,Full,CampsitePermit,Single Tent,
Amherst Shore,QC ,2,Full,CampsitePermit,Single Tent,
Graves Island,NS ,2,Senior,CampsitePermit,Less than 20ft,
Valleyview,ON ,2,Senior,CampsitePermit,Single Tent,
Amherst Shore,ON ,2,Full,CampsitePermit,Single Tent,
Porters Lake,NS ,5,Full,CampsitePermit,Single Tent,
Rissers Beach,NS ,2,Full,CampsitePermit,Less than 30ft,
Porters Lake,NS ,2,Full,CampsitePermit,Single Tent,
Battery,QC ,2,Full,CampsitePermit,Single Tent,
Mira River,ON ,3,Senior,CampsitePermit,Tents,
Battery,SK ,2,Full,CampsitePermit,Single Tent,
Battery,NS ,2,Full,CampsitePermit,Less than 20ft,
Mira River,NS ,6,Full,CampsitePermit,Single Tent,
Graves Island,NS ,5,Full,CampsitePermit,Tents,
Rissers Beach,NS ,3,Full,CampsitePermit,Less than 20ft,
Mira River,NS ,2,Full,CampsitePermit,Less than 20ft,
Rissers Beach,NS ,4,Full,CampsitePermit,Single Tent,
Whycocomagh,QC ,4,Full,CampsitePermit,Less than 30ft,
Salsman,NS ,2,Senior,CampsitePermit,Less than 20ft,
Amherst Shore,NS ,2,Full,CampsitePermit,Less than 30ft,
Rissers Beach,NS ,6,Full,CampsitePermit,Tents,
Mira River,NS ,2,Full,CampsitePermit,Less than 20ft,
Graves Island,NS ,2,Senior,CampsitePermit,Less than 30ft,
Whycocomagh,ON ,2,Senior,CampsitePermit,Single Tent,
Salsman,NS ,2,Full,CampsitePermit,Single Tent,
Porters Lake,NS ,1,Full,CampsitePermit,Single Tent,
Rissers Beach,NS ,2,Full,CampsitePermit,Single Tent,
Graves Island,NS ,4,Full,CampsitePermit,Less than 30ft,
Caribou Munroes,NS ,6,Full,CampsitePermit,Less than 20ft,
Blomidon,ON ,1,Full,CampsitePermit,Single Tent,
Dollar Lake,NS ,2,Full,CampsitePermit,Single Tent,
Mira River,NS ,5,Full,CampsitePermit,Single Tent,
Mira River,ON ,4,Full,CampsitePermit,Tents,
Porters Lake,NS ,2,Full,CampsitePermit,Single Tent,
Laurie,QC ,2,Full,CampsitePermit,Single Tent,
Whycocomagh,NB ,2,Full,CampsitePermit,Single Tent,
Five Islands,NS ,2,Full,CampsitePermit,Less than 20ft,
Ellenwood Lake,NS ,2,Full,CampsitePermit,Less than 30ft,
Laurie,QC ,2,Full,CampsitePermit,Single Tent,
Battery,QC ,2,Full,CampsitePermit,Single Tent,
Mira River,NS ,3,Full,CampsitePermit,Less than 20ft,
Caribou Munroes,ON ,2,Full,CampsitePermit,Single Tent,
Amherst Shore,NS ,2,Full,CampsitePermit,Single Tent,
Caribou Munroes,NS ,2,Senior,CampsitePermit,Less than 40ft,
Cape Chignecto,QC ,2,Full,BackcountryPermit,Single Tent,
Mira River,NS ,3,Full,CampsitePermit,Single Tent,
Caribou Munroes,NS ,5,Full,CampsitePermit,Single Tent,
Five Islands,NS ,3,Full,CampsitePermit,Less than 30ft,
Rissers Beach,NB ,2,Full,CampsitePermit,Single Tent,
The Islands,QC ,1,Full,CampsitePermit,Single Tent,
Smileys,NS ,2,Full,CampsitePermit,Single Tent,
Graves Island,NS ,4,Full,CampsitePermit,Single Tent,
Dollar Lake,NS ,2,Full,CampsitePermit,Single Tent,
Graves Island,NS ,3,Full,CampsitePermit,Less than 40ft,
Rissers Beach,NS ,3,Full,CampsitePermit,Less than 40ft,
Dollar Lake,NS ,2,Senior,CampsitePermit,Less than 20ft,
Dollar Lake,NS ,3,Full,CampsitePermit,Less than 20ft,
Five Islands,ON ,1,Full,CampsitePermit,Single Tent,
Whycocomagh,NS ,2,Full,CampsitePermit,Single Tent,
Mira River,QC ,3,Full,CampsitePermit,Less than 20ft,
Rissers Beach,NS ,2,Full,CampsitePermit,Single Tent,
Thomas Raddall,NS ,1,Full,CampsitePermit,Less than 20ft,
Mira River,NS ,2,Full,CampsitePermit,Single Tent,
Battery,BC ,2,Senior,CampsitePermit,Single Tent,
Laurie,NS ,2,Full,CampsitePermit,Single Tent,
Thomas Raddall,ON ,1,Full,CampsitePermit,Single Tent,
Graves Island,NS ,2,Full,CampsitePermit,Less than 30ft,
Graves Island,NS ,3,Full,CampsitePermit,Less than 30ft,
Blomidon,NS ,4,Full,CampsitePermit,Single Tent,
Laurie,NS ,4,Full,CampsitePermit,Tents,
Rissers Beach,NS ,1,Senior,CampsitePermit,Single Tent,
Five Islands,NB ,2,Senior,CampsitePermit,Less than 20ft,
Battery,NS ,1,Full,CampsitePermit,Less than 30ft,
Graves Island,NS ,2,Full,CampsitePermit,Less than 30ft,
Amherst Shore,ON ,1,Full,CampsitePermit,Single Tent,
Ellenwood Lake,NS ,4,Full,CampsitePermit,Single Tent,
Battery,NS ,5,Full,CampsitePermit,Less than 20ft,
Thomas Raddall,NS ,4,Full,CampsitePermit,Single Tent,
Mira River,NS ,2,Senior,CampsitePermit,Less than 30ft,
Rissers Beach,NS ,4,Full,CampsitePermit,Tents,
Graves Island,QC ,5,Full,CampsitePermit,Less than 20ft,
Graves Island,NS ,6,Full,CampsitePermit,Less than 20ft,
The Islands,QC ,2,Full,CampsitePermit,Single Tent,
Laurie,NS ,3,Full,CampsitePermit,Single Tent,
Caribou Munroes,NS ,2,Full,CampsitePermit,Single Tent,
Mira River,ON ,5,Full,CampsitePermit,Less than 40ft,
Rissers Beach,NS ,4,Full,CampsitePermit,Less than 20ft,
Mira River,NS ,5,Full,CampsitePermit,Tents,
Graves Island,NS ,2,Senior,CampsitePermit,Less than 20ft,
Amherst Shore,NS ,2,Full,CampsitePermit,Less than 20ft,
Mira River,NS ,5,Full,CampsitePermit,Less than 30ft,
Caribou Munroes,NS ,4,Full,CampsitePermit,Less than 20ft,
The Islands,NS ,3,Full,CampsitePermit,Single Tent,
Rissers Beach,NS ,2,Full,CampsitePermit,Less than 30ft,
Smileys,NS ,2,Full,CampsitePermit,Less than 20ft,
Ellenwood Lake,NS ,2,Host,CampsitePermit,Single Tent,
Thomas Raddall,NS ,3,Full,CampsitePermit,Less than 20ft,
The Islands,QC ,2,Full,CampsitePermit,Single Tent,
Mira River,NS ,2,Full,CampsitePermit,Less than 30ft,
Mira River,NS ,3,Full,CampsitePermit,Less than 20ft,
Five Islands,QC ,2,Full,CampsitePermit,Single Tent,
Blomidon,NS ,4,Full,CampsitePermit,Tents,
Whycocomagh,NS ,3,Full,CampsitePermit,Tents,
Mira River,AB ,2,Senior,CampsitePermit,Less than 20ft,
Graves Island,NS ,3,Senior,CampsitePermit,Less than 20ft,
Five Islands,ON ,2,Full,CampsitePermit,Single Tent,
Dollar Lake,NS ,6,Full,CampsitePermit,Tents,
Porters Lake,NS ,6,Full,CampsitePermit,Tents,
Graves Island,NS ,2,Full,CampsitePermit,Less than 20ft,
Porters Lake,NS ,2,Full,CampsitePermit,Less than 30ft,
Porters Lake,NS ,2,Veteran,CampsitePermit,Less than 30ft,
Mira River,NS ,4,Full,CampsitePermit,Less than 40ft,
Mira River,NS ,2,Full,CampsitePermit,Less than 30ft,
Caribou Munroes,NS ,4,Full,CampsitePermit,Tents,
Whycocomagh,NS ,5,Full,CampsitePermit,Single Tent,
Blomidon,NL ,3,Full,CampsitePermit,Less than 30ft,
Rissers Beach,NS ,2,Senior,CampsitePermit,Less than 20ft,
Graves Island,NS ,2,Senior,CampsitePermit,Less than 30ft,
Mira River,AB ,5,Full,CampsitePermit,Single Tent,
Blomidon,NS ,2,Full,CampsitePermit,Less than 20ft,
Five Islands,AB ,2,Full,CampsitePermit,Less than 20ft,
Dollar Lake,NS ,4,Full,CampsitePermit,Less than 20ft,
Caribou Munroes,ON ,4,Full,CampsitePermit,Less than 20ft,
Rissers Beach,NS ,4,Full,CampsitePermit,Less than 20ft,
Blomidon,NS ,2,Full,CampsitePermit,Single Tent,
Rissers Beach,NS ,3,Full,CampsitePermit,Less than 20ft,
Thomas Raddall,NS ,2,Full,CampsitePermit,Less than 20ft,
Graves Island,NS ,2,Full,CampsitePermit,Less than 40ft,
Amherst Shore,NS ,2,Full,CampsitePermit,Single Tent,
Laurie,ON ,2,Senior,CampsitePermit,Less than 20ft,
Graves Island,NS ,2,Full,CampsitePermit,Tents,
Caribou Munroes,QC ,2,Full,CampsitePermit,Less than 20ft,
Mira River,NS ,4,Full,CampsitePermit,Less than 30ft,
Dollar Lake,NS ,2,Full,CampsitePermit,Single Tent,
Blomidon,QC ,2,Full,CampsitePermit,Single Tent,
Porters Lake,NS ,2,Senior,CampsitePermit,Tents,
Amherst Shore,NS ,6,Full,CampsitePermit,Tents,
Five Islands,NS ,5,Full,CampsitePermit,Tents,
Boylston,BC ,4,Full,CampsitePermit,Tents,
Laurie,ON ,2,Senior,CampsitePermit,Single Tent,
Thomas Raddall,NS ,4,Full,CampsitePermit,Less than 40ft,
Graves Island,ON ,2,Full,CampsitePermit,Less than 20ft,
Porters Lake,NS ,4,Full,CampsitePermit,Tents,
Porters Lake,NS ,4,Full,CampsitePermit,Tents,
Porters Lake,NS ,2,Full,CampsitePermit,Single Tent,
Porters Lake,NS ,4,Full,CampsitePermit,Single Tent,
Smileys,NS ,4,Full,CampsitePermit,Less than 30ft,
Ellenwood Lake,NS ,4,Full,CampsitePermit,Single Tent,
Rissers Beach,NS ,2,Full,CampsitePermit,Less than 30ft,
Battery,NL ,2,Senior,CampsitePermit,Single Tent,
Laurie,NS ,2,Full,CampsitePermit,Less than 30ft,
Thomas Raddall,NS ,2,Full,CampsitePermit,Single Tent,
Battery,NS ,1,Full,CampsitePermit,Single Tent,
Dollar Lake,NS ,2,Full,CampsitePermit,Single Tent,
Mira River,PE ,4,Full,CampsitePermit,Less than 30ft,
Rissers Beach,NS ,4,Full,CampsitePermit,Less than 30ft,
Dollar Lake,NS ,2,Full,CampsitePermit,Single Tent,
Ellenwood Lake,NS ,2,Full,CampsitePermit,Single Tent,
Rissers Beach,NS ,3,Full,CampsitePermit,Single Tent,
Whycocomagh,NS ,2,Senior,CampsitePermit,Less than 20ft,
Dollar Lake,NS ,4,Full,CampsitePermit,Tents,
Thomas Raddall,NS ,6,Full,CampsitePermit,Single Tent,
Graves Island,NS ,2,Full,CampsitePermit,Single Tent,
Caribou Munroes,NS ,4,Full,CampsitePermit,Single Tent,
Rissers Beach,NS ,2,Full,CampsitePermit,Single Tent,
Porters Lake,NS ,2,Full,CampsitePermit,Single Tent,
Graves Island,NS ,2,Full,CampsitePermit,Less than 30ft,
Dollar Lake,NS ,2,Full,CampsitePermit,Single Tent,
Laurie,NS ,3,Full,CampsitePermit,Single Tent,
Caribou Munroes,NS ,2,Full,CampsitePermit,Less than 30ft,
Mira River,AB ,6,Full,CampsitePermit,Less than 40ft,
Rissers Beach,NS ,2,Full,CampsitePermit,Less than 20ft,
Caribou Munroes,NS ,2,Full,CampsitePermit,Less than 30ft,
Dollar Lake,NS ,2,Full,CampsitePermit,Single Tent,
Caribou Munroes,NS ,2,Full,CampsitePermit,Less than 20ft,
The Islands,NS ,4,Full,CampsitePermit,Less than 30ft,
Graves Island,ON ,2,Full,CampsitePermit,Less than 40ft,
Ellenwood Lake,NS ,4,Full,CampsitePermit,Less than 30ft,
Porters Lake,NS ,2,FULL,CampsitePermit,Less than 20ft,
Five Islands,NS ,1,Full,CampsitePermit,Single Tent,
Caribou Munroes,NS ,4,Full,CampsitePermit,Less than 30ft,
Smileys,NS ,5,Full,CampsitePermit,Tents,
Blomidon,NS ,2,Full,CampsitePermit,Less than 40ft,
Blomidon,NS ,2,Full,CampsitePermit,Less than 20ft,
Graves Island,QC ,2,Full,CampsitePermit,Single Tent,
Whycocomagh,NS ,6,Full,YurtPermit,Tents,
Porters Lake,NS ,5,Full,CampsitePermit,Less than 20ft,
Mira River,NS ,4,Full,CampsitePermit,Less than 20ft,
Five Islands,MB ,2,Full,CampsitePermit,Single Tent,
Dollar Lake,NS ,2,Full,CampsitePermit,Less than 20ft,
Graves Island,NS ,2,Full,CampsitePermit,Less than 20ft,
Graves Island,NS ,2,Full,CampsitePermit,Single Tent,
Ellenwood Lake,NS ,4,Full,CampsitePermit,Tents,
Rissers Beach,NS ,4,Full,CampsitePermit,Single Tent,
Whycocomagh,NS ,2,Full,CampsitePermit,Single Tent,
Five Islands,NS ,2,Full,CampsitePermit,Single Tent,
Caribou Munroes,BC ,2,Full,CampsitePermit,Single Tent,
Caribou Munroes,NS ,2,Senior,CampsitePermit,Single Tent,
Thomas Raddall,NS ,5,Full,CampsitePermit,Single Tent,
Rissers Beach,NS ,2,Full,CampsitePermit,Less than 30ft,
Cape Chignecto,NB ,2,Full,BackcountryPermit,Single Tent,
Porters Lake,NS ,3,Full,CampsitePermit,Single Tent,
Caribou Munroes,QC ,2,Senior,CampsitePermit,Less than 20ft,
Rissers Beach,NS ,4,Full,CampsitePermit,Less than 20ft,
Rissers Beach,QC ,2,Senior,CampsitePermit,Less than 40ft,
Whycocomagh,NS ,2,Full,CampsitePermit,Less than 20ft,
Whycocomagh,AB ,1,Full,CampsitePermit,Single Tent,
Thomas Raddall,NS ,2,Veteran,CampsitePermit,Less than 20ft,
Blomidon,NS ,2,Full,CampsitePermit,Single Tent,
Salsman,NS ,2,Full,CampsitePermit,Single Tent,
Mira River,NS ,6,Full,CampsitePermit,Less than 30ft,
Dollar Lake,ON ,2,Full,CampsitePermit,Single Tent,
The Islands,NS ,3,Full,CampsitePermit,Less than 20ft,
Amherst Shore,NS ,4,Full,CampsitePermit,Single Tent,
The Islands,NS ,2,Full,CampsitePermit,Less than 20ft,
Caribou Munroes,NS ,2,Full,CampsitePermit,Single Tent,
Ellenwood Lake,NS ,4,Full,CampsitePermit,Less than 30ft,
Dollar Lake,NS ,2,Full,CampsitePermit,Tents,
Amherst Shore,NS ,4,Full,CampsitePermit,Less than 20ft,
Porters Lake,ON ,2,Full,CampsitePermit,Single Tent,
The Islands,NS ,4,Full,CampsitePermit,Tents,
Five Islands,QC ,4,Full,CampsitePermit,Single Tent,
Graves Island,NS ,2,Senior,CampsitePermit,Less than 30ft,
Five Islands,QC ,2,Senior,CampsitePermit,Single Tent,
Mira River,NS ,3,Full,CampsitePermit,Less than 20ft,
Dollar Lake,NS ,4,Full,CampsitePermit,Less than 30ft,
Rissers Beach,NS ,4,Full,CampsitePermit,Less than 30ft,
Porters Lake,NS ,3,Full,CampsitePermit,Single Tent,
Smileys,NS ,2,Full,CampsitePermit,Single Tent,
Porters Lake,NS ,2,Full,CampsitePermit,Less than 20ft,
Amherst Shore,ON ,2,Senior,CampsitePermit,Single Tent,
Caribou Munroes,ON ,2,Full,CampsitePermit,Less than 20ft,
Graves Island,NS ,6,Full,CampsitePermit,Less than 20ft,
Whycocomagh,AB ,2,Full,CampsitePermit,Less than 30ft,
Rissers Beach,NS ,2,Full,CampsitePermit,Single Tent,
Porters Lake,ON ,2,Full,CampsitePermit,Single Tent,
Cape Chignecto,NB ,2,Senior,BackcountryPermit,Single Tent,
Caribou Munroes,QC ,2,Full,CampsitePermit,Less than 30ft,
Dollar Lake,NS ,4,Full,CampsitePermit,Tents,
Rissers Beach,NS ,2,Full,CampsitePermit,Single Tent,
Graves Island,NS ,1,Full,CampsitePermit,Single Tent,
Porters Lake,QC ,2,Full,CampsitePermit,Single Tent,
Graves Island,QC ,2,Full,CampsitePermit,Single Tent,
Graves Island,NS ,3,Senior,CampsitePermit,Less than 20ft,
Caribou Munroes,NS ,4,Senior,CampsitePermit,Less than 30ft,
Graves Island,NS ,2,Full,CampsitePermit,Less than 20ft,
Rissers Beach,ON ,5,Full,CampsitePermit,Less than 30ft,
Cape Chignecto,NS ,4,Full,BackcountryPermit,Tents,
Rissers Beach,NS ,4,Full,CampsitePermit,Single Tent,
Rissers Beach,NS ,4,Full,CampsitePermit,Less than 30ft,
Mira River,ON ,5,Full,CampsitePermit,Greater than 40ft,
The Islands,NS ,4,Full,CampsitePermit,Less than 30ft,
Blomidon,ON ,2,Full,CampsitePermit,Single Tent,
Porters Lake,NS ,2,Full,CampsitePermit,Less than 30ft,
The Islands,BC ,2,Senior,CampsitePermit,Less than 20ft,
Thomas Raddall,NS ,4,Full,CampsitePermit,Less than 20ft,
Porters Lake,ON ,2,Full,CampsitePermit,Single Tent,
Porters Lake,ON ,4,Full,CampsitePermit,Tents,
Caribou Munroes,NS ,4,Full,CampsitePermit,Single Tent,
Ellenwood Lake,NS ,4,Full,CampsitePermit,Less than 20ft,
Mira River,QC ,2,Senior,CampsitePermit,Less than 20ft,
Dollar Lake,NS ,3,Full,CampsitePermit,Tents,
Caribou Munroes,NS ,2,Full,CampsitePermit,Single Tent,
Rissers Beach,NS ,2,Full,CampsitePermit,Less than 30ft,
Caribou Munroes,ON ,2,Full,CampsitePermit,Single Tent,
Cape Chignecto,NS ,1,Full,BackcountryPermit,Single Tent,
Ellenwood Lake,NB ,2,Full,CampsitePermit,Single Tent,
Rissers Beach,NS ,6,Full,CampsitePermit,Tents,
Thomas Raddall,NS ,3,Full,CampsitePermit,Less than 20ft,
Porters Lake,NS ,4,Full,CampsitePermit,Single Tent,
Amherst Shore,NS ,5,Full,CampsitePermit,Single Tent,
Caribou Munroes,AB ,2,Full,CampsitePermit,Less than 30ft,
Caribou Munroes,NS ,2,Senior,CampsitePermit,Less than 30ft,
Cape Chignecto,NB ,2,Full,BackcountryPermit,Single Tent,
Rissers Beach,NS ,6,Full,CampsitePermit,Tents,
Ellenwood Lake,NS ,2,Full,CampsitePermit,Less than 20ft,
Smileys,NS ,1,Full,CampsitePermit,Less than 20ft,
Amherst Shore,NS ,2,Full,CampsitePermit,Less than 30ft,
Battery,NS ,2,Senior,CampsitePermit,Single Tent,
Five Islands,NS ,2,Full,CampsitePermit,Less than 20ft,
Dollar Lake,NS ,4,Full,CampsitePermit,Single Tent,
Mira River,ON ,4,Full,CampsitePermit,Single Tent,
Rissers Beach,NS ,6,Full,CampsitePermit,Tents,
Mira River,NS ,4,Full,CampsitePermit,Less than 30ft,
Rissers Beach,NS ,3,Full,CampsitePermit,Less than 20ft,
Battery,SK ,2,Senior,CampsitePermit,Less than 20ft,
Dollar Lake,NS ,2,Full,CampsitePermit,Less than 20ft,
Battery,BC ,2,Full,CampsitePermit,Single Tent,
Blomidon,QC ,2,Full,CampsitePermit,Single Tent,
Whycocomagh,NS ,2,Full,CampsitePermit,Single Tent,
Graves Island,QC ,2,Full,CampsitePermit,Less than 20ft,
Thomas Raddall,NS ,4,Full,CampsitePermit,Less than 20ft,
Mira River,QC ,2,Full,CampsitePermit,Less than 20ft,
Whycocomagh,ON ,4,Full,CampsitePermit,Single Tent,
Porters Lake,NB ,4,Full,CampsitePermit,Single Tent,
Mira River,NS ,2,Full,CampsitePermit,Single Tent,
Laurie,ON ,3,Full,CampsitePermit,Less than 20ft,
Five Islands,NL ,4,Full,CampsitePermit,Tents,
Porters Lake,NS ,2,Full,CampsitePermit,Less than 30ft,
Laurie,NS ,2,Full,CampsitePermit,Single Tent,
Graves Island,NS ,2,Full,CampsitePermit,Less than 30ft,
Blomidon,NS ,3,Full,CampsitePermit,Single Tent,
Amherst Shore,NS ,2,Full,CampsitePermit,Less than 20ft,
Porters Lake,NS ,4,Full,CampsitePermit,Tents,
Salsman,NS ,6,Full,CampsitePermit,Single Tent,
Graves Island,NS ,2,Full,CampsitePermit,Less than 20ft,
Rissers Beach,NS ,2,Full,CampsitePermit,Less than 30ft,
Caribou Munroes,NS ,5,Full,CampsitePermit,Less than 20ft,
Rissers Beach,NS ,2,Full,CampsitePermit,Less than 40ft,
Rissers Beach,NS ,2,Senior,CampsitePermit,Less than 20ft,
Rissers Beach,NS ,3,Full,CampsitePermit,Single Tent,
Five Islands,BC ,2,Full,CampsitePermit,Less than 20ft,
Graves Island,NS ,3,Full,CampsitePermit,Single Tent,
Thomas Raddall,NS ,1,Full,CampsitePermit,Single Tent,
Graves Island,NS ,1,Full,CampsitePermit,Single Tent,
Thomas Raddall,NS ,2,Full,CampsitePermit,Single Tent,
Caribou Munroes,NS ,3,Full,CampsitePermit,Single Tent,
Rissers Beach,NS ,2,Full,CampsitePermit,Less than 30ft,
Ellenwood Lake,ON ,2,Senior,CampsitePermit,Single Tent,
Rissers Beach,NS ,2,Full,CampsitePermit,Single Tent,
Rissers Beach,NS ,2,Full,CampsitePermit,Less than 20ft,
Amherst Shore,NS ,4,Full,CampsitePermit,Less than 30ft,
Graves Island,NS ,2,Senior,CampsitePermit,Less than 20ft,
Rissers Beach,ON ,2,Full,CampsitePermit,Single Tent,
Porters Lake,NS ,3,Full,CampsitePermit,Single Tent,
Caribou Munroes,ON ,2,Full,CampsitePermit,Single Tent,
Dollar Lake,NS ,4,Full,CampsitePermit,Less than 20ft,
Caribou Munroes,AB ,2,Full,CampsitePermit,Single Tent,
Graves Island,NS ,1,Full,CampsitePermit,Single Tent,
Mira River,ON ,2,Full,CampsitePermit,Less than 20ft,
Five Islands,ON ,2,Full,CampsitePermit,Single Tent,
Thomas Raddall,NS ,3,Veteran,CampsitePermit,Single Tent,
Valleyview,NS ,4,Full,CampsitePermit,Less than 30ft,
Mira River,NS ,4,Full,CampsitePermit,Less than 30ft,
Dollar Lake,NS ,2,Full,CampsitePermit,Less than 20ft,
Whycocomagh,NS ,2,Full,YurtPermit,Tents,
Salsman,NS ,4,Full,CampsitePermit,Single Tent,
Graves Island,NS ,2,Full,CampsitePermit,Single Tent,
Mira River,QC ,2,Full,CampsitePermit,Less than 20ft,
The Islands,NS ,2,Full,CampsitePermit,Single Tent,
Rissers Beach,NS ,2,Senior,CampsitePermit,Less than 40ft,
Graves Island,NS ,4,Full,CampsitePermit,Single Tent,
Porters Lake,QC ,2,Full,CampsitePermit,Less than 20ft,
Porters Lake,NS ,2,Full,CampsitePermit,Less than 20ft,
Battery,ON ,2,Senior,CampsitePermit,Single Tent,
Laurie,NS ,6,Full,CampsitePermit,Tents,
Battery,ON ,1,Full,CampsitePermit,Single Tent,
Thomas Raddall,NS ,2,Full,CampsitePermit,Less than 40ft,
Thomas Raddall,NS ,6,Full,CampsitePermit,Less than 30ft,
Boylston,ON ,2,Full,CampsitePermit,Single Tent,
Amherst Shore,QC ,1,Full,CampsitePermit,Single Tent,
Porters Lake,ON ,2,Senior,CampsitePermit,Less than 40ft,
Dollar Lake,NS ,4,Full,CampsitePermit,Tents,
Caribou Munroes,QC ,2,Full,CampsitePermit,Single Tent,
Caribou Munroes,QC ,2,Senior,CampsitePermit,Less than 30ft,
Caribou Munroes,NS ,4,Full,CampsitePermit,Tents,
Mira River,NS ,4,Full,CampsitePermit,Less than 20ft,
Five Islands,NS ,2,Full,CampsitePermit,Single Tent,
Porters Lake,QC ,5,Full,CampsitePermit,Single Tent,
Laurie,NS ,4,Full,CampsitePermit,Less than 20ft,
Rissers Beach,NS ,3,FULL,CampsitePermit,Single Tent,
Laurie,NS ,2,Veteran,CampsitePermit,Less than 20ft,
Mira River,QC ,2,Full,CampsitePermit,Less than 20ft,
Amherst Shore,NS ,3,Full,CampsitePermit,Less than 20ft,
Five Islands,NS ,3,Full,CampsitePermit,Single Tent,
Graves Island,NS ,2,Full,CampsitePermit,Less than 30ft,
Smileys,NS ,4,Full,CampsitePermit,Single Tent,
Amherst Shore,NS ,2,Full,CampsitePermit,Less than 20ft,
Five Islands,NS ,2,Full,CampsitePermit,Single Tent,
Ellenwood Lake,ON ,2,Senior,CampsitePermit,Less than 20ft,
Graves Island,NS ,4,Full,CampsitePermit,Less than 30ft,
Mira River,QC ,2,Full,CampsitePermit,Less than 30ft,
Laurie,NS ,4,Full,CampsitePermit,Single Tent,
Dollar Lake,NS ,2,Full,CampsitePermit,Single Tent,
Blomidon,NS ,2,Senior,CampsitePermit,Less than 30ft,
Amherst Shore,QC ,4,Full,CampsitePermit,Single Tent,
Mira River,ON ,2,Senior,CampsitePermit,Less than 40ft,
Smileys,NS ,2,Full,CampsitePermit,Single Tent,
Graves Island,NS ,3,Full,CampsitePermit,Less than 20ft,
Rissers Beach,NS ,2,Full,CampsitePermit,Less than 20ft,
Graves Island,NS ,4,Full,CampsitePermit,Less than 20ft,
Graves Island,QC ,3,Full,CampsitePermit,Less than 30ft,
Dollar Lake,NS ,6,Full,CampsitePermit,Less than 20ft,
Mira River,NS ,3,Full,CampsitePermit,Single Tent,
Battery,NS ,1,Senior,CampsitePermit,Single Tent,
Porters Lake,NS ,3,Full,CampsitePermit,Tents,
Rissers Beach,NS ,4,Full,CampsitePermit,Tents,
Blomidon,QC ,2,Senior,CampsitePermit,Single Tent,
Caribou Munroes,NS ,2,Full,CampsitePermit,Single Tent,
Mira River,NS ,4,Full,CampsitePermit,Single Tent,
Mira River,QC ,4,Full,CampsitePermit,Less than 20ft,
Graves Island,NS ,4,Full,CampsitePermit,Single Tent,
Thomas Raddall,NS ,2,Full,CampsitePermit,Single Tent,
Blomidon,NS ,2,Full,CampsitePermit,Less than 30ft,
Porters Lake,NS ,2,Full,CampsitePermit,Less than 30ft,
Graves Island,NS ,1,Full,CampsitePermit,Single Tent,
Porters Lake,NS ,3,Full,CampsitePermit,Single Tent,
Caribou Munroes,NS ,5,Full,CampsitePermit,Single Tent,
Mira River,QC ,2,Full,CampsitePermit,Less than 20ft,
Graves Island,NS ,2,Full,CampsitePermit,Single Tent,
Smileys,NS ,4,Full,CampsitePermit,Greater than 40ft,
Cape Chignecto,NS ,3,Full,BackcountryPermit,Single Tent,
Ellenwood Lake,NS ,3,Full,CampsitePermit,Single Tent,
Rissers Beach,ON ,3,Full,CampsitePermit,Single Tent,
Mira River,QC ,2,Full,CampsitePermit,Single Tent,
The Islands,NS ,3,Full,CampsitePermit,Single Tent,
Boylston,NS ,2,Full,CampsitePermit,Single Tent,
Laurie,ON ,4,Full,CampsitePermit,Less than 20ft,
Thomas Raddall,NS ,2,Full,CampsitePermit,Single Tent,
Blomidon,NS ,3,Full,CampsitePermit,Less than 30ft,
Dollar Lake,NS ,2,Full,CampsitePermit,Single Tent,
Rissers Beach,NS ,3,Full,CampsitePermit,Less than 30ft,
Battery,ON ,2,Senior,CampsitePermit,Single Tent,
Ellenwood Lake,NS ,4,Full,CampsitePermit,Single Tent,
Rissers Beach,AB ,3,Full,CampsitePermit,Single Tent,
Rissers Beach,NS ,3,Full,CampsitePermit,Less than 30ft,
Rissers Beach,NS ,6,Full,CampsitePermit,Less than 30ft,
Rissers Beach,ON ,2,Full,CampsitePermit,Single Tent,
Ellenwood Lake,NS ,5,Full,CampsitePermit,Single Tent,
Five Islands,NS ,6,Full,CampsitePermit,Tents,
Mira River,NS ,2,Full,CampsitePermit,Less than 30ft,
Graves Island,NS ,2,Full,CampsitePermit,Less than 30ft,
The Islands,ON ,2,Full,CampsitePermit,Tents,
Blomidon,NS ,2,Full,CampsitePermit,Tents,
Amherst Shore,NS ,2,Senior,CampsitePermit,Single Tent,
Rissers Beach,NS ,3,Full,CampsitePermit,Single Tent,
Cape Chignecto,NS ,2,Senior,BackcountryPermit,Single Tent,
Rissers Beach,NS ,2,Full,CampsitePermit,Less than 40ft,
Amherst Shore,NS ,4,Senior,CampsitePermit,Less than 20ft,
Mira River,NS ,4,Full,CampsitePermit,Tents,
Battery,NS ,2,Full,CampsitePermit,Less than 20ft,
Thomas Raddall,NS ,4,Full,CampsitePermit,Tents,
Thomas Raddall,NS ,2,Full,CampsitePermit,Single Tent,
The Islands,NS ,2,Full,CampsitePermit,Less than 20ft,
Battery,QC ,2,Full,CampsitePermit,Single Tent,
Five Islands,NS ,4,Full,CampsitePermit,Less than 20ft,
Cape Chignecto,NS ,2,Full,BackcountryPermit,Single Tent,
Thomas Raddall,NS ,4,Full,CampsitePermit,Single Tent,
Graves Island,NS ,2,Full,CampsitePermit,Less than 30ft,
Battery,NS ,2,Full,CampsitePermit,Single Tent,
Whycocomagh,QC ,3,Full,CampsitePermit,Single Tent,
Porters Lake,ON ,2,Full,CampsitePermit,Less than 30ft,
Rissers Beach,NS ,4,Full,CampsitePermit,Less than 20ft,
The Islands,NS ,5,Full,CampsitePermit,Less than 20ft,
Smileys,NS ,4,Full,CampsitePermit,Less than 20ft,
Laurie,AB ,1,Full,CampsitePermit,Less than 30ft,
Battery,ON ,1,Full,CampsitePermit,Single Tent,
Dollar Lake,NS ,5,Full,CampsitePermit,Less than 20ft,
Whycocomagh,NS ,2,Full,CampsitePermit,Tents,
Whycocomagh,NS ,3,Full,YurtPermit,Tents,
Blomidon,NS ,1,Full,CampsitePermit,Single Tent,
Laurie,NS ,3,Full,CampsitePermit,Single Tent,
Blomidon,NS ,2,Full,CampsitePermit,Single Tent,
Dollar Lake,NS ,2,Full,CampsitePermit,Single Tent,
Mira River,NS ,3,Senior,CampsitePermit,Less than 40ft,
Five Islands,NS ,3,Full,CampsitePermit,Single Tent,
Thomas Raddall,NS ,5,Full,CampsitePermit,Tents,
Salsman,NS ,3,Full,CampsitePermit,Tents,
Rissers Beach,NS ,2,Full,CampsitePermit,Single Tent,
The Islands,NS ,4,Full,CampsitePermit,Less than 30ft,
Five Islands,NS ,4,Full,CampsitePermit,Single Tent,
Dollar Lake,NS ,3,Full,CampsitePermit,Tents,
Thomas Raddall,NS ,4,Full,CampsitePermit,Less than 20ft,
Five Islands,NS ,4,Full,CampsitePermit,Single Tent,
Thomas Raddall,NS ,2,Senior,CampsitePermit,Less than 30ft,
Graves Island,NS ,2,Senior,CampsitePermit,Less than 20ft,
Smileys,NS ,2,Full,CampsitePermit,Single Tent,
Blomidon,NS ,2,Full,CampsitePermit,Single Tent,
Porters Lake,NS ,2,Full,CampsitePermit,Single Tent,
Laurie,QC ,5,Full,CampsitePermit,Less than 20ft,
Caribou Munroes,NS ,2,Full,CampsitePermit,Single Tent,
Rissers Beach,NS ,2,Full,CampsitePermit,Single Tent,
Graves Island,NS ,2,Full,CampsitePermit,Less than 20ft,
Laurie,NS ,6,Full,CampsitePermit,Tents,
Smileys,NS ,2,Full,CampsitePermit,Single Tent,
Caribou Munroes,NS ,2,Full,CampsitePermit,Single Tent,
Graves Island,NS ,3,Senior,CampsitePermit,Less than 40ft,
Graves Island,ON ,3,Full,CampsitePermit,Less than 40ft,
Graves Island,QC ,2,Full,CampsitePermit,Less than 30ft,
Five Islands,NS ,2,Full,CampsitePermit,Single Tent,
Five Islands,NS ,2,Full,CampsitePermit,Single Tent,
Caribou Munroes,NS ,1,Senior,CampsitePermit,Less than 20ft,
Blomidon,NS ,6,Full,CampsitePermit,Less than 40ft,
Mira River,AB ,2,Full,CampsitePermit,Less than 30ft,
Laurie,NS ,3,Full,CampsitePermit,Less than 20ft,
Caribou Munroes,NS ,6,Full,CampsitePermit,Less than 20ft,
Rissers Beach,NS ,4,Full,CampsitePermit,Single Tent,
Porters Lake,NS ,6,Full,CampsitePermit,Less than 40ft,
Graves Island,NS ,1,Full,CampsitePermit,Single Tent,
Whycocomagh,ON ,2,Full,CampsitePermit,Less than 20ft,
Rissers Beach,NS ,2,Full,CampsitePermit,Single Tent,
Smileys,NS ,2,Full,CampsitePermit,Single Tent,
Laurie,NS ,6,Full,CampsitePermit,Tents,
Laurie,QC ,6,Full,CampsitePermit,Single Tent,
Smileys,NS ,2,Senior,CampsitePermit,Less than 30ft,
Five Islands,ON ,2,Full,CampsitePermit,Single Tent,
Smileys,NS ,2,Senior,CampsitePermit,Less than 20ft,
Rissers Beach,NS ,2,Full,CampsitePermit,Less than 20ft,
Mira River,NS ,4,Full,CampsitePermit,Less than 20ft,
Smileys,NS ,4,Full,CampsitePermit,Tents,
Caribou Munroes,NS ,4,Full,CampsitePermit,Less than 20ft,
Dollar Lake,NS ,2,Full,CampsitePermit,Single Tent,
Blomidon,NS ,3,Full,CampsitePermit,Single Tent,
Graves Island,NS ,1,Full,CampsitePermit,Less than 20ft,
Blomidon,ON ,4,Full,CampsitePermit,Less than 20ft,
Mira River,NS ,5,Full,CampsitePermit,Single Tent,
Five Islands,NS ,2,Full,CampsitePermit,Less than 30ft,
Valleyview,NS ,5,Full,CampsitePermit,Single Tent,
Caribou Munroes,NS ,2,Full,CampsitePermit,Less than 20ft,
Blomidon,NS ,2,Senior,CampsitePermit,Single Tent,
Whycocomagh,QC ,4,Full,CampsitePermit,Single Tent,
Five Islands,QC ,2,Full,CampsitePermit,Single Tent,
Boylston,PE ,2,Full,CampsitePermit,Less than 30ft,
Porters Lake,AB ,5,Full,CampsitePermit,Less than 30ft,
Five Islands,ON ,2,Full,CampsitePermit,Single Tent,
Blomidon,NS ,1,Full,CampsitePermit,Single Tent,
Porters Lake,NS ,2,Full,CampsitePermit,Single Tent,
Ellenwood Lake,NS ,2,Full,CampsitePermit,Single Tent,
Mira River,QC ,2,Full,CampsitePermit,Single Tent,
Ellenwood Lake,NS ,1,Full,CampsitePermit,Single Tent,
Five Islands,QC ,5,Full,CampsitePermit,Tents,
Blomidon,NS ,2,Veteran,CampsitePermit,Single Tent,
Dollar Lake,NS ,2,Full,CampsitePermit,Single Tent,
Graves Island,NS ,2,Full,CampsitePermit,Less than 30ft,
Blomidon,NS ,4,Full,CampsitePermit,Less than 30ft,
Mira River,QC ,2,Full,CampsitePermit,Single Tent,
Cape Chignecto,NS ,2,Full,BackcountryPermit,Single Tent,
Caribou Munroes,ON ,3,Full,CampsitePermit,Tents,
Porters Lake,NS ,3,Full,CampsitePermit,Single Tent,
Blomidon,NS ,2,Full,CampsitePermit,Single Tent,
Graves Island,NB ,4,Full,CampsitePermit,Tents,
Mira River,NS ,4,Full,CampsitePermit,Less than 40ft,
Thomas Raddall,ON ,1,Full,CampsitePermit,Single Tent,
Caribou Munroes,NS ,3,Full,CampsitePermit,Tents,
Boylston,ON ,2,Full,CampsitePermit,Single Tent,
Graves Island,NS ,6,Full,CampsitePermit,Single Tent,
Rissers Beach,NS ,4,Full,CampsitePermit,Less than 20ft,
Mira River,AB ,2,Senior,CampsitePermit,Less than 30ft,
Caribou Munroes,NS ,3,Full,CampsitePermit,Single Tent,
Boylston,NS ,1,Full,CampsitePermit,Single Tent,
Porters Lake,NS ,1,Full,CampsitePermit,Single Tent,
Graves Island,NS ,5,Full,CampsitePermit,Tents,
Rissers Beach,NS ,3,Full,CampsitePermit,Less than 30ft,
Amherst Shore,ON ,1,Full,CampsitePermit,Single Tent,
Dollar Lake,NS ,4,Full,CampsitePermit,Less than 20ft,
Cape Chignecto,ON ,1,Full,BackcountryPermit,Single Tent,
Mira River,NS ,3,Full,CampsitePermit,Single Tent,
Caribou Munroes,NS ,2,Full,CampsitePermit,Less than 20ft,
Caribou Munroes,NS ,4,Full,CampsitePermit,Less than 20ft,
Blomidon,NS ,2,Full,CampsitePermit,Less than 30ft,
Battery,NS ,2,Senior,CampsitePermit,Less than 40ft,
Graves Island,NS ,2,Senior,CampsitePermit,Less than 30ft,
Smileys,NS ,2,Senior,CampsitePermit,Less than 30ft,
Rissers Beach,NS ,2,Full,CampsitePermit,Single Tent,
Caribou Munroes,NS ,4,Full,CampsitePermit,Single Tent,
Dollar Lake,NS ,5,Full,CampsitePermit,Tents,
Mira River,NS ,2,Full,CampsitePermit,Less than 30ft,
The Islands,NS ,4,Full,CampsitePermit,Less than 30ft,
Blomidon,PE ,4,Full,CampsitePermit,Tents,
Dollar Lake,NS ,2,Full,CampsitePermit,Single Tent,
Dollar Lake,NS ,3,Full,CampsitePermit,Single Tent,
Graves Island,NS ,3,Full,CampsitePermit,Less than 20ft,
Rissers Beach,NS ,2,Full,CampsitePermit,Single Tent,
Cape Chignecto,NS ,2,Full,BackcountryPermit,Single Tent,
Laurie,NS ,4,Full,CampsitePermit,Single Tent,
Thomas Raddall,NS ,1,Senior,CampsitePermit,Single Tent,
Thomas Raddall,NS ,2,Full,CampsitePermit,Less than 20ft,
Amherst Shore,BC ,2,Senior,CampsitePermit,Less than 20ft,
Caribou Munroes,NS ,4,Full,CampsitePermit,Single Tent,
Porters Lake,NS ,3,Full,CampsitePermit,Single Tent,
Graves Island,NS ,4,Full,CampsitePermit,Less than 20ft,
Dollar Lake,NS ,4,Full,CampsitePermit,Single Tent,
Thomas Raddall,NS ,2,Full,CampsitePermit,Less than 30ft,
Whycocomagh,NS ,4,Full,CampsitePermit,Single Tent,
Battery,NS ,2,Senior,CampsitePermit,Less than 20ft,
Caribou Munroes,NS ,2,Senior,CampsitePermit,Less than 30ft,
Dollar Lake,NS ,3,Full,CampsitePermit,Single Tent,
Dollar Lake,NS ,2,Full,CampsitePermit,Less than 30ft,
Graves Island,ON ,1,Full,CampsitePermit,Single Tent,
Dollar Lake,NS ,4,Full,CampsitePermit,Single Tent,
Mira River,NS ,5,Full,CampsitePermit,Less than 30ft,
Caribou Munroes,NB ,6,Full,CampsitePermit,Tents,
Rissers Beach,NS ,7,Full,CampsitePermit,Less than 30ft,
Dollar Lake,NS ,6,Full,CampsitePermit,Tents,
Cape Chignecto,NS ,2,Full,BackcountryPermit,Single Tent,
Five Islands,NS ,2,Full,CampsitePermit,Single Tent,
Mira River,NS ,2,Senior,CampsitePermit,Single Tent,
Mira River,NS ,4,Full,CampsitePermit,Single Tent,
Graves Island,ON ,4,Senior,CampsitePermit,Single Tent,
Valleyview,BC ,1,Full,CampsitePermit,Single Tent,
Whycocomagh,NS ,2,Full,CampsitePermit,Tents,
Cape Chignecto,NS ,2,Full,BackcountryPermit,Single Tent,
Mira River,NS ,5,Full,CampsitePermit,Less than 40ft,
Porters Lake,ON ,2,Full,CampsitePermit,Single Tent,
Mira River,QC ,2,Senior,CampsitePermit,Single Tent,
Whycocomagh,QC ,3,Senior,CampsitePermit,Less than 30ft,
Mira River,QC ,2,Full,CampsitePermit,Single Tent,
Thomas Raddall,NS ,3,Full,CampsitePermit,Single Tent,
Smileys,ON ,3,Full,CampsitePermit,Single Tent,
Amherst Shore,NS ,2,Full,CampsitePermit,Less than 30ft,
Dollar Lake,NS ,3,Full,CampsitePermit,Single Tent,
Laurie,NS ,2,Full,CampsitePermit,Single Tent,
Caribou Munroes,QC ,2,Senior,CampsitePermit,Single Tent,
The Islands,NS ,2,Full,CampsitePermit,Single Tent,
Boylston,NS ,2,Full,CampsitePermit,Single Tent,
Graves Island,NS ,4,Full,CampsitePermit,Tents,
Thomas Raddall,NS ,3,Full,CampsitePermit,Single Tent,
Thomas Raddall,NS ,4,Full,CampsitePermit,Less than 20ft,
The Islands,QC ,2,Full,CampsitePermit,Less than 30ft,
Rissers Beach,NB ,2,Full,CampsitePermit,Single Tent,
Caribou Munroes,BC ,1,Senior,CampsitePermit,Single Tent,
Rissers Beach,NS ,2,Full,CampsitePermit,Single Tent,
Graves Island,NB ,2,Full,CampsitePermit,Single Tent,
Salsman,ON ,3,Full,CampsitePermit,Single Tent,
Mira River,NS ,4,Full,CampsitePermit,Single Tent,
Caribou Munroes,QC ,2,Full,CampsitePermit,Single Tent,
Mira River,NS ,4,Full,CampsitePermit,Less than 40ft,
Caribou Munroes,NL ,2,Senior,CampsitePermit,Single Tent,
Caribou Munroes,QC ,2,Senior,CampsitePermit,Less than 40ft,
Battery,NB ,2,Full,CampsitePermit,Single Tent,
Graves Island,ON ,2,Senior,CampsitePermit,Less than 40ft,
Laurie,NS ,2,Full,CampsitePermit,Single Tent,
Ellenwood Lake,NS ,4,Full,CampsitePermit,Less than 30ft,
Graves Island,NS ,4,Full,CampsitePermit,Single Tent,
Blomidon,NS ,2,Full,CampsitePermit,Less than 20ft,
Rissers Beach,NS ,3,Full,CampsitePermit,Tents,
Graves Island,NS ,3,Senior,CampsitePermit,Less than 20ft,
Amherst Shore,QC ,4,Full,CampsitePermit,Single Tent,
Whycocomagh,ON ,2,Full,CampsitePermit,Single Tent,
Five Islands,NS ,2,Full,CampsitePermit,Single Tent,
Porters Lake,NS ,4,Full,CampsitePermit,Single Tent,
Porters Lake,NS ,4,Full,CampsitePermit,Single Tent,
Amherst Shore,NS ,2,Full,CampsitePermit,Less than 20ft,
Amherst Shore,ON ,4,Full,CampsitePermit,Tents,
Thomas Raddall,NS ,2,Full,CampsitePermit,Single Tent,
Blomidon,NS ,1,Senior,CampsitePermit,Single Tent,
Blomidon,ON ,2,Full,CampsitePermit,Single Tent,
Graves Island,NS ,4,Full,CampsitePermit,Less than 30ft,
Graves Island,ON ,2,Full,CampsitePermit,Less than 20ft,
Caribou Munroes,ON ,2,Senior,CampsitePermit,Less than 20ft,
Cape Chignecto,NS ,3,Full,BackcountryPermit,Single Tent,
The Islands,QC ,2,Full,CampsitePermit,Single Tent,
Porters Lake,ON ,2,Full,CampsitePermit,Single Tent,
Dollar Lake,NS ,2,Veteran,CampsitePermit,Single Tent,
The Islands,NS ,3,Full,CampsitePermit,Tents,
Caribou Munroes,NS ,1,Full,CampsitePermit,Single Tent,
Whycocomagh,QC ,2,Senior,CampsitePermit,Single Tent,
Dollar Lake,NS ,3,Full,CampsitePermit,Single Tent,
Thomas Raddall,NS ,2,Full,CampsitePermit,Single Tent,
Cape Chignecto,NS ,1,Full,BackcountryPermit,Single Tent,
Smileys,NS ,3,Full,CampsitePermit,Less than 30ft,
Rissers Beach,NS ,2,Full,CampsitePermit,Single Tent,
Rissers Beach,NS ,3,Full,CampsitePermit,Less than 20ft,
Graves Island,NS ,4,Full,CampsitePermit,Single Tent,
Dollar Lake,NS ,5,Full,CampsitePermit,Tents,
Mira River,QC ,2,Full,CampsitePermit,Single Tent,
Blomidon,NB ,2,Full,CampsitePermit,Single Tent,
Smileys,ON ,2,Senior,CampsitePermit,Single Tent,
Boylston,ON ,3,Full,CampsitePermit,Single Tent,
Smileys,NS ,6,Full,CampsitePermit,Less than 30ft,
Thomas Raddall,NS ,2,Full,CampsitePermit,Single Tent,
Laurie,NB ,5,Full,CampsitePermit,Less than 20ft,
Battery,NS ,2,Full,CampsitePermit,Less than 20ft,
Caribou Munroes,BC ,2,Full,CampsitePermit,Less than 30ft,
Ellenwood Lake,NS ,2,Full,CampsitePermit,Single Tent,
Rissers Beach,NS ,2,Full,CampsitePermit,Single Tent,
Dollar Lake,NS ,4,Full,CampsitePermit,Single Tent,
Ellenwood Lake,NS ,2,Senior,CampsitePermit,Less than 20ft,
Porters Lake,QC ,2,Full,CampsitePermit,Single Tent,
Laurie,NS ,2,Full,CampsitePermit,Less than 30ft,
Mira River,NS ,3,Veteran,CampsitePermit,Less than 30ft,
Whycocomagh,ON ,1,Full,CampsitePermit,Less than 20ft,
Graves Island,NS ,1,Full,CampsitePermit,Single Tent,
Rissers Beach,NS ,2,Full,CampsitePermit,Single Tent,
Mira River,NS ,3,Full,CampsitePermit,Less than 20ft,
Rissers Beach,NS ,2,Full,CampsitePermit,Less than 40ft,
Mira River,NS ,2,Full,CampsitePermit,Single Tent,
Mira River,NS ,3,Senior,CampsitePermit,Single Tent,
Graves Island,NS ,2,Full,CampsitePermit,Less than 30ft,
Porters Lake,NS ,1,Full,CampsitePermit,Single Tent,
Caribou Munroes,ON ,2,Full,CampsitePermit,Single Tent,
Amherst Shore,ON ,2,Senior,CampsitePermit,Less than 20ft,
Rissers Beach,NS ,4,Full,CampsitePermit,Less than 20ft,
Five Islands,NS ,2,Full,CampsitePermit,Single Tent,
Thomas Raddall,QC ,2,Full,CampsitePermit,Single Tent,
Mira River,NS ,2,Full,CampsitePermit,Single Tent,
Five Islands,NS ,2,Full,CampsitePermit,Single Tent,
Ellenwood Lake,NS ,2,Full,CampsitePermit,Single Tent,
Boylston,NS ,2,Senior,CampsitePermit,Less than 20ft,
Valleyview,NS ,2,Senior,CampsitePermit,Single Tent,
Caribou Munroes,NS ,2,Full,CampsitePermit,Less than 30ft,
Caribou Munroes,NS ,3,Full,CampsitePermit,Tents,
Porters Lake,QC ,2,Full,CampsitePermit,Single Tent,
Five Islands,NS ,2,Host,CampsitePermit,Single Tent,
Rissers Beach,NS ,5,Full,CampsitePermit,Less than 30ft,
Mira River,NB ,4,Full,CampsitePermit,Less than 20ft,
Ellenwood Lake,NS ,2,Full,CampsitePermit,Single Tent,
Dollar Lake,NS ,2,Full,CampsitePermit,Single Tent,
Graves Island,QC ,2,Full,CampsitePermit,Single Tent,
Laurie,NS ,4,Full,CampsitePermit,Single Tent,
Boylston,PE ,1,Full,CampsitePermit,Single Tent,
Blomidon,NS ,2,Full,CampsitePermit,Single Tent,
Porters Lake,NS ,2,Full,CampsitePermit,Single Tent,
Dollar Lake,NS ,2,Full,CampsitePermit,Tents,
Five Islands,ON ,2,Senior,CampsitePermit,Less than 20ft,
Smileys,NS ,2,Full,CampsitePermit,Single Tent,
Five Islands,NS ,6,Full,CampsitePermit,Tents,
Porters Lake,NS ,2,Senior,CampsitePermit,Less than 40ft,
Mira River,MB ,2,Full,CampsitePermit,Single Tent,
Dollar Lake,NS ,2,Full,CampsitePermit,Single Tent,
Porters Lake,ON ,3,Full,CampsitePermit,Less than 30ft,
Battery,NS ,4,Full,CampsitePermit,Single Tent,
Smileys,NS ,5,Full,CampsitePermit,Less than 40ft,
Rissers Beach,NS ,2,Full,CampsitePermit,Less than 30ft,
Graves Island,NS ,3,Full,CampsitePermit,Less than 40ft,
Salsman,ON ,1,Full,CampsitePermit,Single Tent,
Caribou Munroes,NS ,2,Senior,CampsitePermit,Single Tent,
Blomidon,NS ,2,Full,CampsitePermit,Less than 30ft,
Caribou Munroes,NS ,3,Full,CampsitePermit,Less than 20ft,
Cape Chignecto,QC ,2,Full,BackcountryPermit,Single Tent,
Porters Lake,NS ,1,Full,CampsitePermit,Single Tent,
Caribou Munroes,NS ,2,Full,CampsitePermit,Single Tent,
Smileys,QC ,2,Full,CampsitePermit,Single Tent,
Dollar Lake,NS ,4,Full,CampsitePermit,Tents,
Cape Chignecto,NS ,2,Full,BackcountryPermit,Single Tent,
Porters Lake,AB ,6,Full,CampsitePermit,Less than 30ft,
Caribou Munroes,ON ,2,Full,CampsitePermit,Less than 20ft,
Mira River,NS ,2,Veteran,CampsitePermit,Single Tent,
Porters Lake,NS ,4,Full,CampsitePermit,Single Tent,
Mira River,AB ,3,Full,CampsitePermit,Less than 30ft,
Smileys,NL ,2,Full,CampsitePermit,Less than 40ft,
Dollar Lake,NS ,2,Full,CampsitePermit,Single Tent,
Mira River,NS ,4,Full,CampsitePermit,Less than 30ft,
Graves Island,NS ,4,Full,CampsitePermit,Less than 40ft,
Rissers Beach,NS ,6,Full,CampsitePermit,Tents,
Caribou Munroes,ON ,3,Senior,CampsitePermit,Tents,
Thomas Raddall,QC ,2,Full,CampsitePermit,Single Tent,
Smileys,NS ,4,Full,CampsitePermit,Single Tent,
Caribou Munroes,NS ,4,Full,CampsitePermit,Less than 20ft,
Porters Lake,NS ,3,Full,CampsitePermit,Less than 20ft,
Amherst Shore,QC ,2,Full,CampsitePermit,Single Tent,
Ellenwood Lake,NS ,2,Full,CampsitePermit,Single Tent,
Ellenwood Lake,NS ,4,Full,CampsitePermit,Single Tent,
Porters Lake,NS ,4,Full,CampsitePermit,Single Tent,
Blomidon,NS ,6,Full,CampsitePermit,Tents,
Smileys,NS ,4,Full,CampsitePermit,Less than 30ft,
Dollar Lake,NS ,4,Full,CampsitePermit,Tents,
Laurie,NS ,5,Full,CampsitePermit,Less than 20ft,
Graves Island,NS ,2,Full,CampsitePermit,Single Tent,
Mira River,QC ,2,Senior,CampsitePermit,Less than 20ft,
Rissers Beach,NS ,4,Full,CampsitePermit,Less than 20ft,
Blomidon,ON ,2,FULL,CampsitePermit,Single Tent,
Dollar Lake,NS ,6,Full,CampsitePermit,Single Tent,
Caribou Munroes,NS ,2,Full,CampsitePermit,Single Tent,
Laurie,NS ,1,Full,CampsitePermit,Single Tent,
Blomidon,NS ,2,Full,CampsitePermit,Single Tent,
Thomas Raddall,NS ,3,Full,CampsitePermit,Less than 30ft,
Rissers Beach,NS ,5,Full,CampsitePermit,Tents,
Dollar Lake,NS ,4,Full,CampsitePermit,Less than 20ft,
Mira River,NS ,3,Full,CampsitePermit,Less than 30ft,
Mira River,NS ,2,Senior,CampsitePermit,Less than 30ft,
Caribou Munroes,NS ,2,Senior,CampsitePermit,Less than 20ft,
Dollar Lake,NS ,5,Full,CampsitePermit,Tents,
Blomidon,NS ,2,Full,CampsitePermit,Single Tent,
Five Islands,ON ,2,Full,CampsitePermit,Less than 20ft,
Rissers Beach,NS ,4,Full,CampsitePermit,Less than 20ft,
Caribou Munroes,NS ,3,Full,CampsitePermit,Tents,
Valleyview,ON ,4,Full,CampsitePermit,Less than 20ft,
Amherst Shore,NS ,2,Full,CampsitePermit,Less than 20ft,
Mira River,NS ,4,Full,CampsitePermit,Less than 40ft,
Five Islands,NS ,4,Full,CampsitePermit,Less than 20ft,
Mira River,NS ,3,Full,CampsitePermit,Single Tent,
Five Islands,NS ,4,Full,CampsitePermit,Single Tent,
Laurie,BC ,1,Full,CampsitePermit,Single Tent,
Rissers Beach,NS ,2,Full,CampsitePermit,Single Tent,
Mira River,NS ,3,Full,CampsitePermit,Less than 20ft,
Dollar Lake,NS ,3,Full,CampsitePermit,Single Tent,
Mira River,NS ,4,Full,CampsitePermit,Single Tent,
Laurie,NS ,2,Full,CampsitePermit,Less than 20ft,
Ellenwood Lake,NS ,5,Full,CampsitePermit,Less than 20ft,
Rissers Beach,QC ,1,Full,CampsitePermit,Single Tent,
Ellenwood Lake,NS ,4,Full,CampsitePermit,Less than 30ft,
Caribou Munroes,BC ,2,Full,CampsitePermit,Less than 30ft,
Dollar Lake,NS ,4,Full,CampsitePermit,Tents,
Dollar Lake,NS ,2,Full,CampsitePermit,Single Tent,
Mira River,NS ,2,Full,CampsitePermit,Less than 20ft,
Whycocomagh,NS ,2,Full,CampsitePermit,Less than 30ft,
Porters Lake,NB ,2,Full,CampsitePermit,Single Tent,
Laurie,ON ,3,Senior,CampsitePermit,Less than 30ft,
Rissers Beach,NS ,5,Full,CampsitePermit,Single Tent,
Amherst Shore,NS ,5,Full,CampsitePermit,Single Tent,
Blomidon,NS ,2,Senior,CampsitePermit,Less than 20ft,
Graves Island,NS ,2,Full,CampsitePermit,Less than 40ft,
Laurie,ON ,3,Full,CampsitePermit,Less than 20ft,
Battery,QC ,2,Full,CampsitePermit,Less than 20ft,
Mira River,NS ,2,Full,CampsitePermit,Single Tent,
Blomidon,NS ,4,Full,CampsitePermit,Tents,
Five Islands,NS ,6,Senior,CampsitePermit,Tents,
The Islands,NS ,2,Senior,CampsitePermit,Less than 20ft,
Thomas Raddall,NS ,4,Full,CampsitePermit,Tents,
Caribou Munroes,NS ,2,Full,CampsitePermit,Less than 30ft,
Graves Island,QC ,2,Full,CampsitePermit,Single Tent,
Graves Island,NS ,3,Full,CampsitePermit,Less than 20ft,
Graves Island,ON ,2,Senior,CampsitePermit,Greater than 40ft,
Porters Lake,QC ,6,Full,CampsitePermit,Less than 30ft,
Whycocomagh,NS ,2,Full,CampsitePermit,Single Tent,
Caribou Munroes,NS ,3,Full,CampsitePermit,Less than 40ft,
Graves Island,NS ,3,Full,CampsitePermit,Single Tent,
Mira River,QC ,4,Full,CampsitePermit,Single Tent,
Caribou Munroes,NS ,2,Full,CampsitePermit,Single Tent,
Amherst Shore,NS ,2,Full,CampsitePermit,Less than 30ft,
Blomidon,NS ,2,Senior,CampsitePermit,Single Tent,
Porters Lake,NS ,2,Full,CampsitePermit,Less than 20ft,
Mira River,NS ,2,Full,CampsitePermit,Less than 30ft,
Five Islands,NS ,4,Full,CampsitePermit,Single Tent,
Graves Island,NS ,2,Full,CampsitePermit,Less than 30ft,
Mira River,NS ,2,Full,CampsitePermit,Single Tent,
Amherst Shore,ON ,4,Full,CampsitePermit,Less than 20ft,
Porters Lake,ON ,2,Senior,CampsitePermit,Less than 20ft,
Amherst Shore,ON ,1,Senior,CampsitePermit,Less than 30ft,
Amherst Shore,QC ,3,Full,CampsitePermit,Less than 20ft,
Thomas Raddall,NS ,2,Full,CampsitePermit,Less than 30ft,
Dollar Lake,NS ,2,Full,CampsitePermit,Less than 20ft,
Graves Island,NS ,2,Full,CampsitePermit,Single Tent,
Battery,QC ,2,Full,CampsitePermit,Single Tent,
Caribou Munroes,NS ,4,Full,CampsitePermit,Less than 20ft,
Graves Island,NS ,4,Full,CampsitePermit,Single Tent,
Battery,NS ,4,Full,CampsitePermit,Single Tent,
Five Islands,NB ,4,Full,CampsitePermit,Tents,
The Islands,QC ,2,Full,CampsitePermit,Single Tent,
Smileys,NS ,2,Full,CampsitePermit,Single Tent,
Caribou Munroes,NS ,2,Senior,CampsitePermit,Less than 30ft,
Caribou Munroes,NS ,4,Full,CampsitePermit,Less than 20ft,
Smileys,NS ,4,Full,CampsitePermit,Tents,
Cape Chignecto,NB ,2,Full,BackcountryPermit,Single Tent,
Dollar Lake,NS ,1,Full,CampsitePermit,Single Tent,
Caribou Munroes,NS ,4,Full,CampsitePermit,Less than 20ft,
Caribou Munroes,BC ,1,Senior,CampsitePermit,Single Tent,
Graves Island,NS ,4,Full,CampsitePermit,Single Tent,
Laurie,NS ,3,Full,CampsitePermit,Single Tent,
Blomidon,QC ,2,Full,CampsitePermit,Less than 30ft,
Graves Island,NS ,3,Full,CampsitePermit,Single Tent,
Rissers Beach,NS ,3,Full,CampsitePermit,Less than 30ft,
Laurie,ON ,2,Senior,CampsitePermit,Single Tent,
Dollar Lake,NS ,2,Full,CampsitePermit,Less than 20ft,
Smileys,NS ,2,Full,CampsitePermit,Single Tent,
Rissers Beach,ON ,2,Full,CampsitePermit,Single Tent,
Porters Lake,NS ,2,Full,CampsitePermit,Less than 30ft,
Whycocomagh,NS ,3,Senior,YurtPermit,Tents,
Laurie,NS ,3,Full,CampsitePermit,Tents,
Mira River,NS ,3,Full,CampsitePermit,Less than 30ft,
Whycocomagh,QC ,2,Full,CampsitePermit,Single Tent,
Rissers Beach,NS ,4,Full,CampsitePermit,Less than 20ft,
Graves Island,NS ,3,Full,CampsitePermit,Single Tent,
Mira River,NS ,2,Full,CampsitePermit,Less than 30ft,
Rissers Beach,NS ,3,Senior,CampsitePermit,Single Tent,
Smileys,NS ,3,Full,CampsitePermit,Less than 30ft,
Mira River,NS ,2,Full,CampsitePermit,Less than 20ft,
Smileys,NS ,4,Full,CampsitePermit,Less than 20ft,
Laurie,NS ,3,Full,CampsitePermit,Single Tent,
Smileys,NS ,2,Full,CampsitePermit,Less than 20ft,
Rissers Beach,NS ,7,Full,CampsitePermit,Less than 40ft,
Dollar Lake,NS ,5,Full,CampsitePermit,Single Tent,
Rissers Beach,NS ,4,FULL,CampsitePermit,Less than 30ft,
Dollar Lake,ON ,2,Full,CampsitePermit,Single Tent,
Porters Lake,NS ,2,Full,CampsitePermit,Less than 30ft,
Blomidon,ON ,4,Full,CampsitePermit,Single Tent,
Laurie,NS ,5,Full,CampsitePermit,Tents,
Five Islands,NS ,4,Full,CampsitePermit,Single Tent,
Valleyview,NB ,2,Full,CampsitePermit,Single Tent,
Laurie,QC ,5,Full,CampsitePermit,Single Tent,
Caribou Munroes,NS ,2,Senior,CampsitePermit,Less than 20ft,
Graves Island,NS ,1,Full,CampsitePermit,Single Tent,
Graves Island,NS ,1,Full,CampsitePermit,Less than 30ft,
Five Islands,NS ,5,Full,CampsitePermit,Single Tent,
Laurie,QC ,1,Full,CampsitePermit,Less than 20ft,
Caribou Munroes,NS ,6,Full,CampsitePermit,Single Tent,
Graves Island,ON ,2,Full,CampsitePermit,Less than 20ft,
Dollar Lake,NS ,4,Full,CampsitePermit,Single Tent,
Thomas Raddall,NS ,2,Senior,CampsitePermit,Less than 40ft,
Five Islands,NS ,2,Full,CampsitePermit,Single Tent,
Caribou Munroes,ON ,3,Full,CampsitePermit,Single Tent,
Amherst Shore,NS ,4,Full,CampsitePermit,Single Tent,
Rissers Beach,NS ,5,Full,CampsitePermit,Less than 20ft,
Battery,NS ,2,Full,CampsitePermit,Single Tent,
Caribou Munroes,NS ,2,Full,CampsitePermit,Less than 20ft,
Smileys,NS ,5,Full,CampsitePermit,Less than 40ft,
Graves Island,ON ,3,Full,CampsitePermit,Less than 30ft,
Battery,NS ,2,Senior,CampsitePermit,Single Tent,
Boylston,NS ,2,Full,CampsitePermit,Single Tent,
Mira River,NS ,4,Veteran,CampsitePermit,Less than 30ft,
Smileys,NS ,6,Full,CampsitePermit,Tents,
Whycocomagh,ON ,1,Full,CampsitePermit,Single Tent,
Porters Lake,NS ,4,Full,CampsitePermit,Tents,
Valleyview,NS ,2,Full,CampsitePermit,Single Tent,
Rissers Beach,NS ,1,Full,CampsitePermit,Single Tent,
Graves Island,NS ,2,Full,CampsitePermit,Less than 20ft,
Thomas Raddall,NS ,2,Full,CampsitePermit,Single Tent,
Porters Lake,NS ,1,Full,CampsitePermit,Single Tent,
Blomidon,NS ,4,Full,CampsitePermit,Tents,
Blomidon,SK ,2,Full,CampsitePermit,Less than 20ft,
Caribou Munroes,NS ,2,Senior,CampsitePermit,Less than 20ft,
Battery,ON ,2,Full,CampsitePermit,Less than 20ft,
Amherst Shore,ON ,2,Full,CampsitePermit,Single Tent,
Laurie,NS ,2,Full,CampsitePermit,Less than 20ft,
Five Islands,PE ,1,Full,CampsitePermit,Single Tent,
Graves Island,QC ,3,Full,CampsitePermit,Less than 20ft,
Whycocomagh,NS ,3,Full,CampsitePermit,Less than 30ft,
Blomidon,NS ,3,Full,CampsitePermit,Single Tent,
Ellenwood Lake,NS ,2,Senior,CampsitePermit,Less than 20ft,
Thomas Raddall,NS ,4,Full,CampsitePermit,Single Tent,
Porters Lake,NS ,2,Senior,CampsitePermit,Less than 40ft,
Porters Lake,NS ,3,Full,CampsitePermit,Less than 30ft,
Porters Lake,NS ,3,Full,CampsitePermit,Less than 30ft,
Rissers Beach,NS ,4,Full,CampsitePermit,Single Tent,
Mira River,NS ,5,Veteran,CampsitePermit,Tents,
Graves Island,NS ,2,Full,CampsitePermit,Single Tent,
Blomidon,NS ,4,Full,CampsitePermit,Tents,
Battery,NS ,5,Full,CampsitePermit,Less than 20ft,
Whycocomagh,ON ,2,Full,CampsitePermit,Single Tent,
Five Islands,NB ,2,Full,CampsitePermit,Less than 20ft,
Amherst Shore,ON ,2,Full,CampsitePermit,Single Tent,
The Islands,NS ,3,Full,CampsitePermit,Less than 20ft,
Whycocomagh,NS ,4,Full,CampsitePermit,Less than 30ft,
Caribou Munroes,ON ,2,Senior,CampsitePermit,Less than 30ft,
Caribou Munroes,NS ,2,Full,CampsitePermit,Less than 30ft,
Mira River,NL,2,Senior,CampsitePermit,Single Tent,
Smileys,NS ,2,Full,CampsitePermit,Less than 20ft,
Smileys,NS ,4,Full,CampsitePermit,Less than 30ft,
Rissers Beach,ON ,2,Senior,CampsitePermit,Single Tent,
Rissers Beach,NS ,2,Senior,CampsitePermit,Less than 40ft,
Rissers Beach,NS ,2,FULL,CampsitePermit,Less than 20ft,
Porters Lake,NS ,4,Veteran,CampsitePermit,Less than 30ft,
Blomidon,QC ,2,Full,CampsitePermit,Less than 20ft,
Smileys,NS ,3,Full,CampsitePermit,Single Tent,
Mira River,NS ,3,Full,CampsitePermit,Less than 30ft,
Battery,QC ,2,Full,CampsitePermit,Less than 20ft,
Laurie,NS ,5,Full,CampsitePermit,Less than 30ft,
Rissers Beach,NS ,2,Full,CampsitePermit,Less than 30ft,
Valleyview,BC ,2,Full,CampsitePermit,Single Tent,
Mira River,ON ,5,Full,CampsitePermit,Single Tent,
Blomidon,NS ,2,Full,CampsitePermit,Single Tent,
Blomidon,ON ,1,Full,CampsitePermit,Single Tent,
Graves Island,ON ,5,Senior,CampsitePermit,Less than 30ft,
Graves Island,NS ,2,Senior,CampsitePermit,Less than 20ft,
Mira River,NS ,2,Full,CampsitePermit,Less than 40ft,
Mira River,NS ,4,Full,CampsitePermit,Less than 40ft,
Blomidon,NS ,2,Full,CampsitePermit,Less than 20ft,
Ellenwood Lake,NS ,2,Full,CampsitePermit,Single Tent,
Rissers Beach,NS ,2,Full,CampsitePermit,Less than 30ft,
Graves Island,NS ,2,Full,CampsitePermit,Less than 30ft,
Mira River,NS ,4,Full,CampsitePermit,Single Tent,
Cape Chignecto,NS ,2,Full,BackcountryPermit,Single Tent,
Rissers Beach,NS ,3,Full,CampsitePermit,Single Tent,
Battery,BC ,2,Senior,CampsitePermit,Less than 20ft,
Mira River,NS ,5,Full,CampsitePermit,Less than 40ft,
Dollar Lake,ON ,1,Full,CampsitePermit,Single Tent,
Porters Lake,QC ,3,Full,CampsitePermit,Single Tent,
Rissers Beach,NS ,4,Full,CampsitePermit,Less than 30ft,
Ellenwood Lake,NS ,2,Senior,CampsitePermit,Less than 20ft,
Battery,NS ,2,Senior,CampsitePermit,Single Tent,
Mira River,NS ,4,Full,CampsitePermit,Single Tent,
Caribou Munroes,QC ,2,Full,CampsitePermit,Less than 20ft,
Laurie,NS ,4,Full,CampsitePermit,Single Tent,
Whycocomagh,NS ,4,Senior,CampsitePermit,Single Tent,
Graves Island,NS ,2,Full,CampsitePermit,Less than 20ft,
Caribou Munroes,ON ,2,Full,CampsitePermit,Less than 20ft,
Thomas Raddall,NS ,6,Full,CampsitePermit,Less than 40ft,
Graves Island,NS ,2,Full,CampsitePermit,Single Tent,
Porters Lake,NS ,2,Full,CampsitePermit,Less than 20ft,
Cape Chignecto,NS ,1,Full,BackcountryPermit,Single Tent,
Five Islands,NS ,2,Senior,CampsitePermit,Less than 30ft,
Cape Chignecto,PE ,1,Full,BackcountryPermit,Single Tent,
Smileys,NS ,4,Full,CampsitePermit,Tents,
Thomas Raddall,NS ,4,Full,CampsitePermit,Less than 20ft,
Boylston,NS ,2,Senior,CampsitePermit,Less than 20ft,
Amherst Shore,NB ,2,Full,CampsitePermit,Single Tent,
Five Islands,NS ,3,Full,CampsitePermit,Single Tent,
Blomidon,NS ,5,Full,CampsitePermit,Less than 20ft,
Rissers Beach,NS ,4,Senior,CampsitePermit,Tents,
Blomidon,NS ,3,Full,CampsitePermit,Tents,
Rissers Beach,NS ,4,Full,CampsitePermit,Single Tent,
Whycocomagh,ON ,3,Full,CampsitePermit,Less than 40ft,
Graves Island,ON ,1,Full,CampsitePermit,Single Tent,
Cape Chignecto,NS ,3,Full,BackcountryPermit,Single Tent,
Caribou Munroes,NB ,3,Full,CampsitePermit,Less than 30ft,
Graves Island,NS ,2,Full,CampsitePermit,Less than 30ft,
Rissers Beach,NS ,2,Full,CampsitePermit,Less than 20ft,
Five Islands,NS ,2,Full,CampsitePermit,Less than 40ft,
Porters Lake,ON ,2,Senior,CampsitePermit,Less than 30ft,
Thomas Raddall,NS ,1,Full,CampsitePermit,Single Tent,
Porters Lake,QC ,2,Full,CampsitePermit,Single Tent,
Caribou Munroes,NS ,2,Full,CampsitePermit,Single Tent,
Blomidon,QC ,2,Full,CampsitePermit,Single Tent,
Salsman,NS ,5,Full,CampsitePermit,Tents,
Five Islands,ON ,2,Full,CampsitePermit,Less than 20ft,
Porters Lake,NS ,6,Full,CampsitePermit,Tents,
The Islands,NS ,4,Full,CampsitePermit,Less than 30ft,
Mira River,NS ,2,Veteran,CampsitePermit,Less than 40ft,
Graves Island,NS ,2,Full,CampsitePermit,Less than 30ft,
Caribou Munroes,QC ,5,Full,CampsitePermit,Less than 20ft,
Dollar Lake,NS ,3,Full,CampsitePermit,Single Tent,
Ellenwood Lake,NS ,2,Full,CampsitePermit,Single Tent,
Blomidon,NS ,4,Full,CampsitePermit,Single Tent,
Mira River,NS ,3,Full,CampsitePermit,Less than 20ft,
Rissers Beach,NS ,3,Full,CampsitePermit,Tents,
Blomidon,AB ,1,Senior,CampsitePermit,Single Tent,
Blomidon,NS ,4,Full,CampsitePermit,Tents,
Porters Lake,NB ,5,Full,CampsitePermit,Less than 20ft,
Blomidon,QC ,2,Full,CampsitePermit,Single Tent,
Rissers Beach,NS ,3,Full,CampsitePermit,Single Tent,
The Islands,QC ,2,Full,CampsitePermit,Less than 20ft,
Laurie,ON ,4,Full,CampsitePermit,Less than 20ft,
Caribou Munroes,QC ,2,Senior,CampsitePermit,Single Tent,
Rissers Beach,NS ,4,Full,CampsitePermit,Less than 20ft,
Cape Chignecto,NS ,2,Full,BackcountryPermit,Single Tent,
Five Islands,PE ,2,Full,CampsitePermit,Single Tent,
Graves Island,NS ,2,Full,CampsitePermit,Single Tent,
Laurie,NS ,2,Full,CampsitePermit,Less than 30ft,
Porters Lake,NS ,2,Full,CampsitePermit,Less than 30ft,
Amherst Shore,QC ,5,Full,CampsitePermit,Tents,
Graves Island,NS ,2,Full,CampsitePermit,Less than 20ft,
Caribou Munroes,NS ,4,Full,CampsitePermit,Single Tent,
Smileys,NS ,2,Veteran,CampsitePermit,Less than 20ft,
Thomas Raddall,NS ,4,Full,CampsitePermit,Tents,
Porters Lake,NS ,4,Full,CampsitePermit,Less than 40ft,
Ellenwood Lake,NS ,2,Full,CampsitePermit,Single Tent,
Rissers Beach,NS ,2,Full,CampsitePermit,Single Tent,
Caribou Munroes,NS ,4,Full,CampsitePermit,Less than 30ft,
Graves Island,NS ,3,Full,CampsitePermit,Single Tent,
Laurie,QC ,2,Full,CampsitePermit,Single Tent,
Five Islands,NS ,2,Full,CampsitePermit,Less than 30ft,
Ellenwood Lake,NS ,2,Full,CampsitePermit,Less than 40ft,
Porters Lake,NS ,2,Full,CampsitePermit,Less than 20ft,
Caribou Munroes,NS ,2,Full,CampsitePermit,Single Tent,
Five Islands,ON ,1,Full,CampsitePermit,Single Tent,
Porters Lake,QC ,2,Full,CampsitePermit,Tents,
Porters Lake,NS ,2,Veteran,CampsitePermit,Less than 30ft,
Rissers Beach,QC ,2,Senior,CampsitePermit,Less than 30ft,
Graves Island,NS ,2,Full,CampsitePermit,Greater than 40ft,
Rissers Beach,NS ,2,Senior,CampsitePermit,Less than 40ft,
Thomas Raddall,NS ,4,Full,CampsitePermit,Less than 20ft,
Cape Chignecto,NB ,2,Full,BackcountryPermit,Single Tent,
Smileys,NS ,3,Full,CampsitePermit,Less than 30ft,
Mira River,NS ,3,Full,CampsitePermit,Less than 20ft,
Dollar Lake,NS ,3,Full,CampsitePermit,Tents,
Graves Island,ON ,1,Full,CampsitePermit,Single Tent,
Valleyview,NS ,2,Full,CampsitePermit,Less than 30ft,
Cape Chignecto,NS ,2,Full,BackcountryPermit,Single Tent,
Blomidon,NS ,2,Full,CampsitePermit,Single Tent,
Porters Lake,NB ,2,Full,CampsitePermit,Less than 20ft,
Porters Lake,NS ,3,Full,CampsitePermit,Less than 30ft,
Battery,NS ,1,Full,CampsitePermit,Single Tent,
Thomas Raddall,NS ,1,Full,CampsitePermit,Less than 20ft,
Blomidon,ON ,1,Full,CampsitePermit,Single Tent,
Laurie,NS ,2,Full,CampsitePermit,Less than 40ft,
Porters Lake,NS ,2,Full,CampsitePermit,Single Tent,
Cape Chignecto,NS ,3,Full,BackcountryPermit,Single Tent,
Mira River,NS ,2,Full,CampsitePermit,Single Tent,
Rissers Beach,NS ,4,Full,CampsitePermit,Less than 30ft,
Blomidon,NS ,2,Senior,CampsitePermit,Single Tent,
Smileys,NS ,6,Full,CampsitePermit,Tents,
Five Islands,NS ,2,Full,CampsitePermit,Single Tent,
Blomidon,ON ,4,Full,CampsitePermit,Tents,
Battery,PE ,2,Senior,CampsitePermit,Single Tent,
Blomidon,NS ,2,Full,CampsitePermit,Single Tent,
Mira River,ON ,3,Full,CampsitePermit,Single Tent,
Ellenwood Lake,NS ,2,Full,CampsitePermit,Single Tent,
Whycocomagh,ON ,3,Veteran,YurtPermit,Tents,
Mira River,QC ,2,Full,CampsitePermit,Single Tent,
Dollar Lake,NS ,3,Full,CampsitePermit,Tents,
Mira River,NS ,5,Full,CampsitePermit,Single Tent,
Blomidon,ON ,2,Full,CampsitePermit,Single Tent,
Smileys,NS ,4,Full,CampsitePermit,Less than 30ft,
The Islands,NS ,3,Full,CampsitePermit,Single Tent,
Thomas Raddall,QC ,2,Full,CampsitePermit,Less than 30ft,
Caribou Munroes,NS ,5,Full,CampsitePermit,Less than 30ft,
Whycocomagh,NS ,4,Full,CampsitePermit,Less than 30ft,
Ellenwood Lake,NS ,2,Full,CampsitePermit,Single Tent,
Whycocomagh,ON ,2,Full,CampsitePermit,Single Tent,
Graves Island,NS ,4,Full,CampsitePermit,Less than 20ft,
Graves Island,NS ,5,Full,CampsitePermit,Single Tent,
Battery,NL ,4,Veteran,CampsitePermit,Tents,
Salsman,NS ,6,Full,CampsitePermit,Single Tent,
Boylston,NS ,4,Full,CampsitePermit,Less than 30ft,
Blomidon,ON ,1,Full,CampsitePermit,Single Tent,
Caribou Munroes,NS ,6,Full,CampsitePermit,Tents,
Graves Island,NS ,2,Senior,CampsitePermit,Less than 20ft,
Mira River,NS ,2,Full,CampsitePermit,Less than 40ft,
Graves Island,NS ,2,Full,CampsitePermit,Less than 20ft,
Ellenwood Lake,NS ,5,Full,CampsitePermit,Tents,
Caribou Munroes,NS ,2,Full,CampsitePermit,Less than 20ft,
Ellenwood Lake,NS ,2,Full,CampsitePermit,Less than 30ft,
Rissers Beach,NS ,4,Full,CampsitePermit,Single Tent,
Mira River,NS ,5,Full,CampsitePermit,Less than 20ft,
Graves Island,NS ,4,Full,CampsitePermit,Less than 30ft,
Laurie,NS ,2,Full,CampsitePermit,Single Tent,
Graves Island,NS ,2,Veteran,CampsitePermit,Less than 40ft,
Cape Chignecto,NS ,4,Full,BackcountryPermit,Cabin,
Laurie,NS ,6,Full,CampsitePermit,Tents,
Whycocomagh,ON ,2,Full,CampsitePermit,Single Tent,
Rissers Beach,QC ,2,Full,CampsitePermit,Tents,
Cape Chignecto,NB ,1,Full,BackcountryPermit,Single Tent,
Five Islands,QC ,2,Full,CampsitePermit,Less than 40ft,
Whycocomagh,ON ,2,Full,CampsitePermit,Single Tent,
Ellenwood Lake,QC ,6,Full,CampsitePermit,Less than 30ft,
Amherst Shore,NB ,2,Senior,CampsitePermit,Less than 20ft,
Smileys,AB ,1,Full,CampsitePermit,Single Tent,
Mira River,NS ,6,Full,CampsitePermit,Tents,
Five Islands,NB ,2,Full,CampsitePermit,Less than 20ft,
Five Islands,NB ,2,Full,CampsitePermit,Less than 30ft,
Thomas Raddall,NS ,4,Full,CampsitePermit,Less than 30ft,
Dollar Lake,NS ,5,Full,CampsitePermit,Less than 20ft,
Blomidon,NS ,1,Full,CampsitePermit,Less than 20ft,
Porters Lake,NS ,5,Full,CampsitePermit,Single Tent,
Ellenwood Lake,NS ,3,Full,CampsitePermit,Tents,
Mira River,NS ,5,Full,CampsitePermit,Tents,
Amherst Shore,NS ,2,Senior,CampsitePermit,Less than 30ft,
Battery,NS ,2,Full,CampsitePermit,Less than 20ft,
Ellenwood Lake,NS ,2,Full,CampsitePermit,Single Tent,
Graves Island,ON ,2,Full,CampsitePermit,Single Tent,
Smileys,NB ,2,Full,CampsitePermit,Single Tent,
Mira River,NS ,2,Full,CampsitePermit,Less than 20ft,
Amherst Shore,QC ,2,Full,CampsitePermit,Single Tent,
Amherst Shore,AB ,1,Full,CampsitePermit,Single Tent,
Whycocomagh,NS ,4,Full,YurtPermit,Tents,
Smileys,NS ,2,Full,CampsitePermit,Single Tent,
Blomidon,NS ,4,Full,CampsitePermit,Single Tent,
Graves Island,NS ,2,Full,CampsitePermit,Less than 20ft,
Rissers Beach,NS ,1,Full,CampsitePermit,Single Tent,
Ellenwood Lake,NS ,2,Full,CampsitePermit,Single Tent,
Rissers Beach,NS ,5,Full,CampsitePermit,Less than 30ft,
Porters Lake,NS ,5,Full,CampsitePermit,Tents,
Graves Island,ON ,1,Full,CampsitePermit,Single Tent,
Dollar Lake,NS ,3,Full,CampsitePermit,Less than 20ft,
Mira River,NS ,4,Full,CampsitePermit,Less than 40ft,
Dollar Lake,NS ,5,Full,CampsitePermit,Tents,
Salsman,NS ,2,Full,CampsitePermit,Single Tent,
Blomidon,ON ,2,Full,CampsitePermit,Single Tent,
Dollar Lake,NS ,2,Full,CampsitePermit,Less than 30ft,
Rissers Beach,NS ,2,Full,CampsitePermit,Single Tent,
Laurie,NS ,3,Full,CampsitePermit,Single Tent,
Dollar Lake,NS ,2,Full,CampsitePermit,Single Tent,
Blomidon,NS ,5,Full,CampsitePermit,Less than 30ft,
Dollar Lake,NS ,6,Full,CampsitePermit,Tents,
Mira River,NS ,4,Full,CampsitePermit,Less than 20ft,
Dollar Lake,NS ,4,Full,CampsitePermit,Tents,
Graves Island,NS ,2,Full,CampsitePermit,Single Tent,
Graves Island,AB ,1,Full,CampsitePermit,Single Tent,
Mira River,ON ,1,Full,CampsitePermit,Single Tent,
Ellenwood Lake,NS ,3,Full,CampsitePermit,Single Tent,
Ellenwood Lake,NS ,4,Veteran,CampsitePermit,Less than 20ft,
Laurie,NS ,2,Senior,CampsitePermit,Less than 30ft,
Dollar Lake,NS ,3,Full,CampsitePermit,Less than 20ft,
Blomidon,ON ,2,Full,CampsitePermit,Single Tent,
Rissers Beach,NS ,2,Full,CampsitePermit,Less than 20ft,
Amherst Shore,NS ,6,Full,CampsitePermit,Tents,
Mira River,NS ,5,Full,CampsitePermit,Tents,
Rissers Beach,NS ,2,Full,CampsitePermit,Less than 20ft,
Battery,NS ,2,Full,CampsitePermit,Single Tent,
Graves Island,ON ,4,Full,CampsitePermit,Less than 30ft,
Caribou Munroes,NS ,2,Full,CampsitePermit,Less than 30ft,
Rissers Beach,NS ,4,Full,CampsitePermit,Single Tent,
Thomas Raddall,NS ,4,Full,CampsitePermit,Single Tent,
Graves Island,NS ,4,Full,CampsitePermit,Less than 20ft,
Porters Lake,NB ,6,Full,CampsitePermit,Single Tent,
Rissers Beach,NS ,6,Full,CampsitePermit,Tents,
Dollar Lake,NS ,4,Full,CampsitePermit,Less than 20ft,
Graves Island,NS ,3,Full,CampsitePermit,Single Tent,
Dollar Lake,NS ,4,Full,CampsitePermit,Less than 30ft,
Blomidon,NS ,4,Senior,CampsitePermit,Less than 30ft,
Boylston,NS ,3,Full,CampsitePermit,Less than 20ft,
Rissers Beach,NS ,3,Full,CampsitePermit,Single Tent,
Mira River,NS ,4,Full,CampsitePermit,Less than 20ft,
Dollar Lake,NS ,4,Full,CampsitePermit,Single Tent,
Rissers Beach,NS ,4,Full,CampsitePermit,Less than 30ft,
Rissers Beach,NS ,6,Full,CampsitePermit,Less than 40ft,
Dollar Lake,NS ,3,Full,CampsitePermit,Single Tent,
Dollar Lake,NS ,3,Full,CampsitePermit,Less than 30ft,
Thomas Raddall,NS ,3,Full,CampsitePermit,Less than 30ft,
Caribou Munroes,ON ,2,Full,CampsitePermit,Less than 20ft,
Dollar Lake,NS ,4,Full,CampsitePermit,Less than 40ft,
Whycocomagh,NS ,4,Full,CampsitePermit,Less than 20ft,
Graves Island,NS ,2,Full,CampsitePermit,Less than 30ft,
Caribou Munroes,ON ,4,Full,CampsitePermit,Less than 30ft,
Amherst Shore,BC ,2,Full,CampsitePermit,Single Tent,
Rissers Beach,NS ,4,Full,CampsitePermit,Less than 20ft,
Rissers Beach,NS ,2,Senior,CampsitePermit,Less than 30ft,
Blomidon,NS ,4,Full,CampsitePermit,Less than 20ft,
Dollar Lake,QC ,2,Full,CampsitePermit,Less than 20ft,
Caribou Munroes,ON ,1,Full,CampsitePermit,Single Tent,
Mira River,NS ,4,Full,CampsitePermit,Less than 30ft,
Laurie,PE ,6,Full,CampsitePermit,Tents,
Graves Island,ON ,1,Senior,CampsitePermit,Single Tent,
Dollar Lake,NS ,3,Full,CampsitePermit,Less than 20ft,
Five Islands,NS ,2,Full,CampsitePermit,Single Tent,
Cape Chignecto,NS ,2,Full,BackcountryPermit,Single Tent,
Graves Island,NS ,2,Full,CampsitePermit,Single Tent,
Dollar Lake,NS ,2,Full,CampsitePermit,Single Tent,
Thomas Raddall,NS ,2,Full,CampsitePermit,Less than 30ft,
Battery,AB ,2,Full,CampsitePermit,Single Tent,
Mira River,NS ,2,Full,CampsitePermit,Tents,
Graves Island,NS ,2,Full,CampsitePermit,Less than 30ft,
Blomidon,NS ,2,Full,CampsitePermit,Less than 30ft,
Dollar Lake,NS ,2,Full,CampsitePermit,Single Tent,
Caribou Munroes,NS ,2,Full,CampsitePermit,Single Tent,
Graves Island,NS ,3,Full,CampsitePermit,Less than 20ft,
Smileys,NS ,3,Full,CampsitePermit,Single Tent,
Rissers Beach,NS ,2,Full,CampsitePermit,Less than 30ft,
Battery,NS ,2,Senior,CampsitePermit,Less than 30ft,
Laurie,NS ,3,Full,CampsitePermit,Single Tent,
Mira River,SK ,2,Full,CampsitePermit,Less than 20ft,
Porters Lake,QC ,2,Full,CampsitePermit,Single Tent,
Graves Island,NS ,1,Full,CampsitePermit,Single Tent,
Rissers Beach,NS ,2,Full,CampsitePermit,Single Tent,
Dollar Lake,NS ,3,Full,CampsitePermit,Less than 30ft,
Mira River,NS ,1,Senior,CampsitePermit,Less than 20ft,
Graves Island,NS ,2,Full,CampsitePermit,Less than 20ft,
Salsman,BC ,2,Senior,CampsitePermit,Less than 30ft,
Laurie,NS ,3,Veteran,CampsitePermit,Less than 30ft,
Thomas Raddall,NS ,2,Full,CampsitePermit,Single Tent,
Rissers Beach,NS ,3,Full,CampsitePermit,Single Tent,
Cape Chignecto,NS ,2,Full,BackcountryPermit,Single Tent,
Rissers Beach,NS ,3,Full,CampsitePermit,Less than 30ft,
The Islands,BC ,2,Senior,CampsitePermit,Less than 30ft,
Porters Lake,NS ,2,Full,CampsitePermit,Less than 30ft,
Thomas Raddall,NS ,2,Full,CampsitePermit,Single Tent,
Salsman,NS ,2,Full,CampsitePermit,Single Tent,
Caribou Munroes,ON ,2,Full,CampsitePermit,Single Tent,
Boylston,ON ,6,Full,CampsitePermit,Less than 20ft,
Graves Island,NS ,3,Full,CampsitePermit,Single Tent,
Mira River,NS ,3,Veteran,CampsitePermit,Less than 30ft,
Porters Lake,NS ,5,Full,CampsitePermit,Less than 20ft,
Valleyview,NS ,4,Full,CampsitePermit,Single Tent,
Five Islands,NS ,2,Full,CampsitePermit,Single Tent,
Smileys,NS ,4,Full,CampsitePermit,Less than 30ft,
Rissers Beach,NS ,4,Senior,CampsitePermit,Less than 30ft,
Five Islands,QC ,2,Senior,CampsitePermit,Less than 20ft,
Porters Lake,NS ,3,Full,CampsitePermit,Tents,
Blomidon,NS ,2,Full,CampsitePermit,Single Tent,
Blomidon,NS ,6,Full,CampsitePermit,Tents,
Blomidon,QC ,1,Full,CampsitePermit,Single Tent,
Smileys,NS ,6,Full,CampsitePermit,Tents,
Blomidon,NS ,6,Full,CampsitePermit,Tents,
The Islands,PE ,1,Full,CampsitePermit,Single Tent,
Five Islands,ON ,2,Senior,CampsitePermit,Less than 20ft,
Caribou Munroes,NS ,6,Full,CampsitePermit,Less than 30ft,
Rissers Beach,NS ,3,Full,CampsitePermit,Less than 20ft,
Laurie,NS ,2,Full,CampsitePermit,Single Tent,
Graves Island,NS ,2,Senior,CampsitePermit,Single Tent,
Mira River,NS ,4,Full,CampsitePermit,Less than 40ft,
Blomidon,NS ,3,Full,CampsitePermit,Single Tent,
Amherst Shore,NS ,1,Full,CampsitePermit,Single Tent,
Graves Island,NS ,2,Full,CampsitePermit,Less than 30ft,
Rissers Beach,NS ,4,Full,CampsitePermit,Less than 30ft,
Cape Chignecto,NB ,2,Full,BackcountryPermit,Single Tent,
Rissers Beach,NS ,2,Senior,CampsitePermit,Less than 30ft,
Rissers Beach,ON ,2,Full,CampsitePermit,Less than 30ft,
Blomidon,NS ,5,Full,CampsitePermit,Tents,
Amherst Shore,ON ,1,Full,CampsitePermit,Single Tent,
Thomas Raddall,NS ,2,Veteran,CampsitePermit,Less than 30ft,
Mira River,NS ,4,Full,CampsitePermit,Single Tent,
Graves Island,QC ,2,Full,CampsitePermit,Single Tent,
Caribou Munroes,NS ,4,Full,CampsitePermit,Single Tent,
Dollar Lake,NS ,4,Full,CampsitePermit,Single Tent,
Graves Island,NS ,2,Senior,CampsitePermit,Less than 20ft,
Caribou Munroes,QC ,4,Full,CampsitePermit,Less than 30ft,
Graves Island,NS ,3,Full,CampsitePermit,Less than 40ft,
Blomidon,NS ,4,Full,CampsitePermit,Single Tent,
Five Islands,QC ,1,Full,CampsitePermit,Single Tent,
Graves Island,NS ,2,Full,CampsitePermit,Less than 40ft,
Blomidon,NS ,4,Full,CampsitePermit,Less than 20ft,
Porters Lake,QC ,2,Senior,CampsitePermit,Less than 20ft,
Graves Island,NS ,4,Full,CampsitePermit,Less than 40ft,
Porters Lake,NS ,2,Full,CampsitePermit,Less than 30ft,
Smileys,NS ,4,Full,CampsitePermit,Single Tent,
Smileys,NS ,2,Full,CampsitePermit,Less than 20ft,
Porters Lake,NS ,3,Full,CampsitePermit,Single Tent,
Dollar Lake,NS ,1,Full,CampsitePermit,Single Tent,
Graves Island,NS ,2,Full,CampsitePermit,Less than 20ft,
Porters Lake,ON ,2,Full,CampsitePermit,Less than 30ft,
Amherst Shore,ON ,1,Senior,CampsitePermit,Less than 20ft,
Dollar Lake,NS ,1,Full,CampsitePermit,Single Tent,
Thomas Raddall,NS ,2,Full,CampsitePermit,Single Tent,
Five Islands,ON ,2,Full,CampsitePermit,Single Tent,
Caribou Munroes,ON ,1,Full,CampsitePermit,Single Tent,
Rissers Beach,NB ,2,Full,CampsitePermit,Less than 30ft,
Thomas Raddall,NS ,5,Full,CampsitePermit,Single Tent,
Caribou Munroes,ON ,2,Full,CampsitePermit,Single Tent,
Graves Island,NS ,4,Full,CampsitePermit,Less than 30ft,
Whycocomagh,NS ,2,Full,CampsitePermit,Single Tent,
Mira River,NS ,5,Full,CampsitePermit,Less than 30ft,
Porters Lake,NS ,5,Full,CampsitePermit,Tents,
Whycocomagh,NS ,3,Full,CampsitePermit,Single Tent,
Graves Island,QC ,2,Full,CampsitePermit,Single Tent,
Whycocomagh,NB ,2,Full,CampsitePermit,Single Tent,
Dollar Lake,NS ,4,Full,CampsitePermit,Single Tent,
Mira River,QC ,2,Full,CampsitePermit,Less than 30ft,
Dollar Lake,NS ,3,Full,CampsitePermit,Less than 20ft,
Rissers Beach,NS ,2,Full,CampsitePermit,Less than 20ft,
Blomidon,NS ,2,Full,CampsitePermit,Single Tent,
Amherst Shore,QC ,2,Full,CampsitePermit,Single Tent,
Blomidon,NS ,2,Full,CampsitePermit,Single Tent,
Laurie,NS ,2,Full,CampsitePermit,Single Tent,
Rissers Beach,NS ,4,Full,CampsitePermit,Less than 30ft,
Whycocomagh,BC ,3,Senior,YurtPermit,Tents,
Whycocomagh,BC ,2,Senior,CampsitePermit,Single Tent,
Thomas Raddall,NS ,2,Full,CampsitePermit,Less than 30ft,
Rissers Beach,NS ,2,Full,CampsitePermit,Less than 30ft,
Graves Island,NS ,4,Full,CampsitePermit,Tents,
Battery,NS ,2,Full,CampsitePermit,Single Tent,
Battery,AB ,2,Full,CampsitePermit,Single Tent,
Whycocomagh,NS ,4,Full,CampsitePermit,Less than 40ft,
Amherst Shore,NS ,2,Full,CampsitePermit,Single Tent,
Graves Island,NS ,2,Full,CampsitePermit,Less than 20ft,
Mira River,NS ,5,Full,CampsitePermit,Single Tent,
Laurie,NS ,2,Full,CampsitePermit,Single Tent,
Graves Island,NS ,4,Full,CampsitePermit,Less than 30ft,
Five Islands,ON ,2,Full,CampsitePermit,Single Tent,
Mira River,NS ,5,Full,CampsitePermit,Single Tent,
Five Islands,NS ,2,Senior,CampsitePermit,Less than 20ft,
Rissers Beach,NS ,5,Full,CampsitePermit,Less than 20ft,
Dollar Lake,NS ,2,Full,CampsitePermit,Less than 30ft,
Mira River,NS ,4,Full,CampsitePermit,Single Tent,
Five Islands,BC ,5,Full,CampsitePermit,Single Tent,
Ellenwood Lake,NS ,3,Full,CampsitePermit,Tents,
Laurie,NS ,6,Full,CampsitePermit,Tents,
Dollar Lake,NS ,4,Full,CampsitePermit,Tents,
Blomidon,NS ,7,Full,CampsitePermit,Tents,
Graves Island,NS ,2,Full,CampsitePermit,Less than 20ft,
Graves Island,ON ,4,Senior,CampsitePermit,Less than 40ft,
Caribou Munroes,NS ,4,Full,CampsitePermit,Less than 20ft,
Graves Island,ON ,2,Full,CampsitePermit,Less than 20ft,
Rissers Beach,NS ,3,Full,CampsitePermit,Less than 30ft,
Five Islands,NS ,2,Full,CampsitePermit,Less than 20ft,
Salsman,NS ,2,Senior,CampsitePermit,Single Tent,
Mira River,QC ,5,Full,CampsitePermit,Single Tent,
Graves Island,ON ,5,Full,CampsitePermit,Tents,
Graves Island,NS ,3,Full,CampsitePermit,Less than 40ft,
Ellenwood Lake,NS ,5,Full,CampsitePermit,Single Tent,
Caribou Munroes,NS ,4,Full,CampsitePermit,Single Tent,
The Islands,BC ,2,Senior,CampsitePermit,Less than 30ft,
Rissers Beach,ON ,2,Full,CampsitePermit,Less than 20ft,
Rissers Beach,NS ,4,Full,CampsitePermit,Less than 30ft,
Blomidon,NS ,3,Full,CampsitePermit,Single Tent,
Caribou Munroes,NS ,8,Full,CampsitePermit,Single Tent,
Thomas Raddall,NS ,2,Senior,CampsitePermit,Less than 20ft,
Graves Island,ON ,3,Full,CampsitePermit,Less than 30ft,
Thomas Raddall,NS ,6,Full,CampsitePermit,Tents,
Dollar Lake,NS ,6,Full,CampsitePermit,Tents,
Dollar Lake,NS ,5,Full,CampsitePermit,Tents,
Porters Lake,NS ,2,Full,CampsitePermit,Single Tent,
Blomidon,NS ,1,Full,CampsitePermit,Single Tent,
Rissers Beach,NS ,2,Full,CampsitePermit,Single Tent,
Laurie,NS ,2,Full,CampsitePermit,Single Tent,
Graves Island,NS ,3,Full,CampsitePermit,Single Tent,
Mira River,NS ,2,Full,CampsitePermit,Single Tent,
Porters Lake,NS ,2,Full,CampsitePermit,Single Tent,
Blomidon,NS ,4,Full,CampsitePermit,Single Tent,
Rissers Beach,NS ,5,Senior,CampsitePermit,Less than 30ft,
Caribou Munroes,NS ,4,Full,CampsitePermit,Less than 20ft,
Smileys,NS ,4,Full,CampsitePermit,Less than 40ft,
Blomidon,NS ,1,Full,CampsitePermit,Single Tent,
The Islands,NS ,4,Full,CampsitePermit,Tents,
Rissers Beach,NS ,3,Full,CampsitePermit,Single Tent,
Rissers Beach,NS ,2,Full,CampsitePermit,Tents,
Thomas Raddall,NB ,2,Senior,CampsitePermit,Single Tent,
Blomidon,NB ,1,Senior,CampsitePermit,Single Tent,
Caribou Munroes,ON ,4,Full,CampsitePermit,Less than 40ft,
Boylston,ON ,2,Full,CampsitePermit,Single Tent,
Thomas Raddall,NS ,2,Senior,CampsitePermit,Single Tent,
Caribou Munroes,NS ,2,Full,CampsitePermit,Less than 20ft,
Valleyview,BC ,2,Full,CampsitePermit,Single Tent,
Blomidon,NS ,1,Full,CampsitePermit,Single Tent,
Laurie,NS ,2,Full,CampsitePermit,Single Tent,
Blomidon,NS ,4,Full,CampsitePermit,Single Tent,
Graves Island,ON ,2,Senior,CampsitePermit,Less than 30ft,
Graves Island,NS ,2,Full,CampsitePermit,Less than 30ft,
Graves Island,NS ,3,Full,CampsitePermit,Single Tent,
Battery,MB ,5,Full,CampsitePermit,Less than 30ft,
Battery,QC ,2,Senior,CampsitePermit,Single Tent,
Blomidon,NS ,1,Full,CampsitePermit,Single Tent,
Laurie,NS ,2,Full,CampsitePermit,Less than 30ft,
Blomidon,ON ,2,Full,CampsitePermit,Single Tent,
Rissers Beach,NS ,6,Full,CampsitePermit,Tents,
Five Islands,ON ,2,Full,CampsitePermit,Single Tent,
Whycocomagh,QC ,1,Full,CampsitePermit,Single Tent,
Smileys,NS ,6,Full,CampsitePermit,Tents,
Blomidon,NB ,2,Full,CampsitePermit,Single Tent,
The Islands,SK ,2,Full,CampsitePermit,Less than 20ft,
Blomidon,NS ,3,Full,CampsitePermit,Single Tent,
Dollar Lake,NS ,5,Full,CampsitePermit,Single Tent,
Thomas Raddall,ON ,2,Senior,CampsitePermit,Less than 20ft,
The Islands,ON ,2,Senior,CampsitePermit,Less than 40ft,
The Islands,NS ,2,Veteran,CampsitePermit,Less than 20ft,
Dollar Lake,NS ,3,Full,CampsitePermit,Single Tent,
Smileys,NS ,5,Full,CampsitePermit,Less than 40ft,
Battery,ON ,2,Full,CampsitePermit,Single Tent,
Mira River,NS ,2,Full,CampsitePermit,Less than 40ft,
Thomas Raddall,NS ,3,Full,CampsitePermit,Single Tent,
Graves Island,NS ,4,Full,CampsitePermit,Less than 40ft,
Rissers Beach,NB ,2,Senior,CampsitePermit,Single Tent,
Dollar Lake,NS ,7,Full,CampsitePermit,Tents,
Thomas Raddall,NS ,6,Full,CampsitePermit,Single Tent,
Rissers Beach,NS ,4,Full,CampsitePermit,Less than 20ft,
Blomidon,ON ,2,Full,CampsitePermit,Single Tent,
Battery,NS ,2,Full,CampsitePermit,Single Tent,
Smileys,NS ,2,Full,CampsitePermit,Single Tent,
Graves Island,NS ,2,Senior,CampsitePermit,Less than 40ft,
Porters Lake,ON ,2,Full,CampsitePermit,Single Tent,
Rissers Beach,NS ,2,Full,CampsitePermit,Less than 40ft,
Amherst Shore,NS ,3,Full,CampsitePermit,Single Tent,
Salsman,NS ,2,Senior,CampsitePermit,Less than 20ft,
Porters Lake,NS ,3,Full,CampsitePermit,Single Tent,
Dollar Lake,NS ,1,Full,CampsitePermit,Less than 20ft,
The Islands,NS ,2,Full,CampsitePermit,Single Tent,
Rissers Beach,NS ,4,Full,CampsitePermit,Less than 20ft,
Blomidon,NS ,2,Full,CampsitePermit,Less than 40ft,
Smileys,NS ,2,Full,CampsitePermit,Single Tent,
Battery,ON ,1,Full,CampsitePermit,Single Tent,
Smileys,NS ,2,Full,CampsitePermit,Single Tent,
Rissers Beach,NS ,4,Full,CampsitePermit,Single Tent,
Smileys,NS ,2,Full,CampsitePermit,Single Tent,
Blomidon,NS ,2,Full,CampsitePermit,Less than 20ft,
Cape Chignecto,NS ,2,Full,BackcountryPermit,Single Tent,
Rissers Beach,NS ,2,Full,CampsitePermit,Less than 30ft,
Porters Lake,NS ,2,Full,CampsitePermit,Single Tent,
Whycocomagh,ON ,2,Senior,CampsitePermit,Less than 20ft,
Five Islands,NS ,2,Full,CampsitePermit,Single Tent,
Mira River,NS ,2,Full,CampsitePermit,Less than 40ft,
Dollar Lake,NS ,4,Full,CampsitePermit,Single Tent,
Valleyview,NS ,3,Full,CampsitePermit,Tents,
Graves Island,NS ,3,Full,CampsitePermit,Single Tent,
Ellenwood Lake,NS ,3,Full,CampsitePermit,Single Tent,
Laurie,NS ,2,Full,CampsitePermit,Less than 30ft,
Ellenwood Lake,NS ,3,Full,CampsitePermit,Single Tent,
Ellenwood Lake,NS ,4,Senior,CampsitePermit,Single Tent,
Porters Lake,NS ,4,Full,CampsitePermit,Single Tent,
Dollar Lake,NS ,2,Full,CampsitePermit,Single Tent,
Rissers Beach,NS ,6,Full,CampsitePermit,Less than 30ft,
Salsman,NS ,1,Full,CampsitePermit,Tents,
Blomidon,QC ,2,Full,CampsitePermit,Single Tent,
The Islands,NS ,2,Full,CampsitePermit,Single Tent,
Amherst Shore,NS ,5,Full,CampsitePermit,Less than 20ft,
Caribou Munroes,QC ,2,Senior,CampsitePermit,Less than 20ft,
Valleyview,NS ,7,Full,CampsitePermit,Tents,
Mira River,BC ,2,Full,CampsitePermit,Single Tent,
Graves Island,NS ,4,Full,CampsitePermit,Single Tent,
The Islands,ON ,2,Full,CampsitePermit,Single Tent,
Caribou Munroes,SK ,3,Full,CampsitePermit,Single Tent,
Thomas Raddall,NS ,2,Full,CampsitePermit,Less than 30ft,
Dollar Lake,NS ,5,Full,CampsitePermit,Single Tent,
Cape Chignecto,NS ,1,Full,BackcountryPermit,Single Tent,
Porters Lake,NS ,2,Full,CampsitePermit,Single Tent,
Caribou Munroes,NS ,4,Full,CampsitePermit,Less than 30ft,
The Islands,NS ,4,Full,CampsitePermit,Tents,
Dollar Lake,NB ,4,Full,CampsitePermit,Less than 20ft,
Mira River,NS ,3,Full,CampsitePermit,Tents,
Graves Island,NS ,2,Senior,CampsitePermit,Less than 20ft,
Porters Lake,NS ,2,Full,CampsitePermit,Single Tent,
Rissers Beach,NS ,6,Full,CampsitePermit,Tents,
Amherst Shore,NB ,2,Full,CampsitePermit,Less than 20ft,
Ellenwood Lake,NS ,4,Full,CampsitePermit,Single Tent,
Amherst Shore,ON ,2,Full,CampsitePermit,Single Tent,
Blomidon,NS ,1,Senior,CampsitePermit,Less than 40ft,
Graves Island,NS ,2,Full,CampsitePermit,Less than 20ft,
Graves Island,NS ,1,Full,CampsitePermit,Single Tent,
Ellenwood Lake,AB ,2,Full,CampsitePermit,Single Tent,
The Islands,NS ,2,Full,CampsitePermit,Single Tent,
Whycocomagh,NS ,2,Veteran,CampsitePermit,Less than 30ft,
Thomas Raddall,NS ,2,Full,CampsitePermit,Less than 20ft,
Graves Island,NS ,6,Full,CampsitePermit,Tents,
Porters Lake,ON ,2,Full,CampsitePermit,Single Tent,
Porters Lake,ON ,2,Full,CampsitePermit,Less than 20ft,
Smileys,QC ,2,Full,CampsitePermit,Less than 20ft,
Graves Island,NS ,1,Full,CampsitePermit,Single Tent,
Dollar Lake,NS ,2,Full,CampsitePermit,Single Tent,
Rissers Beach,NS ,4,Full,CampsitePermit,Less than 30ft,
Caribou Munroes,NS ,1,Full,CampsitePermit,Less than 20ft,
Whycocomagh,NS ,2,Full,YurtPermit,Tents,
Thomas Raddall,NS ,4,Full,CampsitePermit,Tents,
Thomas Raddall,NS ,2,Full,CampsitePermit,Single Tent,
Dollar Lake,NS ,4,Full,CampsitePermit,Less than 20ft,
Graves Island,NS ,2,Full,CampsitePermit,Single Tent,
Blomidon,AB ,4,Full,CampsitePermit,Less than 30ft,
Dollar Lake,NS ,2,Full,CampsitePermit,Single Tent,
Graves Island,NS ,2,Full,CampsitePermit,Single Tent,
Thomas Raddall,NS ,2,Full,CampsitePermit,Less than 20ft,
Caribou Munroes,NS ,2,Full,CampsitePermit,Less than 30ft,
Thomas Raddall,NS ,2,Senior,CampsitePermit,Less than 20ft,
Thomas Raddall,NS ,2,Full,CampsitePermit,Single Tent,
Dollar Lake,NS ,4,Full,CampsitePermit,Single Tent,
Graves Island,NS ,2,Full,CampsitePermit,Less than 20ft,
Laurie,QC ,2,Full,CampsitePermit,Single Tent,
Blomidon,NS ,1,Full,CampsitePermit,Single Tent,
Cape Chignecto,NS ,3,Full,BackcountryPermit,Single Tent,
Rissers Beach,NS ,3,Full,CampsitePermit,Less than 20ft,
Smileys,NS ,2,Full,CampsitePermit,Less than 30ft,
Porters Lake,NS ,3,Full,CampsitePermit,Tents,
Whycocomagh,QC ,2,Full,CampsitePermit,Single Tent,
Porters Lake,NS ,2,Full,CampsitePermit,Single Tent,
Valleyview,NS ,3,Full,CampsitePermit,Single Tent,
Rissers Beach,NS ,2,Full,CampsitePermit,Less than 20ft,
Graves Island,ON ,2,Senior,CampsitePermit,Less than 20ft,
Rissers Beach,NS ,4,Full,CampsitePermit,Less than 40ft,
Graves Island,NS ,4,Full,CampsitePermit,Less than 20ft,
Rissers Beach,NS ,6,Full,CampsitePermit,Tents,
Graves Island,NS ,1,Full,CampsitePermit,Single Tent,
Graves Island,NS ,4,Full,CampsitePermit,Single Tent,
Valleyview,NS ,4,Full,CampsitePermit,Tents,
Amherst Shore,NS ,4,Full,CampsitePermit,Single Tent,
Porters Lake,NS ,3,Full,CampsitePermit,Single Tent,
Caribou Munroes,MB ,2,Full,CampsitePermit,Single Tent,
Graves Island,NS ,6,Full,CampsitePermit,Tents,
Blomidon,QC ,1,Full,CampsitePermit,Single Tent,
Caribou Munroes,NS ,3,Full,CampsitePermit,Single Tent,
Blomidon,BC ,2,Full,CampsitePermit,Less than 20ft,
Battery,ON ,1,Full,CampsitePermit,Single Tent,
The Islands,NB ,2,Full,CampsitePermit,Single Tent,
Five Islands,NS ,2,Full,CampsitePermit,Single Tent,
Whycocomagh,ON ,2,Full,CampsitePermit,Less than 20ft,
Valleyview,NS ,5,Full,CampsitePermit,Less than 20ft,
Dollar Lake,NS ,6,Full,CampsitePermit,Tents,
Rissers Beach,NS ,2,Senior,CampsitePermit,Less than 30ft,
Salsman,NS ,4,Full,CampsitePermit,Less than 40ft,
Laurie,NS ,3,Full,CampsitePermit,Single Tent,
Graves Island,QC ,1,Full,CampsitePermit,Single Tent,
Laurie,QC ,4,Full,CampsitePermit,Less than 30ft,
Porters Lake,NS ,1,Full,CampsitePermit,Single Tent,
Thomas Raddall,NS ,2,Full,CampsitePermit,Single Tent,
Mira River,NS ,3,Full,CampsitePermit,Less than 40ft,
Mira River,AB ,8,Full,CampsitePermit,Single Tent,
Salsman,NS ,3,Full,CampsitePermit,Less than 30ft,
Laurie,NS ,2,Full,CampsitePermit,Less than 30ft,
Thomas Raddall,NS ,2,Full,CampsitePermit,Single Tent,
Battery,ON ,2,Senior,CampsitePermit,Single Tent,
Mira River,NS ,1,Full,CampsitePermit,Single Tent,
Blomidon,NS ,4,Full,CampsitePermit,Tents,
Graves Island,NS ,4,Full,CampsitePermit,Less than 20ft,
Dollar Lake,NS ,4,Full,CampsitePermit,Single Tent,
Porters Lake,ON ,2,Full,CampsitePermit,Single Tent,
Mira River,NS ,2,Full,CampsitePermit,Single Tent,
Graves Island,QC ,5,Full,CampsitePermit,Less than 40ft,
Dollar Lake,NS ,5,Full,CampsitePermit,Less than 40ft,
Rissers Beach,PE ,2,Full,CampsitePermit,Single Tent,
Mira River,NS ,4,Full,CampsitePermit,Single Tent,
The Islands,QC ,2,Full,CampsitePermit,Single Tent,
Mira River,NS ,6,Full,CampsitePermit,Tents,
Caribou Munroes,ON ,3,Senior,CampsitePermit,Less than 40ft,
Graves Island,NS ,1,Full,CampsitePermit,Single Tent,
Caribou Munroes,NS ,3,Full,CampsitePermit,Less than 30ft,
Rissers Beach,NS ,2,Full,CampsitePermit,Tents,
Rissers Beach,NS ,2,Full,CampsitePermit,Tents,
Dollar Lake,NS ,2,Full,CampsitePermit,Less than 20ft,
Graves Island,ON ,4,Full,CampsitePermit,Less than 30ft,
Salsman,NS ,2,Full,CampsitePermit,Single Tent,
Graves Island,NS ,2,Full,CampsitePermit,Less than 30ft,
Thomas Raddall,NS ,2,Senior,CampsitePermit,Less than 40ft,
Rissers Beach,NS ,5,Full,CampsitePermit,Single Tent,
Smileys,NS ,2,Full,CampsitePermit,Less than 30ft,
Caribou Munroes,NS ,2,Full,CampsitePermit,Less than 20ft,
Whycocomagh,NS ,2,Full,CampsitePermit,Less than 20ft,
Dollar Lake,NS ,2,Senior,CampsitePermit,Less than 20ft,
Amherst Shore,PE ,2,Full,CampsitePermit,Single Tent,
Mira River,NS ,4,Full,CampsitePermit,Single Tent,
Laurie,NS ,3,Full,CampsitePermit,Single Tent,
Mira River,NS ,5,Full,CampsitePermit,Less than 30ft,
Graves Island,NS ,2,Full,CampsitePermit,Less than 30ft,
Graves Island,NS ,2,Senior,CampsitePermit,Less than 30ft,
Smileys,YT ,2,Full,CampsitePermit,Less than 20ft,
Caribou Munroes,NS ,4,Full,CampsitePermit,Single Tent,
The Islands,NS ,6,Full,CampsitePermit,Tents,
Caribou Munroes,NS ,4,Full,CampsitePermit,Less than 20ft,
Rissers Beach,NS ,4,Full,CampsitePermit,Single Tent,
Thomas Raddall,NS ,1,Full,CampsitePermit,Single Tent,
Caribou Munroes,ON ,5,Full,CampsitePermit,Single Tent,
Thomas Raddall,NS ,4,Full,CampsitePermit,Single Tent,
Five Islands,QC ,2,Senior,CampsitePermit,Less than 30ft,
Rissers Beach,NS ,6,Full,CampsitePermit,Tents,
Blomidon,NS ,3,Full,CampsitePermit,Single Tent,
Graves Island,ON ,2,Senior,CampsitePermit,Single Tent,
Graves Island,NS ,2,Senior,CampsitePermit,Less than 30ft,
Porters Lake,NS ,4,Full,CampsitePermit,Single Tent,
Ellenwood Lake,NS ,3,Full,CampsitePermit,Less than 20ft,
Boylston,BC ,1,Full,CampsitePermit,Less than 20ft,
Five Islands,NS ,2,Full,CampsitePermit,Less than 30ft,
Amherst Shore,NS ,2,Full,CampsitePermit,Tents,
Mira River,NS ,2,Full,CampsitePermit,Less than 30ft,
Porters Lake,QC ,2,Full,CampsitePermit,Single Tent,
Amherst Shore,ON ,2,Full,CampsitePermit,Less than 20ft,
Dollar Lake,NS ,5,Full,CampsitePermit,Less than 20ft,
Rissers Beach,NS ,2,Full,CampsitePermit,Single Tent,
Porters Lake,NS ,4,Full,CampsitePermit,Single Tent,
Porters Lake,NS ,4,Full,CampsitePermit,Single Tent,
Five Islands,QC ,2,Full,CampsitePermit,Single Tent,
Blomidon,NS ,4,Full,CampsitePermit,Single Tent,
Cape Chignecto,BC ,2,Full,BackcountryPermit,Single Tent,
Dollar Lake,NS ,2,Senior,CampsitePermit,Less than 30ft,
Mira River,NS ,4,Full,CampsitePermit,Less than 20ft,
Laurie,NS ,2,Full,CampsitePermit,Single Tent,
Thomas Raddall,NS ,4,Full,CampsitePermit,Less than 30ft,
Graves Island,NS ,2,Full,CampsitePermit,Less than 20ft,
Mira River,NS ,2,Veteran,CampsitePermit,Less than 20ft,
Laurie,NS ,4,Full,CampsitePermit,Single Tent,
The Islands,QC ,2,Full,CampsitePermit,Single Tent,
Porters Lake,QC ,2,Full,CampsitePermit,Single Tent,
Blomidon,NS ,6,Full,CampsitePermit,Single Tent,
Rissers Beach,NS ,2,Full,CampsitePermit,Less than 20ft,
Laurie,ON ,2,Full,CampsitePermit,Single Tent,
Graves Island,NS ,2,Full,CampsitePermit,Less than 30ft,
Mira River,NS ,2,Senior,CampsitePermit,Less than 30ft,
Thomas Raddall,NS ,4,Full,CampsitePermit,Tents,
Porters Lake,NS ,2,Full,CampsitePermit,Less than 20ft,
Amherst Shore,NS ,1,Full,CampsitePermit,Single Tent,
Ellenwood Lake,NB ,2,Senior,CampsitePermit,Less than 20ft,
Caribou Munroes,ON ,4,Full,CampsitePermit,Single Tent,
Cape Chignecto,NS ,1,Full,BackcountryPermit,Single Tent,
Rissers Beach,ON ,2,Full,CampsitePermit,Less than 30ft,
Amherst Shore,NB ,2,Full,CampsitePermit,Less than 20ft,
Rissers Beach,NS ,3,Full,CampsitePermit,Less than 20ft,
Blomidon,NS ,3,Full,CampsitePermit,Less than 30ft,
Caribou Munroes,NS ,3,Full,CampsitePermit,Single Tent,
Smileys,NS ,5,Full,CampsitePermit,Less than 40ft,
Porters Lake,NS ,2,Senior,CampsitePermit,Less than 30ft,
Mira River,NS ,2,Senior,CampsitePermit,Less than 30ft,
Mira River,NS ,3,Full,CampsitePermit,Single Tent,
Battery,NS ,2,Full,CampsitePermit,Less than 30ft,
Mira River,NS ,4,Full,CampsitePermit,Single Tent,
Five Islands,AB ,2,Full,CampsitePermit,Less than 30ft,
Battery,QC ,2,Full,CampsitePermit,Single Tent,
Laurie,NS ,6,Full,CampsitePermit,Less than 30ft,
Mira River,NS ,6,Full,CampsitePermit,Single Tent,
Mira River,NS ,3,Full,CampsitePermit,Less than 30ft,
The Islands,NS ,2,Full,CampsitePermit,Single Tent,
Caribou Munroes,NS ,4,Full,CampsitePermit,Less than 30ft,
Thomas Raddall,NS ,2,Full,CampsitePermit,Single Tent,
Graves Island,NS ,2,Full,CampsitePermit,Less than 20ft,
Blomidon,QC ,2,Full,CampsitePermit,Single Tent,
Rissers Beach,NS ,2,Full,CampsitePermit,Less than 40ft,
Battery,NS ,2,Full,CampsitePermit,Less than 30ft,
Five Islands,ON ,2,Full,CampsitePermit,Single Tent,
Rissers Beach,NS ,5,FULL,CampsitePermit,Less than 30ft,
Five Islands,NS ,6,Full,CampsitePermit,Tents,
Laurie,ON ,2,Full,CampsitePermit,Single Tent,
Mira River,QC ,5,Full,CampsitePermit,Single Tent,
Rissers Beach,NS ,4,Full,CampsitePermit,Single Tent,
Porters Lake,NS ,2,Full,CampsitePermit,Less than 20ft,
Ellenwood Lake,NS ,4,Full,CampsitePermit,Single Tent,
Valleyview,NS ,3,Full,CampsitePermit,Single Tent,
Thomas Raddall,NS ,4,Full,CampsitePermit,Tents,
Valleyview,NS ,4,Full,CampsitePermit,Single Tent,
Battery,QC ,4,Full,CampsitePermit,Single Tent,
Graves Island,NS ,3,Full,CampsitePermit,Single Tent,
Rissers Beach,NS ,2,Full,CampsitePermit,Single Tent,
Porters Lake,ON ,4,Senior,CampsitePermit,Less than 30ft,
Rissers Beach,NS ,2,Full,CampsitePermit,Less than 30ft,
Blomidon,NS ,2,Host,CampsitePermit,Single Tent,
Blomidon,NS ,2,Full,CampsitePermit,Less than 20ft,
Valleyview,NS ,2,Senior,CampsitePermit,Less than 30ft,
Battery,NS ,4,Full,CampsitePermit,Tents,
Rissers Beach,NS ,2,Full,CampsitePermit,Less than 30ft,
Laurie,NS ,5,Full,CampsitePermit,Less than 30ft,
Five Islands,NS ,2,Full,CampsitePermit,Single Tent,
Amherst Shore,NS ,4,Full,CampsitePermit,Single Tent,
Mira River,QC ,3,Full,CampsitePermit,Single Tent,
Ellenwood Lake,NS ,2,Full,CampsitePermit,Less than 20ft,
Graves Island,NS ,4,Full,CampsitePermit,Less than 30ft,
Graves Island,NS ,2,Full,CampsitePermit,Single Tent,
Porters Lake,QC ,2,Full,CampsitePermit,Less than 20ft,
Rissers Beach,NS ,2,Full,CampsitePermit,Less than 20ft,
The Islands,NS ,5,Full,CampsitePermit,Tents,
Caribou Munroes,NS ,4,Full,CampsitePermit,Less than 20ft,
Amherst Shore,ON ,5,Senior,CampsitePermit,Single Tent,
Rissers Beach,NS ,5,Full,CampsitePermit,Single Tent,
Porters Lake,ON ,3,Full,CampsitePermit,Single Tent,
Five Islands,NS ,2,Full,CampsitePermit,Tents,
Five Islands,ON ,1,Full,CampsitePermit,Less than 20ft,
Graves Island,NS ,2,Full,CampsitePermit,Less than 20ft,
Mira River,NS ,2,Full,CampsitePermit,Single Tent,
Thomas Raddall,NS ,4,Full,CampsitePermit,Single Tent,
Blomidon,NS ,4,Full,CampsitePermit,Single Tent,
Laurie,QC ,2,Full,CampsitePermit,Single Tent,
Rissers Beach,QC ,2,Full,CampsitePermit,Single Tent,
Rissers Beach,NS ,3,Full,CampsitePermit,Single Tent,
Rissers Beach,NS ,4,Full,CampsitePermit,Less than 30ft,
Salsman,ON ,2,Full,CampsitePermit,Single Tent,
Rissers Beach,NS ,2,Full,CampsitePermit,Less than 30ft,
Caribou Munroes,AB ,2,Senior,CampsitePermit,Less than 30ft,
Blomidon,NS ,2,Full,CampsitePermit,Single Tent,
Caribou Munroes,NS ,2,Full,CampsitePermit,Single Tent,
Mira River,NS ,6,Full,CampsitePermit,Single Tent,
Graves Island,NS ,2,Full,CampsitePermit,Less than 20ft,
Battery,BC ,2,Senior,CampsitePermit,Single Tent,
The Islands,NS ,4,Full,CampsitePermit,Tents,
Rissers Beach,NS ,2,Full,CampsitePermit,Less than 30ft,
Rissers Beach,NS ,4,Full,CampsitePermit,Single Tent,
Thomas Raddall,NS ,4,Full,CampsitePermit,Less than 40ft,
Graves Island,NS ,4,Full,CampsitePermit,Less than 20ft,
Thomas Raddall,NS ,5,Full,CampsitePermit,Single Tent,
Dollar Lake,NS ,5,Full,CampsitePermit,Tents,
Rissers Beach,NS ,4,Full,CampsitePermit,Less than 40ft,
Whycocomagh,NS ,2,Full,CampsitePermit,Less than 40ft,
Porters Lake,NS ,2,Full,CampsitePermit,Less than 40ft,
Graves Island,NS ,2,Full,CampsitePermit,Less than 30ft,
Blomidon,NS ,5,Full,CampsitePermit,Tents,
Rissers Beach,NS ,4,Full,CampsitePermit,Less than 30ft,
Rissers Beach,NS ,3,Full,CampsitePermit,Single Tent,
Graves Island,NS ,1,Full,CampsitePermit,Less than 30ft,
Cape Chignecto,NS ,3,Full,BackcountryPermit,Single Tent,
Caribou Munroes,NS ,2,Full,CampsitePermit,Single Tent,
Graves Island,NS ,4,Full,CampsitePermit,Less than 30ft,
Mira River,ON ,2,Full,CampsitePermit,Single Tent,
Rissers Beach,NS ,2,Senior,CampsitePermit,Less than 20ft,
Smileys,NS ,6,Full,CampsitePermit,Less than 20ft,
Rissers Beach,NS ,2,Full,CampsitePermit,Less than 20ft,
Salsman,NS ,4,Full,CampsitePermit,Tents,
The Islands,NS ,2,Full,CampsitePermit,Single Tent,
Blomidon,NS ,1,Full,CampsitePermit,Single Tent,
Thomas Raddall,NS ,4,Full,CampsitePermit,Less than 40ft,
Salsman,NS ,3,Full,CampsitePermit,Less than 40ft,
Five Islands,NS ,2,Full,CampsitePermit,Tents,
Laurie,NS ,5,Full,CampsitePermit,Less than 20ft,
Caribou Munroes,NS ,4,Full,CampsitePermit,Single Tent,
Whycocomagh,ON ,2,Senior,CampsitePermit,Single Tent,
Blomidon,NS ,2,Full,CampsitePermit,Less than 20ft,
Ellenwood Lake,NS ,2,Full,CampsitePermit,Single Tent,
Dollar Lake,NS ,6,Full,CampsitePermit,Tents,
Caribou Munroes,QC ,2,Full,CampsitePermit,Single Tent,
Graves Island,NS ,4,Full,CampsitePermit,Less than 20ft,
Dollar Lake,NS ,3,Full,CampsitePermit,Single Tent,
Mira River,ON ,2,Senior,CampsitePermit,Less than 40ft,
Dollar Lake,NS ,4,Full,CampsitePermit,Less than 20ft,
Porters Lake,NS ,2,Full,CampsitePermit,Less than 20ft,
Laurie,NS ,5,Full,CampsitePermit,Single Tent,
Mira River,NS ,2,Full,CampsitePermit,Less than 20ft,
Whycocomagh,QC ,4,Full,CampsitePermit,Less than 30ft,
Thomas Raddall,NS ,3,Full,CampsitePermit,Less than 30ft,
Porters Lake,QC ,5,Full,CampsitePermit,Single Tent,
Blomidon,NS ,1,Senior,CampsitePermit,Single Tent,
Laurie,QC ,2,Full,CampsitePermit,Single Tent,
Blomidon,NS ,4,Full,CampsitePermit,Less than 30ft,
Amherst Shore,NS ,4,Full,CampsitePermit,Single Tent,
Mira River,NS ,3,Full,CampsitePermit,Less than 20ft,
Caribou Munroes,NS ,3,Full,CampsitePermit,Single Tent,
Graves Island,NS ,2,Full,CampsitePermit,Less than 30ft,
Mira River,ON ,5,Full,CampsitePermit,Less than 20ft,
Ellenwood Lake,NS ,2,Full,CampsitePermit,Single Tent,
Caribou Munroes,NS ,1,Full,CampsitePermit,Single Tent,
Battery,NS ,2,Full,CampsitePermit,Less than 30ft,
Porters Lake,NS ,2,Full,CampsitePermit,Less than 30ft,
Mira River,NS ,3,Full,CampsitePermit,Less than 20ft,
Caribou Munroes,NS ,3,Full,CampsitePermit,Single Tent,
Amherst Shore,QC ,1,Full,CampsitePermit,Single Tent,
Rissers Beach,NS ,4,Full,CampsitePermit,Less than 20ft,
Five Islands,NS ,2,Full,CampsitePermit,Single Tent,
Blomidon,NS ,4,Full,CampsitePermit,Single Tent,
Smileys,NS ,2,Full,CampsitePermit,Less than 30ft,
Smileys,NS ,3,Full,CampsitePermit,Single Tent,
Battery,NS ,2,Senior,CampsitePermit,Single Tent,
Caribou Munroes,ON ,3,Full,CampsitePermit,Single Tent,
Smileys,NS ,3,Full,CampsitePermit,Single Tent,
Blomidon,NS ,4,Full,CampsitePermit,Single Tent,
Caribou Munroes,NS ,2,Senior,CampsitePermit,Single Tent,
Boylston,NS ,4,Full,CampsitePermit,Single Tent,
Ellenwood Lake,NS ,2,Full,CampsitePermit,Less than 20ft,
Ellenwood Lake,NS ,2,Full,CampsitePermit,Less than 40ft,
Blomidon,NS ,2,Full,CampsitePermit,Single Tent,
Porters Lake,ON ,1,Full,CampsitePermit,Single Tent,
Mira River,AB ,2,Full,CampsitePermit,Less than 20ft,
Mira River,NS ,6,Full,CampsitePermit,Less than 20ft,
Thomas Raddall,NS ,2,Full,CampsitePermit,Less than 30ft,
Rissers Beach,NS ,4,Full,CampsitePermit,Less than 20ft,
Blomidon,NS ,2,Full,CampsitePermit,Less than 30ft,
Dollar Lake,NS ,5,Full,CampsitePermit,Tents,
Rissers Beach,AB ,4,Full,CampsitePermit,Less than 20ft,
Laurie,NB ,2,Full,CampsitePermit,Single Tent,
Smileys,NS ,2,Full,CampsitePermit,Single Tent,
Rissers Beach,NS ,4,Full,CampsitePermit,Less than 30ft,
Blomidon,ON ,2,Full,CampsitePermit,Single Tent,
Battery,NS ,2,Full,CampsitePermit,Less than 20ft,
Battery,NB ,2,Full,CampsitePermit,Single Tent,
Rissers Beach,NS ,2,Full,CampsitePermit,Less than 30ft,
Laurie,NS ,2,Full,CampsitePermit,Single Tent,
Graves Island,NS ,2,Full,CampsitePermit,Less than 20ft,
Graves Island,NS ,4,Full,CampsitePermit,Single Tent,
Cape Chignecto,NB ,2,Full,BackcountryPermit,Single Tent,
Porters Lake,AB ,2,Senior,CampsitePermit,Less than 30ft,
Rissers Beach,NS ,4,Full,CampsitePermit,Less than 40ft,
Five Islands,ON ,4,Full,CampsitePermit,Single Tent,
The Islands,NS ,2,Full,CampsitePermit,Single Tent,
Five Islands,AB ,1,Full,CampsitePermit,Single Tent,
Salsman,NS ,4,Full,CampsitePermit,Less than 20ft,
Caribou Munroes,NB ,2,Full,CampsitePermit,Less than 20ft,
Mira River,AB ,2,Full,CampsitePermit,Single Tent,
Graves Island,NS ,2,Full,CampsitePermit,Less than 20ft,
Battery,ON ,2,Full,CampsitePermit,Less than 20ft,
Graves Island,QC ,2,Full,CampsitePermit,Less than 20ft,
Battery,NS ,4,Full,CampsitePermit,Less than 40ft,
Valleyview,NS ,4,Veteran,CampsitePermit,Less than 20ft,
Amherst Shore,QC ,2,Full,CampsitePermit,Less than 30ft,
Mira River,NS ,2,Full,CampsitePermit,Less than 20ft,
Caribou Munroes,ON ,2,Full,CampsitePermit,Less than 20ft,
Graves Island,NS ,2,Senior,CampsitePermit,Less than 30ft,
Caribou Munroes,NS ,2,Senior,CampsitePermit,Less than 30ft,
Smileys,NS ,2,Full,CampsitePermit,Less than 30ft,
Rissers Beach,NS ,4,Full,CampsitePermit,Less than 20ft,
Porters Lake,NS ,4,Full,CampsitePermit,Tents,
Rissers Beach,NS ,2,Full,CampsitePermit,Less than 30ft,
Ellenwood Lake,QC ,2,Full,CampsitePermit,Less than 20ft,
Caribou Munroes,NS ,4,Full,CampsitePermit,Single Tent,
Salsman,NS ,2,Veteran,CampsitePermit,Less than 40ft,
Mira River,NS ,2,Full,CampsitePermit,Less than 20ft,
Porters Lake,NS ,2,Senior,CampsitePermit,Less than 40ft,
Graves Island,NS ,4,Full,CampsitePermit,Less than 30ft,
Graves Island,NS ,2,Senior,CampsitePermit,Less than 20ft,
Blomidon,NS ,4,Full,CampsitePermit,Less than 30ft,
Caribou Munroes,NS ,2,Full,CampsitePermit,Less than 40ft,
Mira River,NS ,4,Full,CampsitePermit,Single Tent,
Boylston,ON ,2,Senior,CampsitePermit,Less than 20ft,
Graves Island,NS ,3,Full,CampsitePermit,Less than 20ft,
Dollar Lake,NS ,3,Full,CampsitePermit,Single Tent,
Mira River,NB ,2,Full,CampsitePermit,Less than 20ft,
Graves Island,NS ,4,Full,CampsitePermit,Single Tent,
Five Islands,NS ,2,Full,CampsitePermit,Less than 30ft,
Graves Island,ON ,2,Senior,CampsitePermit,Less than 20ft,
Rissers Beach,NS ,5,Full,CampsitePermit,Less than 30ft,
Thomas Raddall,NS ,4,Full,CampsitePermit,Tents,
Caribou Munroes,QC ,2,Full,CampsitePermit,Less than 30ft,
Blomidon,NS ,4,Full,CampsitePermit,Less than 20ft,
Dollar Lake,NS ,4,Full,CampsitePermit,Single Tent,
Mira River,NS ,2,Senior,CampsitePermit,Single Tent,
Ellenwood Lake,NS ,5,Full,CampsitePermit,Less than 20ft,
The Islands,AB ,2,Full,CampsitePermit,Less than 30ft,
Blomidon,NS ,2,Full,CampsitePermit,Single Tent,
Caribou Munroes,NS ,3,Full,CampsitePermit,Less than 20ft,
Blomidon,QC ,2,Full,CampsitePermit,Single Tent,
Graves Island,NS ,1,Full,CampsitePermit,Less than 40ft,
Rissers Beach,NS ,6,Full,CampsitePermit,Less than 30ft,
Rissers Beach,NS ,2,Full,CampsitePermit,Single Tent,
Mira River,NS ,1,Full,CampsitePermit,Less than 40ft,
Mira River,NS ,3,Full,CampsitePermit,Single Tent,
Blomidon,NS ,2,Full,CampsitePermit,Less than 20ft,
Whycocomagh,BC ,2,Full,CampsitePermit,Less than 30ft,
Ellenwood Lake,NS ,5,Full,CampsitePermit,Less than 20ft,
Thomas Raddall,NL ,4,Senior,CampsitePermit,Single Tent,
The Islands,NS ,6,Full,CampsitePermit,Tents,
Graves Island,NS ,2,Full,CampsitePermit,Single Tent,
The Islands,NS ,2,Senior,CampsitePermit,Less than 30ft,
Caribou Munroes,NS ,2,Full,CampsitePermit,Less than 20ft,
Porters Lake,NS ,4,Full,CampsitePermit,Tents,
Dollar Lake,NS ,4,Full,CampsitePermit,Single Tent,
Smileys,NS ,1,Full,CampsitePermit,Single Tent,
Rissers Beach,NS ,2,Full,CampsitePermit,Less than 20ft,
Porters Lake,NS ,2,Senior,CampsitePermit,Less than 20ft,
Mira River,NS ,2,Full,CampsitePermit,Less than 20ft,
Porters Lake,NB ,3,Full,CampsitePermit,Single Tent,
Caribou Munroes,NS ,5,Full,CampsitePermit,Tents,
Battery,BC ,2,Full,CampsitePermit,Single Tent,
Smileys,ON ,2,Full,CampsitePermit,Less than 40ft,
Porters Lake,NS ,2,Full,CampsitePermit,Single Tent,
Graves Island,QC ,2,Senior,CampsitePermit,Less than 30ft,
Five Islands,NS ,4,Full,CampsitePermit,Single Tent,
Ellenwood Lake,NS ,2,Full,CampsitePermit,Less than 20ft,
Blomidon,QC ,2,Full,CampsitePermit,Less than 20ft,
Mira River,NS ,4,Full,CampsitePermit,Less than 30ft,
Rissers Beach,NS ,2,Full,CampsitePermit,Less than 40ft,
Graves Island,NS ,2,Senior,CampsitePermit,Less than 20ft,
Caribou Munroes,NS ,3,Full,CampsitePermit,Less than 30ft,
Battery,ON ,2,Full,CampsitePermit,Single Tent,
Graves Island,NS ,1,Senior,CampsitePermit,Less than 20ft,
Cape Chignecto,NB ,2,Full,BackcountryPermit,Single Tent,
Whycocomagh,NS ,4,Full,YurtPermit,Tents,
Thomas Raddall,NS ,2,Full,CampsitePermit,Less than 30ft,
Laurie,NS ,2,Full,CampsitePermit,Single Tent,
Graves Island,NS ,1,Senior,CampsitePermit,Less than 20ft,
Dollar Lake,NS ,4,Senior,CampsitePermit,Single Tent,
Rissers Beach,NS ,2,Senior,CampsitePermit,Less than 20ft,
Graves Island,ON ,1,Full,CampsitePermit,Single Tent,
Blomidon,QC ,2,Full,CampsitePermit,Single Tent,
Graves Island,NS ,1,Full,CampsitePermit,Tents,
Ellenwood Lake,NS ,2,Senior,CampsitePermit,Less than 20ft,
Caribou Munroes,QC ,2,Full,CampsitePermit,Single Tent,
The Islands,NS ,1,Full,CampsitePermit,Single Tent,
Rissers Beach,NS ,8,Full,CampsitePermit,Tents,
Rissers Beach,NS ,4,Full,CampsitePermit,Single Tent,
Mira River,NS ,6,Senior,CampsitePermit,Tents,
Mira River,SK ,5,Full,CampsitePermit,Single Tent,
Rissers Beach,NS ,5,Full,CampsitePermit,Single Tent,
Cape Chignecto,NS ,2,Full,BackcountryPermit,Single Tent,
The Islands,QC ,2,Full,CampsitePermit,Less than 20ft,
Laurie,NS ,3,Senior,CampsitePermit,Less than 30ft,
Laurie,NS ,2,Full,CampsitePermit,Less than 20ft,
Blomidon,NS ,2,Full,CampsitePermit,Single Tent,
Rissers Beach,NS ,6,Full,CampsitePermit,Less than 30ft,
Laurie,PE ,3,Full,CampsitePermit,Less than 40ft,
Laurie,NS ,2,Full,CampsitePermit,Single Tent,
Laurie,NS ,2,Full,CampsitePermit,Single Tent,
Laurie,NS ,4,Full,CampsitePermit,Less than 20ft,
Mira River,ON ,2,Full,CampsitePermit,Single Tent,
Five Islands,ON ,2,Full,CampsitePermit,Less than 20ft,
Laurie,NS ,2,Full,CampsitePermit,Less than 30ft,
Mira River,QC ,4,Full,CampsitePermit,Single Tent,
The Islands,NS ,2,Full,CampsitePermit,Single Tent,
Rissers Beach,NS ,2,Senior,CampsitePermit,Less than 20ft,
Porters Lake,NS ,2,Full,CampsitePermit,Less than 30ft,
Rissers Beach,QC ,1,Full,CampsitePermit,Less than 20ft,
Caribou Munroes,QC ,2,Full,CampsitePermit,Single Tent,
Mira River,NS ,4,Full,CampsitePermit,Less than 30ft,
Rissers Beach,NS ,2,Full,CampsitePermit,Less than 30ft,
Caribou Munroes,NB ,2,Full,CampsitePermit,Single Tent,
Dollar Lake,NS ,5,Full,CampsitePermit,Tents,
Whycocomagh,ON ,2,Full,CampsitePermit,Single Tent,
Mira River,NS ,2,Full,CampsitePermit,Less than 20ft,
Smileys,NS ,6,Full,CampsitePermit,Tents,
Dollar Lake,NS ,4,Senior,CampsitePermit,Single Tent,
Mira River,NS ,5,Full,CampsitePermit,Tents,
Blomidon,QC ,2,Full,CampsitePermit,Single Tent,
Dollar Lake,NS ,2,Full,CampsitePermit,Single Tent,
Rissers Beach,NS ,2,Full,CampsitePermit,Single Tent,
Cape Chignecto,NS ,4,Full,BackcountryPermit,Single Tent,
Ellenwood Lake,NB ,2,Full,CampsitePermit,Single Tent,
Thomas Raddall,ON ,1,Full,CampsitePermit,Single Tent,
Amherst Shore,NS ,2,Senior,CampsitePermit,Single Tent,
Graves Island,NS ,2,Full,CampsitePermit,Single Tent,
Laurie,ON ,2,Full,CampsitePermit,Single Tent,
Rissers Beach,NS ,2,Full,CampsitePermit,Less than 30ft,
Porters Lake,NS ,2,Veteran,CampsitePermit,Less than 30ft,
Graves Island,NS ,1,Senior,CampsitePermit,Single Tent,
Blomidon,NS ,3,Full,CampsitePermit,Less than 20ft,
Caribou Munroes,NS ,4,Full,CampsitePermit,Less than 20ft,
Whycocomagh,QC ,1,Full,CampsitePermit,Single Tent,
Caribou Munroes,NS ,4,Full,CampsitePermit,Less than 20ft,
Ellenwood Lake,PE ,2,Full,CampsitePermit,Single Tent,
Caribou Munroes,BC ,2,Full,CampsitePermit,Single Tent,
Dollar Lake,NS ,5,Full,CampsitePermit,Tents,
Thomas Raddall,ON ,2,Full,CampsitePermit,Single Tent,
Boylston,NS ,2,Full,CampsitePermit,Single Tent,
Graves Island,NS ,2,Veteran,CampsitePermit,Less than 20ft,
The Islands,NS ,2,Full,CampsitePermit,Single Tent,
Caribou Munroes,NS ,4,Full,CampsitePermit,Less than 20ft,
Porters Lake,NS ,4,Full,CampsitePermit,Single Tent,
Dollar Lake,NS ,4,Full,CampsitePermit,Tents,
Rissers Beach,NS ,4,Full,CampsitePermit,Less than 30ft,
Smileys,NS ,4,Full,CampsitePermit,Tents,
Laurie,QC ,2,Full,CampsitePermit,Single Tent,
Mira River,QC ,2,Full,CampsitePermit,Single Tent,
Blomidon,NS ,3,Full,CampsitePermit,Single Tent,
Whycocomagh,BC ,2,Full,CampsitePermit,Single Tent,
Caribou Munroes,NS ,5,Full,CampsitePermit,Single Tent,
Valleyview,NS ,2,Full,CampsitePermit,Less than 40ft,
Battery,ON ,2,Senior,CampsitePermit,Single Tent,
Mira River,NS ,5,Full,CampsitePermit,Single Tent,
Amherst Shore,ON ,2,Full,CampsitePermit,Single Tent,
Porters Lake,NS ,2,Full,CampsitePermit,Less than 40ft,
Battery,NS ,4,Full,CampsitePermit,Less than 40ft,
The Islands,ON ,2,Senior,CampsitePermit,Less than 30ft,
Caribou Munroes,NS ,6,Full,CampsitePermit,Single Tent,
Thomas Raddall,NS ,1,Full,CampsitePermit,Single Tent,
Valleyview,NS ,2,Full,CampsitePermit,Single Tent,
Blomidon,NS ,3,Full,CampsitePermit,Tents,
Dollar Lake,NS ,2,Full,CampsitePermit,Single Tent,
Ellenwood Lake,NS ,2,Senior,CampsitePermit,Less than 20ft,
Amherst Shore,QC ,2,Full,CampsitePermit,Single Tent,
Dollar Lake,NS ,2,Full,CampsitePermit,Single Tent,
Laurie,NS ,3,Full,CampsitePermit,Single Tent,
Graves Island,NB ,3,Full,CampsitePermit,Single Tent,
Mira River,NS ,3,Full,CampsitePermit,Less than 30ft,
Ellenwood Lake,NS ,2,Full,CampsitePermit,Less than 30ft,
Graves Island,NS ,2,Full,CampsitePermit,Less than 20ft,
Porters Lake,NS ,2,Full,CampsitePermit,Single Tent,
Ellenwood Lake,NS ,4,Full,CampsitePermit,Less than 20ft,
Rissers Beach,NS ,4,Senior,CampsitePermit,Less than 30ft,
Five Islands,QC ,2,Full,CampsitePermit,Less than 20ft,
Mira River,NS ,2,Full,CampsitePermit,Less than 20ft,
The Islands,ON ,2,Full,CampsitePermit,Less than 20ft,
Dollar Lake,NS ,4,Full,CampsitePermit,Less than 30ft,
Five Islands,QC ,1,Full,CampsitePermit,Single Tent,
Dollar Lake,NS ,2,Full,CampsitePermit,Less than 20ft,
Graves Island,ON ,2,Senior,CampsitePermit,Less than 20ft,
Mira River,NS ,2,Full,CampsitePermit,Single Tent,
Amherst Shore,NS ,2,Senior,CampsitePermit,Less than 30ft,
Amherst Shore,QC ,2,Full,CampsitePermit,Single Tent,
Porters Lake,QC ,2,Full,CampsitePermit,Less than 30ft,
Thomas Raddall,NS ,1,Senior,CampsitePermit,Single Tent,
Dollar Lake,NB ,2,Full,CampsitePermit,Single Tent,
Rissers Beach,NS ,2,Full,CampsitePermit,Less than 30ft,
Thomas Raddall,NS ,4,Full,CampsitePermit,Single Tent,
Laurie,NS ,4,Full,CampsitePermit,Tents,
Dollar Lake,NS ,2,Full,CampsitePermit,Single Tent,
Mira River,QC ,4,Full,CampsitePermit,Tents,
Laurie,NS ,2,Full,CampsitePermit,Single Tent,
Rissers Beach,NS ,2,Full,CampsitePermit,Less than 30ft,
Salsman,NS ,4,Full,CampsitePermit,Less than 30ft,
Laurie,NS ,2,Full,CampsitePermit,Less than 30ft,
Amherst Shore,QC ,2,Full,CampsitePermit,Tents,
Five Islands,NS ,2,Full,CampsitePermit,Single Tent,
Whycocomagh,NB ,4,Full,CampsitePermit,Less than 30ft,
Porters Lake,NS ,4,Full,CampsitePermit,Less than 30ft,
Laurie,NS ,4,Senior,CampsitePermit,Less than 30ft,
Thomas Raddall,NS ,2,Full,CampsitePermit,Single Tent,
Smileys,NS ,2,Full,CampsitePermit,Single Tent,
Rissers Beach,NS ,2,Full,CampsitePermit,Single Tent,
Five Islands,NS ,4,Full,CampsitePermit,Single Tent,
Laurie,BC ,6,Full,CampsitePermit,Less than 30ft,
Thomas Raddall,NB ,1,Full,CampsitePermit,Single Tent,
Laurie,QC ,4,Full,CampsitePermit,Single Tent,
Battery,NS ,4,Full,CampsitePermit,Tents,
Ellenwood Lake,QC ,2,Full,CampsitePermit,Less than 20ft,
Mira River,NS ,4,Full,CampsitePermit,Less than 20ft,
Blomidon,NS ,4,Full,CampsitePermit,Single Tent,
Graves Island,QC ,1,Full,CampsitePermit,Single Tent,
Ellenwood Lake,NS ,6,Full,CampsitePermit,Tents,
Mira River,NS ,2,Full,CampsitePermit,Less than 40ft,
Amherst Shore,ON ,3,Full,CampsitePermit,Less than 20ft,
Thomas Raddall,NS ,4,Full,CampsitePermit,Less than 30ft,
Mira River,NS ,5,Full,CampsitePermit,Less than 30ft,
Graves Island,NS ,2,Full,CampsitePermit,Less than 30ft,
Laurie,NS ,4,Full,CampsitePermit,Tents,
Laurie,ON ,6,Full,CampsitePermit,Less than 20ft,
Thomas Raddall,QC ,2,Full,CampsitePermit,Single Tent,
Rissers Beach,NS ,2,Full,CampsitePermit,Less than 20ft,
Caribou Munroes,NS ,2,Veteran,CampsitePermit,Single Tent,
The Islands,NS ,2,Full,CampsitePermit,Single Tent,
Battery,NS ,1,Full,CampsitePermit,Single Tent,
Mira River,NS ,2,Full,CampsitePermit,Single Tent,
Cape Chignecto,NS ,4,Full,BackcountryPermit,Cabin,
Mira River,NS ,4,Full,CampsitePermit,Less than 30ft,
Salsman,ON ,1,Full,CampsitePermit,Less than 20ft,
Rissers Beach,NS ,4,Full,CampsitePermit,Less than 40ft,
Blomidon,NB ,3,Full,CampsitePermit,Less than 20ft,
Battery,QC ,2,Full,CampsitePermit,Single Tent,
Caribou Munroes,NS ,3,Full,CampsitePermit,Less than 20ft,
Blomidon,NS ,4,Veteran,CampsitePermit,Single Tent,
Rissers Beach,NS ,4,Full,CampsitePermit,Less than 30ft,
Dollar Lake,NS ,5,Full,CampsitePermit,Less than 30ft,
Porters Lake,NS ,3,Full,CampsitePermit,Single Tent,
Five Islands,QC ,4,Full,CampsitePermit,Single Tent,
Dollar Lake,NS ,3,Full,CampsitePermit,Single Tent,
Caribou Munroes,AB ,5,Full,CampsitePermit,Single Tent,
The Islands,ON ,1,Full,CampsitePermit,Greater than 40ft,
Graves Island,NS ,2,Full,CampsitePermit,Less than 30ft,
Salsman,NS ,2,Full,CampsitePermit,Less than 20ft,
Dollar Lake,NS ,4,Full,CampsitePermit,Single Tent,
Smileys,NB ,2,Full,CampsitePermit,Single Tent,
Battery,NS ,4,Full,CampsitePermit,Less than 30ft,
Porters Lake,NS ,3,Full,CampsitePermit,Single Tent,
Dollar Lake,NS ,5,Full,CampsitePermit,Less than 20ft,
Whycocomagh,NS ,2,Full,CampsitePermit,Tents,
Smileys,NS ,2,Full,CampsitePermit,Less than 30ft,
Caribou Munroes,NS ,2,Full,CampsitePermit,Less than 20ft,
Amherst Shore,BC ,3,Full,CampsitePermit,Single Tent,
Cape Chignecto,NS ,1,Full,BackcountryPermit,Single Tent,
Ellenwood Lake,NS ,4,Full,CampsitePermit,Single Tent,
Amherst Shore,NS ,2,Full,CampsitePermit,Less than 20ft,
Boylston,NS ,2,Full,CampsitePermit,Single Tent,
Dollar Lake,NS ,2,Full,CampsitePermit,Single Tent,
Thomas Raddall,NS ,4,Full,CampsitePermit,Tents,
Valleyview,NS ,1,Full,CampsitePermit,Single Tent,
Thomas Raddall,NS ,4,Full,CampsitePermit,Less than 20ft,
Mira River,NL ,2,Full,CampsitePermit,Single Tent,
Battery,NS ,2,Senior,CampsitePermit,Single Tent,
Blomidon,ON ,6,Full,CampsitePermit,Single Tent,
Mira River,NS ,4,Full,CampsitePermit,Less than 30ft,
Mira River,NL ,2,Full,CampsitePermit,Single Tent,
Ellenwood Lake,NS ,2,Full,CampsitePermit,Single Tent,
Cape Chignecto,NS ,1,Full,BackcountryPermit,Single Tent,
Mira River,NS ,1,Full,CampsitePermit,Single Tent,
Laurie,NS ,3,Full,CampsitePermit,Single Tent,
Porters Lake,NS ,4,Full,CampsitePermit,Single Tent,
Dollar Lake,NS ,2,Full,CampsitePermit,Single Tent,
Valleyview,NS ,2,Full,CampsitePermit,Tents,
Blomidon,NS ,1,Full,CampsitePermit,Single Tent,
Rissers Beach,NS ,2,Full,CampsitePermit,Single Tent,
Rissers Beach,NS ,2,Full,CampsitePermit,Single Tent,
Blomidon,AB ,2,Full,CampsitePermit,Single Tent,
Mira River,NS ,2,Full,CampsitePermit,Less than 30ft,
Battery,ON ,2,Full,CampsitePermit,Single Tent,
Caribou Munroes,NS ,4,Full,CampsitePermit,Single Tent,
Rissers Beach,NS ,4,Full,CampsitePermit,Less than 20ft,
Graves Island,QC ,1,Full,CampsitePermit,Single Tent,
Battery,NS ,4,Full,CampsitePermit,Tents,
Caribou Munroes,NS ,6,Full,CampsitePermit,Less than 30ft,
Battery,NS ,2,Senior,CampsitePermit,Less than 30ft,
Thomas Raddall,QC ,2,Full,CampsitePermit,Single Tent,
Laurie,NS ,4,Full,CampsitePermit,Single Tent,
Amherst Shore,NS ,2,Senior,CampsitePermit,Less than 30ft,
Rissers Beach,NS ,2,Full,CampsitePermit,Less than 20ft,
Thomas Raddall,NS ,2,Full,CampsitePermit,Less than 20ft,
Amherst Shore,ON ,2,Full,CampsitePermit,Single Tent,
Rissers Beach,NS ,4,Full,CampsitePermit,Single Tent,
Mira River,NS ,4,Full,CampsitePermit,Single Tent,
Mira River,AB ,2,Full,CampsitePermit,Single Tent,
Caribou Munroes,NS ,2,Full,CampsitePermit,Less than 30ft,
Graves Island,NS ,3,Full,CampsitePermit,Less than 30ft,
Laurie,NS ,2,Full,CampsitePermit,Less than 30ft,
Rissers Beach,NS ,5,Full,CampsitePermit,Less than 40ft,
Dollar Lake,NS ,2,Full,CampsitePermit,Single Tent,
Dollar Lake,NS ,5,Full,CampsitePermit,Tents,
Rissers Beach,NS ,4,Full,CampsitePermit,Single Tent,
Mira River,ON ,4,Full,CampsitePermit,Less than 40ft,
Thomas Raddall,NS ,3,Full,CampsitePermit,Single Tent,
Graves Island,ON ,1,Full,CampsitePermit,Single Tent,
Mira River,NS ,1,Full,CampsitePermit,Less than 40ft,
Blomidon,ON ,2,Full,CampsitePermit,Less than 30ft,
Amherst Shore,NS ,2,Senior,CampsitePermit,Less than 20ft,
Ellenwood Lake,NS ,5,Full,CampsitePermit,Less than 40ft,
Rissers Beach,NS ,6,Senior,CampsitePermit,Less than 30ft,
Porters Lake,NS ,6,Full,CampsitePermit,Tents,
Rissers Beach,NS ,4,Full,CampsitePermit,Single Tent,
Smileys,NS ,1,Full,CampsitePermit,Less than 40ft,
Five Islands,QC ,2,Full,CampsitePermit,Single Tent,
Ellenwood Lake,NS ,4,Full,CampsitePermit,Less than 30ft,
Mira River,NS ,3,Full,CampsitePermit,Single Tent,
Ellenwood Lake,NS ,5,Full,CampsitePermit,Less than 20ft,
Salsman,QC ,3,Senior,CampsitePermit,Less than 30ft,
Dollar Lake,AB ,2,Full,CampsitePermit,Single Tent,
Thomas Raddall,NS ,1,Host,CampsitePermit,Single Tent,
Five Islands,NS ,2,Full,CampsitePermit,Single Tent,
Graves Island,QC ,1,Full,CampsitePermit,Single Tent,
Dollar Lake,NS ,3,Full,CampsitePermit,Single Tent,
Laurie,NB ,2,Full,CampsitePermit,Single Tent,
Graves Island,ON ,2,Full,CampsitePermit,Single Tent,
Five Islands,NB ,2,Full,CampsitePermit,Single Tent,
Rissers Beach,NS ,5,Full,CampsitePermit,Tents,
Porters Lake,NS ,2,Full,CampsitePermit,Less than 40ft,
Ellenwood Lake,NL ,2,Full,CampsitePermit,Single Tent,
Mira River,NS ,4,Full,CampsitePermit,Less than 20ft,
Blomidon,NS ,3,Full,CampsitePermit,Single Tent,
Caribou Munroes,NS ,2,Senior,CampsitePermit,Less than 40ft,
Thomas Raddall,NS ,2,Full,CampsitePermit,Less than 20ft,
Caribou Munroes,NS ,2,Full,CampsitePermit,Less than 30ft,
Mira River,NS ,4,Full,CampsitePermit,Less than 30ft,
Battery,ON ,2,Senior,CampsitePermit,Single Tent,
Laurie,QC ,3,Full,CampsitePermit,Single Tent,
Battery,NS ,2,Veteran,CampsitePermit,Less than 20ft,
Rissers Beach,NS ,2,Full,CampsitePermit,Less than 30ft,
Mira River,QC ,1,Senior,CampsitePermit,Single Tent,
Porters Lake,QC ,1,Full,CampsitePermit,Single Tent,
Battery,ON ,2,Senior,CampsitePermit,Single Tent,
Mira River,NS ,2,Full,CampsitePermit,Single Tent,
Blomidon,NS ,3,Full,CampsitePermit,Less than 30ft,
Salsman,NS ,3,Full,CampsitePermit,Tents,
Dollar Lake,NS ,2,Full,CampsitePermit,Single Tent,
The Islands,NS ,5,Full,CampsitePermit,Tents,
Caribou Munroes,NS ,4,Full,CampsitePermit,Less than 20ft,
Laurie,ON ,2,Senior,CampsitePermit,Single Tent,
Battery,NB ,1,Full,CampsitePermit,Single Tent,
Five Islands,NS ,2,Senior,CampsitePermit,Single Tent,
The Islands,NS ,2,Senior,CampsitePermit,Less than 20ft,
Blomidon,AB ,1,Full,CampsitePermit,Single Tent,
Five Islands,ON ,2,Full,CampsitePermit,Less than 20ft,
Dollar Lake,NS ,4,Full,CampsitePermit,Single Tent,
Smileys,NS ,4,Full,CampsitePermit,Single Tent,
Porters Lake,NS ,4,Full,CampsitePermit,Greater than 40ft,
Mira River,NS ,4,Full,CampsitePermit,Less than 20ft,
Blomidon,NS ,4,Full,CampsitePermit,Single Tent,
Caribou Munroes,NS ,2,Senior,CampsitePermit,Less than 30ft,
Graves Island,NS ,1,Full,CampsitePermit,Single Tent,
Caribou Munroes,NS ,3,Full,CampsitePermit,Single Tent,
Blomidon,NS ,2,Full,CampsitePermit,Single Tent,
Blomidon,NS ,2,Full,CampsitePermit,Single Tent,
Blomidon,NS ,2,Full,CampsitePermit,Single Tent,
Cape Chignecto,NS ,8,Full,BackcountryPermit,Cabin,
Salsman,QC ,3,Full,CampsitePermit,Less than 20ft,
Ellenwood Lake,NS ,1,Full,CampsitePermit,Single Tent,
Porters Lake,NS ,2,Full,CampsitePermit,Single Tent,
Graves Island,QC ,4,Full,CampsitePermit,Greater than 40ft,
Dollar Lake,NS ,5,Full,CampsitePermit,Single Tent,
Ellenwood Lake,NS ,2,Full,CampsitePermit,Tents,
Battery,NS ,2,Full,CampsitePermit,Less than 20ft,
Thomas Raddall,NS ,4,Full,CampsitePermit,Single Tent,
Five Islands,NS ,2,Full,CampsitePermit,Single Tent,
Five Islands,QC ,2,Full,CampsitePermit,Single Tent,
Caribou Munroes,NS ,2,Full,CampsitePermit,Less than 30ft,
Amherst Shore,NS ,2,Senior,CampsitePermit,Less than 20ft,
Dollar Lake,NS ,5,Full,CampsitePermit,Tents,
Laurie,NS ,3,Full,CampsitePermit,Single Tent,
Caribou Munroes,NS ,3,Full,CampsitePermit,Single Tent,
Blomidon,NS ,2,Full,CampsitePermit,Single Tent,
Five Islands,NS ,2,Full,CampsitePermit,Single Tent,
Thomas Raddall,NB ,2,Full,CampsitePermit,Single Tent,
Cape Chignecto,NB ,5,Senior,BackcountryPermit,Cabin,
Porters Lake,ON ,2,Full,CampsitePermit,Less than 30ft,
Smileys,NS ,5,Full,CampsitePermit,Less than 30ft,
Cape Chignecto,ON ,2,Full,BackcountryPermit,Single Tent,
Boylston,NS ,2,Full,CampsitePermit,Single Tent,
Blomidon,NS ,2,Full,CampsitePermit,Single Tent,
Laurie,NS ,3,Full,CampsitePermit,Less than 40ft,
Rissers Beach,NS ,3,Full,CampsitePermit,Single Tent,
Five Islands,QC ,2,Full,CampsitePermit,Less than 20ft,
Laurie,QC ,2,Full,CampsitePermit,Single Tent,
Rissers Beach,QC ,5,Full,CampsitePermit,Single Tent,
Mira River,NS ,2,Full,CampsitePermit,Single Tent,
Mira River,QC ,2,Full,CampsitePermit,Single Tent,
Thomas Raddall,QC ,3,Full,CampsitePermit,Single Tent,
Mira River,NS ,4,Full,CampsitePermit,Less than 20ft,
Graves Island,QC ,4,Full,CampsitePermit,Less than 30ft,
Blomidon,NS ,2,Full,CampsitePermit,Less than 30ft,
Caribou Munroes,NS ,2,Senior,CampsitePermit,Less than 20ft,
Amherst Shore,QC ,2,Senior,CampsitePermit,Single Tent,
Caribou Munroes,NS ,2,Veteran,CampsitePermit,Less than 40ft,
Laurie,NS ,1,Full,CampsitePermit,Single Tent,
Cape Chignecto,NS ,2,Full,BackcountryPermit,Single Tent,
Caribou Munroes,NS ,2,Full,CampsitePermit,Less than 20ft,
Rissers Beach,NS ,4,Full,CampsitePermit,Less than 30ft,
Caribou Munroes,NS ,2,Full,CampsitePermit,Less than 20ft,
Blomidon,NS ,6,Full,CampsitePermit,Tents,
Graves Island,AB ,3,Full,CampsitePermit,Single Tent,
Thomas Raddall,NS ,3,Full,CampsitePermit,Less than 20ft,
Laurie,NS ,2,Senior,CampsitePermit,Less than 20ft,
Five Islands,NS ,4,Full,CampsitePermit,Tents,
Five Islands,QC ,2,Full,CampsitePermit,Single Tent,
Dollar Lake,NS ,3,Full,CampsitePermit,Less than 30ft,
Amherst Shore,NS ,4,Full,CampsitePermit,Less than 20ft,
Mira River,QC ,2,Full,CampsitePermit,Less than 20ft,
Graves Island,NS ,2,Full,CampsitePermit,Less than 20ft,
Thomas Raddall,NS ,2,Full,CampsitePermit,Single Tent,
The Islands,NS ,2,Full,CampsitePermit,Single Tent,
Porters Lake,NB ,1,Full,CampsitePermit,Single Tent,
Porters Lake,NS ,2,Full,CampsitePermit,Single Tent,
Battery,NS ,3,Full,CampsitePermit,Less than 30ft,
Smileys,NS ,3,Full,CampsitePermit,Less than 20ft,
Thomas Raddall,NS ,5,Full,CampsitePermit,Tents,
Caribou Munroes,NS ,5,Full,CampsitePermit,Less than 40ft,
Five Islands,NB ,2,Full,CampsitePermit,Less than 30ft,
Thomas Raddall,QC ,4,Full,CampsitePermit,Single Tent,
Graves Island,NS ,3,Full,CampsitePermit,Tents,
Battery,NS ,2,Full,CampsitePermit,Less than 20ft,
Rissers Beach,NS ,4,Full,CampsitePermit,Less than 30ft,
Cape Chignecto,NS ,1,Full,BackcountryPermit,Single Tent,
Whycocomagh,NS ,2,Full,CampsitePermit,Single Tent,
Smileys,NS ,4,Full,CampsitePermit,Less than 40ft,
Thomas Raddall,NB ,2,Full,CampsitePermit,Single Tent,
Cape Chignecto,QC ,2,Full,BackcountryPermit,Single Tent,
Graves Island,ON ,3,Full,CampsitePermit,Less than 30ft,
Rissers Beach,NS ,2,Full,CampsitePermit,Less than 30ft,
Mira River,NS ,3,Full,CampsitePermit,Less than 20ft,
Thomas Raddall,NS ,2,Full,CampsitePermit,Single Tent,
Smileys,AB ,2,Full,CampsitePermit,Less than 40ft,
Dollar Lake,NS ,5,Full,CampsitePermit,Less than 20ft,
Dollar Lake,PE ,2,Senior,CampsitePermit,Less than 40ft,
The Islands,QC ,2,Full,CampsitePermit,Less than 20ft,
Whycocomagh,ON ,3,Full,CampsitePermit,Less than 20ft,
Mira River,NS ,2,Full,CampsitePermit,Less than 20ft,
Rissers Beach,NS ,3,Full,CampsitePermit,Single Tent,
Dollar Lake,PE ,4,Full,CampsitePermit,Single Tent,
Battery,NS ,1,Full,CampsitePermit,Single Tent,
Caribou Munroes,NS ,5,Full,CampsitePermit,Less than 30ft,
Amherst Shore,NS ,2,Senior,CampsitePermit,Less than 20ft,
Rissers Beach,NS ,1,Full,CampsitePermit,Single Tent,
Dollar Lake,NS ,3,Full,CampsitePermit,Single Tent,
Rissers Beach,NS ,4,Full,CampsitePermit,Less than 40ft,
Graves Island,NS ,2,Full,CampsitePermit,Less than 30ft,
Five Islands,QC ,2,Full,CampsitePermit,Single Tent,
Porters Lake,NS ,4,Full,CampsitePermit,Less than 30ft,
Rissers Beach,NS ,4,Full,CampsitePermit,Single Tent,
Graves Island,NS ,2,Full,CampsitePermit,Single Tent,
Laurie,NS ,2,Full,CampsitePermit,Single Tent,
Blomidon,NS ,2,Full,CampsitePermit,Single Tent,
Graves Island,NS ,2,Full,CampsitePermit,Single Tent,
Dollar Lake,NS ,4,Full,CampsitePermit,Less than 20ft,
Whycocomagh,NS ,2,Full,CampsitePermit,Less than 20ft,
Rissers Beach,NS ,4,Full,CampsitePermit,Less than 40ft,
Rissers Beach,NS ,2,Full,CampsitePermit,Less than 20ft,
Thomas Raddall,NS ,4,Full,CampsitePermit,Single Tent,
Blomidon,NS ,2,Full,CampsitePermit,Single Tent,
Five Islands,ON ,1,Full,CampsitePermit,Less than 40ft,
Graves Island,NS ,2,Full,CampsitePermit,Less than 40ft,
Battery,NS ,1,Senior,CampsitePermit,Single Tent,
Mira River,ON ,5,Full,CampsitePermit,Single Tent,
Salsman,NS ,2,Senior,CampsitePermit,Less than 20ft,
Smileys,NS ,4,Full,CampsitePermit,Single Tent,
Graves Island,NS ,2,Full,CampsitePermit,Less than 30ft,
Blomidon,ON ,2,Full,CampsitePermit,Single Tent,
Blomidon,NS ,4,Full,CampsitePermit,Less than 30ft,
Porters Lake,NS ,3,Full,CampsitePermit,Less than 30ft,
Laurie,NS ,6,Full,CampsitePermit,Less than 30ft,
Graves Island,NS ,4,Full,CampsitePermit,Less than 30ft,
Laurie,NS ,6,Full,CampsitePermit,Single Tent,
Five Islands,NS ,2,Full,CampsitePermit,Single Tent,
Battery,NS ,2,Senior,CampsitePermit,Less than 30ft,
Thomas Raddall,NS ,5,Full,CampsitePermit,Tents,
Dollar Lake,NS ,2,Full,CampsitePermit,Single Tent,
Blomidon,NS ,3,Full,CampsitePermit,Less than 20ft,
Rissers Beach,ON ,4,Full,CampsitePermit,Less than 20ft,
Graves Island,NS ,2,Full,CampsitePermit,Less than 30ft,
Battery,NS ,2,Full,CampsitePermit,Single Tent,
Laurie,ON ,2,Full,CampsitePermit,Single Tent,
Porters Lake,ON ,2,Full,CampsitePermit,Less than 20ft,
Dollar Lake,NS ,2,Full,CampsitePermit,Tents,
Laurie,NS ,5,Full,CampsitePermit,Single Tent,
Valleyview,NS ,2,Full,CampsitePermit,Single Tent,
Blomidon,NS ,2,Full,CampsitePermit,Single Tent,
Whycocomagh,ON ,1,Senior,CampsitePermit,Less than 30ft,
Caribou Munroes,BC ,2,Full,CampsitePermit,Single Tent,
Rissers Beach,NS ,2,Full,CampsitePermit,Single Tent,
Graves Island,NL ,2,Veteran,CampsitePermit,Less than 30ft,
The Islands,ON ,4,Full,CampsitePermit,Less than 30ft,
Dollar Lake,NS ,2,Full,CampsitePermit,Less than 20ft,
Battery,NS ,2,Full,CampsitePermit,Single Tent,
Porters Lake,NS ,2,Full,CampsitePermit,Less than 30ft,
Graves Island,NS ,3,Full,CampsitePermit,Single Tent,
Mira River,NS ,4,Full,CampsitePermit,Less than 30ft,
Graves Island,QC ,1,Full,CampsitePermit,Single Tent,
Five Islands,NB ,3,Full,CampsitePermit,Less than 20ft,
Mira River,NS ,4,Full,CampsitePermit,Less than 30ft,
Laurie,NS ,4,Full,CampsitePermit,Single Tent,
Dollar Lake,NS ,2,Full,CampsitePermit,Single Tent,
Five Islands,NS ,2,Full,CampsitePermit,Less than 40ft,
Battery,NS ,2,Full,CampsitePermit,Single Tent,
Graves Island,NS ,2,Full,CampsitePermit,Less than 20ft,
Five Islands,QC ,2,Full,CampsitePermit,Single Tent,
Ellenwood Lake,NS ,2,Full,CampsitePermit,Less than 30ft,
Porters Lake,BC ,2,Senior,CampsitePermit,Less than 20ft,
Laurie,NS ,1,Full,CampsitePermit,Single Tent,
Battery,NS ,1,Full,CampsitePermit,Single Tent,
Ellenwood Lake,NS ,2,Full,CampsitePermit,Less than 30ft,
Graves Island,NS ,1,Full,CampsitePermit,Single Tent,
Caribou Munroes,QC ,2,Full,CampsitePermit,Single Tent,
Graves Island,NS ,4,Full,CampsitePermit,Less than 20ft,
Blomidon,BC ,1,Full,CampsitePermit,Single Tent,
Amherst Shore,NS ,2,Senior,CampsitePermit,Less than 30ft,
Whycocomagh,NB ,2,Full,CampsitePermit,Single Tent,
Laurie,NS ,2,Full,CampsitePermit,Single Tent,
Graves Island,NS ,3,Full,CampsitePermit,Less than 20ft,
Smileys,NS ,5,Full,CampsitePermit,Single Tent,
Porters Lake,NS ,3,Full,CampsitePermit,Single Tent,
Graves Island,ON ,2,Full,CampsitePermit,Less than 40ft,
Smileys,NS ,5,Full,CampsitePermit,Less than 20ft,
Amherst Shore,NB ,2,Full,CampsitePermit,Less than 30ft,
Mira River,QC ,6,Full,CampsitePermit,Tents,
Dollar Lake,NS ,3,Full,CampsitePermit,Single Tent,
Dollar Lake,NS ,5,Full,CampsitePermit,Less than 20ft,
Boylston,AB ,2,Full,CampsitePermit,Single Tent,
Mira River,QC ,4,Full,CampsitePermit,Less than 30ft,
The Islands,NS ,2,Full,CampsitePermit,Single Tent,
Five Islands,NS ,2,Full,CampsitePermit,Single Tent,
Salsman,NS ,2,Full,CampsitePermit,Single Tent,
Porters Lake,NS ,4,Full,CampsitePermit,Single Tent,
Ellenwood Lake,NS ,4,Full,CampsitePermit,Tents,
Caribou Munroes,NS ,5,Full,CampsitePermit,Less than 30ft,
Porters Lake,NS ,3,Full,CampsitePermit,Single Tent,
Dollar Lake,NS ,3,Veteran,CampsitePermit,Single Tent,
Caribou Munroes,NS ,2,Senior,CampsitePermit,Less than 20ft,
Laurie,QC ,2,Full,CampsitePermit,Single Tent,
Graves Island,ON ,2,Full,CampsitePermit,Single Tent,
Caribou Munroes,NS ,4,Full,CampsitePermit,Less than 30ft,
Boylston,NS ,1,Full,CampsitePermit,Single Tent,
Caribou Munroes,NB ,4,Full,CampsitePermit,Single Tent,
Porters Lake,AB ,2,Full,CampsitePermit,Less than 30ft,
Thomas Raddall,NS ,5,Full,CampsitePermit,Less than 40ft,
Mira River,NS ,3,Full,CampsitePermit,Single Tent,
Ellenwood Lake,NS ,2,Full,CampsitePermit,Single Tent,
Caribou Munroes,NS ,1,Full,CampsitePermit,Single Tent,
Dollar Lake,NS ,2,Full,CampsitePermit,Single Tent,
Ellenwood Lake,NS ,2,Full,CampsitePermit,Tents,
Thomas Raddall,NS ,4,Full,CampsitePermit,Less than 30ft,
Thomas Raddall,NS ,2,Full,CampsitePermit,Single Tent,
Dollar Lake,NB ,2,Full,CampsitePermit,Single Tent,
Smileys,NS ,2,Full,CampsitePermit,Single Tent,
Porters Lake,NS ,2,Full,CampsitePermit,Single Tent,
Mira River,ON ,2,Full,CampsitePermit,Less than 20ft,
Thomas Raddall,NS ,1,Full,CampsitePermit,Less than 20ft,
Caribou Munroes,NS ,2,Full,CampsitePermit,Single Tent,
Rissers Beach,NS ,2,Full,CampsitePermit,Less than 30ft,
Thomas Raddall,NS ,2,Full,CampsitePermit,Less than 30ft,
Laurie,NS ,6,Full,CampsitePermit,Tents,
Amherst Shore,NS ,5,Full,CampsitePermit,Single Tent,
Porters Lake,NS ,2,Full,CampsitePermit,Single Tent,
Blomidon,NS ,2,Full,CampsitePermit,Tents,
Caribou Munroes,NS ,4,Full,CampsitePermit,Tents,
Mira River,QC ,2,Full,CampsitePermit,Less than 20ft,
Battery,NS ,3,Full,CampsitePermit,Single Tent,
Cape Chignecto,NS ,2,Full,BackcountryPermit,Single Tent,
Blomidon,NS ,2,Full,CampsitePermit,Single Tent,
Boylston,NS ,2,Full,CampsitePermit,Less than 30ft,
Graves Island,NS ,2,Full,CampsitePermit,Single Tent,
Ellenwood Lake,NS ,2,Senior,CampsitePermit,Less than 20ft,
Smileys,NS ,1,Full,CampsitePermit,Single Tent,
Mira River,NS ,2,Senior,CampsitePermit,Single Tent,
Porters Lake,NS ,6,Full,CampsitePermit,Single Tent,
Rissers Beach,NB ,2,Full,CampsitePermit,Less than 20ft,
Rissers Beach,NS ,2,Full,CampsitePermit,Less than 20ft,
Rissers Beach,NS ,2,Full,CampsitePermit,Less than 40ft,
Caribou Munroes,QC ,3,Full,CampsitePermit,Single Tent,
Porters Lake,NS ,4,Full,CampsitePermit,Less than 20ft,
Rissers Beach,NS ,6,Full,CampsitePermit,Tents,
Laurie,NB ,2,Full,CampsitePermit,Single Tent,
Porters Lake,NS ,4,Full,CampsitePermit,Single Tent,
Five Islands,NS ,1,Full,CampsitePermit,Single Tent,
Caribou Munroes,NS ,2,Full,CampsitePermit,Less than 20ft,
Rissers Beach,NS ,4,Full,CampsitePermit,Single Tent,
Rissers Beach,ON ,4,FULL,CampsitePermit,Tents,
Mira River,NS ,4,Full,CampsitePermit,Less than 40ft,
Blomidon,ON ,2,Full,CampsitePermit,Single Tent,
Laurie,NS ,1,Full,CampsitePermit,Less than 20ft,
Dollar Lake,NS ,2,Full,CampsitePermit,Less than 20ft,
Mira River,NS ,6,Full,CampsitePermit,Single Tent,
Caribou Munroes,NS ,4,Full,CampsitePermit,Less than 20ft,
Rissers Beach,QC ,2,Full,CampsitePermit,Less than 20ft,
Dollar Lake,NS ,6,Full,CampsitePermit,Tents,
Dollar Lake,NS ,2,Full,CampsitePermit,Single Tent,
Caribou Munroes,NS ,2,Full,CampsitePermit,Less than 20ft,
Mira River,NS ,2,Veteran,CampsitePermit,Less than 40ft,
Mira River,SK ,4,Full,CampsitePermit,Tents,
Rissers Beach,NS ,6,Full,CampsitePermit,Tents,
Amherst Shore,ON ,2,Full,CampsitePermit,Single Tent,
Salsman,NS ,2,Full,CampsitePermit,Less than 30ft,
Thomas Raddall,ON ,1,Full,CampsitePermit,Single Tent,
Caribou Munroes,NS ,5,Full,CampsitePermit,Single Tent,
Thomas Raddall,NS ,2,Full,CampsitePermit,Single Tent,
Cape Chignecto,NB ,3,Full,BackcountryPermit,Single Tent,
Battery,PE ,2,Senior,CampsitePermit,Less than 30ft,
Laurie,NS ,2,Full,CampsitePermit,Less than 40ft,
Laurie,QC ,6,Full,CampsitePermit,Tents,
Cape Chignecto,NB ,1,Full,BackcountryPermit,Single Tent,
Rissers Beach,NS ,2,Full,CampsitePermit,Single Tent,
Caribou Munroes,NS ,4,Full,CampsitePermit,Less than 40ft,
Amherst Shore,NS ,2,Senior,CampsitePermit,Less than 20ft,
Rissers Beach,ON ,1,Full,CampsitePermit,Single Tent,
Amherst Shore,ON ,2,Full,CampsitePermit,Less than 20ft,
Caribou Munroes,QC ,2,Full,CampsitePermit,Less than 20ft,
Graves Island,NS ,2,Full,CampsitePermit,Less than 30ft,
Caribou Munroes,ON ,2,Full,CampsitePermit,Less than 20ft,
Salsman,NS ,2,Full,CampsitePermit,Single Tent,
Porters Lake,AB ,2,Full,CampsitePermit,Less than 30ft,
Five Islands,ON ,4,Full,CampsitePermit,Tents,
Cape Chignecto,NS ,1,Full,BackcountryPermit,Single Tent,
Mira River,ON ,5,Full,CampsitePermit,Less than 20ft,
Rissers Beach,NS ,4,Full,CampsitePermit,Tents,
Cape Chignecto,NB ,2,Full,BackcountryPermit,Single Tent,
Five Islands,BC ,2,Full,CampsitePermit,Less than 30ft,
Mira River,ON ,4,Full,CampsitePermit,Less than 20ft,
Blomidon,NS ,2,Full,CampsitePermit,Single Tent,
Blomidon,NS ,2,Full,CampsitePermit,Less than 30ft,
Graves Island,QC ,1,Full,CampsitePermit,Single Tent,
Dollar Lake,NS ,3,Full,CampsitePermit,Single Tent,
Smileys,NS ,2,Full,CampsitePermit,Less than 30ft,
Graves Island,NS ,2,Senior,CampsitePermit,Less than 30ft,
Laurie,NS ,2,Full,CampsitePermit,Single Tent,
The Islands,QC ,2,Full,CampsitePermit,Single Tent,
Caribou Munroes,AB ,2,Full,CampsitePermit,Less than 20ft,
Five Islands,NS ,2,Full,CampsitePermit,Single Tent,
Laurie,NS ,2,Full,CampsitePermit,Single Tent,
Porters Lake,NS ,2,Full,CampsitePermit,Single Tent,
Caribou Munroes,NS ,6,Full,CampsitePermit,Tents,
Laurie,NS ,4,Full,CampsitePermit,Single Tent,
Ellenwood Lake,AB ,1,Full,CampsitePermit,Single Tent,
Porters Lake,ON ,2,Senior,CampsitePermit,Less than 30ft,
Graves Island,NS ,2,Full,CampsitePermit,Less than 30ft,
Dollar Lake,NS ,2,Full,CampsitePermit,Single Tent,
Dollar Lake,NS ,5,Full,CampsitePermit,Single Tent,
Porters Lake,ON ,1,Full,CampsitePermit,Single Tent,
Mira River,QC ,2,Full,CampsitePermit,Single Tent,
Rissers Beach,NS ,4,Full,CampsitePermit,Less than 20ft,
Smileys,NS ,2,Full,CampsitePermit,Single Tent,
Caribou Munroes,NS ,2,Veteran,CampsitePermit,Less than 30ft,
Salsman,NS ,6,Full,CampsitePermit,Tents,
Mira River,QC ,2,Senior,CampsitePermit,Less than 20ft,
Caribou Munroes,NS ,2,Full,CampsitePermit,Less than 20ft,
Cape Chignecto,NB ,4,Full,BackcountryPermit,Cabin,
Battery,NS ,2,Senior,CampsitePermit,Less than 30ft,
Rissers Beach,NS ,4,Full,CampsitePermit,Less than 20ft,
Caribou Munroes,ON ,2,Full,CampsitePermit,Single Tent,
Battery,QC ,2,Senior,CampsitePermit,Single Tent,
Smileys,NS ,4,Veteran,CampsitePermit,Less than 20ft,
Whycocomagh,NS ,4,Full,CampsitePermit,Less than 40ft,
Whycocomagh,NS ,6,Full,CampsitePermit,Single Tent,
Laurie,NS ,4,Full,CampsitePermit,Less than 20ft,
Rissers Beach,NS ,4,Full,CampsitePermit,Less than 30ft,
Valleyview,NS ,2,Full,CampsitePermit,Single Tent,
Mira River,NS ,3,Full,CampsitePermit,Less than 20ft,
Graves Island,NS ,2,Full,CampsitePermit,Single Tent,
Blomidon,NS ,4,Full,CampsitePermit,Single Tent,
Dollar Lake,NS ,4,Full,CampsitePermit,Tents,
Blomidon,BC ,2,Full,CampsitePermit,Less than 40ft,
Porters Lake,NS ,4,Full,CampsitePermit,Tents,
Valleyview,NS ,3,Full,CampsitePermit,Single Tent,
Rissers Beach,NS ,2,Senior,CampsitePermit,Less than 40ft,
Five Islands,QC ,2,Senior,CampsitePermit,Single Tent,
Laurie,PE ,2,Full,CampsitePermit,Less than 30ft,
Amherst Shore,QC ,2,Full,CampsitePermit,Single Tent,
Whycocomagh,AB ,1,Full,CampsitePermit,Single Tent,
Blomidon,NS ,6,Veteran,CampsitePermit,Tents,
Porters Lake,QC ,1,Full,CampsitePermit,Single Tent,
Mira River,NS ,4,Full,CampsitePermit,Less than 30ft,
Five Islands,NS ,3,Full,CampsitePermit,Single Tent,
Blomidon,BC ,1,Full,CampsitePermit,Single Tent,
Five Islands,ON ,1,Full,CampsitePermit,Single Tent,
Mira River,NS ,4,Full,CampsitePermit,Single Tent,
Mira River,NS ,4,Full,CampsitePermit,Less than 30ft,
Caribou Munroes,NS ,4,Full,CampsitePermit,Single Tent,
Laurie,NS ,4,Senior,CampsitePermit,Tents,
Rissers Beach,NS ,2,Senior,CampsitePermit,Less than 30ft,
The Islands,NS ,2,Full,CampsitePermit,Single Tent,
Battery,QC ,4,Full,CampsitePermit,Single Tent,
Five Islands,NS ,2,Full,CampsitePermit,Single Tent,
Amherst Shore,QC ,3,Full,CampsitePermit,Single Tent,
Rissers Beach,NS ,5,Full,CampsitePermit,Less than 20ft,
Five Islands,NS ,3,Full,CampsitePermit,Single Tent,
Graves Island,NS ,2,Full,CampsitePermit,Single Tent,
Amherst Shore,NS ,4,Senior,CampsitePermit,Less than 30ft,
Blomidon,NS ,2,Full,CampsitePermit,Less than 30ft,
Rissers Beach,NS ,4,Full,CampsitePermit,Single Tent,
Thomas Raddall,BC ,2,Full,CampsitePermit,Single Tent,
Graves Island,NS ,4,Full,CampsitePermit,Less than 20ft,
Battery,ON ,2,Full,CampsitePermit,Single Tent,
Battery,ON ,2,Full,CampsitePermit,Single Tent,
Thomas Raddall,NS ,2,Full,CampsitePermit,Less than 20ft,
Battery,NS ,3,Full,CampsitePermit,Tents,
Smileys,NS ,3,Full,CampsitePermit,Single Tent,
Salsman,NS ,6,Full,CampsitePermit,Tents,
Cape Chignecto,NB ,2,Full,BackcountryPermit,Single Tent,
Graves Island,NS ,2,Full,CampsitePermit,Single Tent,
Porters Lake,ON ,1,Full,CampsitePermit,Less than 20ft,
The Islands,NS ,4,Full,CampsitePermit,Less than 20ft,
Dollar Lake,NS ,2,Full,CampsitePermit,Single Tent,
Amherst Shore,NB ,4,Full,CampsitePermit,Less than 30ft,
Blomidon,NS ,2,Full,CampsitePermit,Less than 20ft,
Dollar Lake,NS ,2,Full,CampsitePermit,Single Tent,
Porters Lake,NS ,2,Full,CampsitePermit,Less than 20ft,
Graves Island,NS ,4,Full,CampsitePermit,Less than 20ft,
Blomidon,NS ,3,Full,CampsitePermit,Less than 20ft,
Graves Island,NS ,1,Full,CampsitePermit,Single Tent,
The Islands,NS ,2,Full,CampsitePermit,Tents,
Salsman,NS ,2,Full,CampsitePermit,Single Tent,
Battery,NL ,1,Full,CampsitePermit,Single Tent,
Porters Lake,NS ,2,Full,CampsitePermit,Single Tent,
Salsman,NS ,2,Full,CampsitePermit,Less than 20ft,
Graves Island,NS ,2,Full,CampsitePermit,Less than 20ft,
Thomas Raddall,QC ,1,Full,CampsitePermit,Single Tent,
Dollar Lake,ON ,2,Senior,CampsitePermit,Less than 20ft,
Caribou Munroes,NS ,2,Full,CampsitePermit,Tents,
Blomidon,NS ,2,Full,CampsitePermit,Less than 30ft,
Blomidon,NS ,2,Full,CampsitePermit,Less than 30ft,
Smileys,NS ,2,Full,CampsitePermit,Less than 20ft,
Graves Island,NS ,2,Full,CampsitePermit,Greater than 40ft,
Battery,NS ,4,Full,CampsitePermit,Tents,
Caribou Munroes,QC ,4,Full,CampsitePermit,Single Tent,
Blomidon,NS ,2,Full,CampsitePermit,Single Tent,
Battery,NS ,2,Full,CampsitePermit,Less than 20ft,
Ellenwood Lake,NS ,1,Full,CampsitePermit,Single Tent,
Five Islands,NS ,2,Full,CampsitePermit,Single Tent,
Five Islands,NS ,2,Full,CampsitePermit,Single Tent,
Rissers Beach,NS ,3,Full,CampsitePermit,Less than 20ft,
Porters Lake,NS ,3,Full,CampsitePermit,Less than 20ft,
Dollar Lake,BC ,2,Full,CampsitePermit,Single Tent,
Caribou Munroes,ON ,2,Full,CampsitePermit,Less than 20ft,
Caribou Munroes,NS ,5,Full,CampsitePermit,Single Tent,
Rissers Beach,NS ,4,Full,CampsitePermit,Less than 20ft,
Mira River,QC ,4,Full,CampsitePermit,Less than 20ft,
Graves Island,NS ,4,Full,CampsitePermit,Single Tent,
Smileys,NS ,2,Full,CampsitePermit,Tents,
Laurie,ON ,6,Full,CampsitePermit,Tents,
Porters Lake,NS ,2,Senior,CampsitePermit,Less than 30ft,
Thomas Raddall,NS ,4,Full,CampsitePermit,Single Tent,
Salsman,NS ,2,Full,CampsitePermit,Single Tent,
Graves Island,ON ,2,Full,CampsitePermit,Less than 30ft,
Ellenwood Lake,NS ,6,Full,CampsitePermit,Single Tent,
Battery,NS ,1,Full,CampsitePermit,Single Tent,
Whycocomagh,BC ,3,Full,CampsitePermit,Less than 30ft,
Graves Island,ON ,5,Full,CampsitePermit,Less than 20ft,
Graves Island,NS ,2,Full,CampsitePermit,Single Tent,
Rissers Beach,NS ,2,Full,CampsitePermit,Single Tent,
Blomidon,NS ,1,Full,CampsitePermit,Single Tent,
Caribou Munroes,QC ,2,Full,CampsitePermit,Single Tent,
Rissers Beach,NS ,2,FULL,CampsitePermit,Less than 30ft,
Caribou Munroes,NS ,2,Full,CampsitePermit,Single Tent,
Rissers Beach,NS ,3,Full,CampsitePermit,Less than 40ft,
Ellenwood Lake,NS ,3,Full,CampsitePermit,Single Tent,
Dollar Lake,NS ,3,Full,CampsitePermit,Single Tent,
Rissers Beach,NS ,4,Full,CampsitePermit,Less than 30ft,
Thomas Raddall,NS ,3,Full,CampsitePermit,Single Tent,
Salsman,NS ,2,Full,CampsitePermit,Single Tent,
Smileys,NS ,6,Full,CampsitePermit,Tents,
Mira River,ON ,6,Full,CampsitePermit,Tents,
Caribou Munroes,NS ,2,Senior,CampsitePermit,Less than 40ft,
Rissers Beach,NS ,2,Full,CampsitePermit,Less than 20ft,
Blomidon,NS ,2,Senior,CampsitePermit,Tents,
Whycocomagh,NS ,1,Senior,CampsitePermit,Tents,
Valleyview,NS ,1,Full,CampsitePermit,Single Tent,
Rissers Beach,NS ,2,Full,CampsitePermit,Single Tent,
Battery,BC ,2,Senior,CampsitePermit,Single Tent,
Blomidon,QC ,1,Full,CampsitePermit,Single Tent,
Mira River,ON ,3,Full,CampsitePermit,Single Tent,
The Islands,NS ,6,Full,CampsitePermit,Tents,
Rissers Beach,AB ,2,Full,CampsitePermit,Single Tent,
Cape Chignecto,NS ,4,Full,BackcountryPermit,Tents,
Five Islands,QC ,3,Full,CampsitePermit,Single Tent,
Rissers Beach,NS ,5,Full,CampsitePermit,Tents,
Battery,NS ,2,Full,CampsitePermit,Single Tent,
Mira River,NL ,4,Full,CampsitePermit,Less than 30ft,
Dollar Lake,NS ,4,Full,CampsitePermit,Single Tent,
Blomidon,NS ,2,Full,CampsitePermit,Less than 30ft,
Rissers Beach,ON ,3,Full,CampsitePermit,Less than 30ft,
Mira River,QC ,2,Full,CampsitePermit,Single Tent,
Mira River,NS ,2,Full,CampsitePermit,Single Tent,
Dollar Lake,NS ,5,Full,CampsitePermit,Tents,
Whycocomagh,ON ,2,Senior,CampsitePermit,Less than 20ft,
Thomas Raddall,NB ,2,Full,CampsitePermit,Single Tent,
Rissers Beach,NS ,2,Senior,CampsitePermit,Less than 30ft,
Blomidon,NS ,4,Full,CampsitePermit,Less than 30ft,
Dollar Lake,NS ,3,Full,CampsitePermit,Single Tent,
Battery,NS ,2,Senior,CampsitePermit,Single Tent,
Dollar Lake,NS ,2,Full,CampsitePermit,Single Tent,
Amherst Shore,NL ,1,Full,CampsitePermit,Single Tent,
Smileys,NB ,2,Full,CampsitePermit,Less than 20ft,
Ellenwood Lake,NB ,2,Full,CampsitePermit,Single Tent,
Battery,NS ,2,Full,CampsitePermit,Less than 20ft,
Smileys,NS ,4,Full,CampsitePermit,Less than 20ft,
Thomas Raddall,ON ,2,Full,CampsitePermit,Single Tent,
Graves Island,NS ,6,Full,CampsitePermit,Less than 20ft,
Blomidon,NS ,4,Full,CampsitePermit,Single Tent,
Cape Chignecto,NB ,1,Full,BackcountryPermit,Single Tent,
Rissers Beach,NS ,1,Full,CampsitePermit,Single Tent,
Amherst Shore,NB ,2,Senior,CampsitePermit,Single Tent,
Graves Island,ON ,2,Full,CampsitePermit,Less than 30ft,
Rissers Beach,QC ,2,Full,CampsitePermit,Single Tent,
Dollar Lake,NS ,2,Full,CampsitePermit,Single Tent,
Dollar Lake,NS ,2,Full,CampsitePermit,Tents,
Caribou Munroes,ON ,2,Full,CampsitePermit,Single Tent,
Porters Lake,NS ,3,Full,CampsitePermit,Single Tent,
Caribou Munroes,NS ,3,Full,CampsitePermit,Less than 20ft,
Graves Island,AB ,2,Full,CampsitePermit,Less than 40ft,
Battery,ON ,4,Full,CampsitePermit,Less than 20ft,
Rissers Beach,ON ,1,Full,CampsitePermit,Single Tent,
Porters Lake,AB ,2,Full,CampsitePermit,Less than 30ft,
Ellenwood Lake,NS ,5,Full,CampsitePermit,Tents,
Graves Island,NS ,2,Full,CampsitePermit,Less than 20ft,
Porters Lake,QC ,4,Full,CampsitePermit,Less than 30ft,
Rissers Beach,NS ,2,Senior,CampsitePermit,Less than 30ft,
Rissers Beach,NS ,3,Full,CampsitePermit,Less than 20ft,
Thomas Raddall,NS ,2,Full,CampsitePermit,Less than 30ft,
Blomidon,NS ,4,Full,CampsitePermit,Tents,
Thomas Raddall,NS ,2,Full,CampsitePermit,Less than 30ft,
Rissers Beach,NS ,2,Full,CampsitePermit,Less than 20ft,
Caribou Munroes,QC ,2,Full,CampsitePermit,Single Tent,
Amherst Shore,ON ,5,Senior,CampsitePermit,Less than 30ft,
Whycocomagh,NS ,4,Full,CampsitePermit,Single Tent,
Caribou Munroes,NS ,2,Full,CampsitePermit,Less than 20ft,
Caribou Munroes,NS ,2,Senior,CampsitePermit,Less than 20ft,
Thomas Raddall,NS ,2,Full,CampsitePermit,Less than 30ft,
Mira River,QC ,2,Senior,CampsitePermit,Single Tent,
Mira River,NS ,4,Full,CampsitePermit,Less than 20ft,
Porters Lake,NS ,6,Full,CampsitePermit,Less than 30ft,
Caribou Munroes,ON ,2,Full,CampsitePermit,Single Tent,
Graves Island,NS ,2,Full,CampsitePermit,Less than 30ft,
Laurie,NS ,2,Full,CampsitePermit,Less than 20ft,
Graves Island,QC ,4,Full,CampsitePermit,Tents,
Amherst Shore,ON ,2,Senior,CampsitePermit,Less than 30ft,
Five Islands,NS ,2,Full,CampsitePermit,Single Tent,
Thomas Raddall,NB ,6,Full,CampsitePermit,Single Tent,
Laurie,NS ,2,Full,CampsitePermit,Single Tent,
Whycocomagh,NS ,4,Full,YurtPermit,Tents,
Whycocomagh,NS ,2,Full,CampsitePermit,Single Tent,
Smileys,NS ,4,Full,CampsitePermit,Tents,
The Islands,NS ,4,Full,CampsitePermit,Tents,
Rissers Beach,NS ,2,Full,CampsitePermit,Single Tent,
Graves Island,NS ,2,Full,CampsitePermit,Less than 30ft,
Caribou Munroes,BC ,2,Full,CampsitePermit,Single Tent,
Battery,QC ,2,Full,CampsitePermit,Less than 30ft,
Dollar Lake,NS ,6,Full,CampsitePermit,Single Tent,
Mira River,NS ,2,Full,CampsitePermit,Less than 30ft,
Valleyview,NS ,2,Full,CampsitePermit,Less than 40ft,
Dollar Lake,NS ,2,Full,CampsitePermit,Single Tent,
Ellenwood Lake,NS ,6,Full,CampsitePermit,Tents,
Caribou Munroes,NS ,3,Full,CampsitePermit,Less than 30ft,
Blomidon,NS ,2,Full,CampsitePermit,Single Tent,
Blomidon,NB ,2,Full,CampsitePermit,Single Tent,
Dollar Lake,NS ,4,Full,CampsitePermit,Single Tent,
Smileys,QC ,2,Full,CampsitePermit,Single Tent,
Blomidon,NS ,4,Full,CampsitePermit,Single Tent,
Mira River,NS ,5,Full,CampsitePermit,Less than 40ft,
Salsman,NS ,2,Full,CampsitePermit,Single Tent,
Five Islands,NS ,2,Host,CampsitePermit,Single Tent,
Laurie,NS ,2,Full,CampsitePermit,Single Tent,
Graves Island,NS ,1,Full,CampsitePermit,Less than 30ft,
Blomidon,NS ,6,Full,CampsitePermit,Less than 30ft,
Blomidon,NS ,2,Full,CampsitePermit,Single Tent,
Five Islands,ON ,6,Full,CampsitePermit,Single Tent,
Graves Island,NS ,2,Full,CampsitePermit,Less than 20ft,
Mira River,NS ,5,Full,CampsitePermit,Single Tent,
Smileys,NS ,4,Full,CampsitePermit,Single Tent,
Battery,QC ,5,Full,CampsitePermit,Single Tent,
Blomidon,NS ,2,Full,CampsitePermit,Tents,
Mira River,NL ,5,Full,CampsitePermit,Less than 30ft,
Salsman,NS ,2,Full,CampsitePermit,Single Tent,
Dollar Lake,NS ,5,Full,CampsitePermit,Single Tent,
Mira River,NS ,5,Full,CampsitePermit,Less than 30ft,
Caribou Munroes,NB ,2,Full,CampsitePermit,Single Tent,
Laurie,ON ,2,Full,CampsitePermit,Single Tent,
Thomas Raddall,NS ,3,Full,CampsitePermit,Single Tent,
Caribou Munroes,NS ,2,Full,CampsitePermit,Less than 30ft,
Mira River,NS ,3,Full,CampsitePermit,Less than 40ft,
Cape Chignecto,NB ,3,Full,BackcountryPermit,Single Tent,
Cape Chignecto,NS ,2,Full,BackcountryPermit,Single Tent,
Dollar Lake,NS ,6,Full,CampsitePermit,Single Tent,
Porters Lake,QC ,4,Full,CampsitePermit,Less than 20ft,
Dollar Lake,NS ,6,Full,CampsitePermit,Tents,
Blomidon,NS ,2,Full,CampsitePermit,Single Tent,
Thomas Raddall,NS ,2,Full,CampsitePermit,Single Tent,
Five Islands,NS ,2,Senior,CampsitePermit,Less than 20ft,
Caribou Munroes,NS ,2,Senior,CampsitePermit,Less than 30ft,
Dollar Lake,NS ,2,Full,CampsitePermit,Single Tent,
The Islands,NS ,2,Full,CampsitePermit,Less than 20ft,
Graves Island,ON ,2,Full,CampsitePermit,Single Tent,
Caribou Munroes,ON ,3,Full,CampsitePermit,Single Tent,
Five Islands,ON ,1,Senior,CampsitePermit,Less than 20ft,
Caribou Munroes,QC ,2,Senior,CampsitePermit,Single Tent,
The Islands,ON ,2,Full,CampsitePermit,Single Tent,
Caribou Munroes,NS ,3,Full,CampsitePermit,Single Tent,
Caribou Munroes,NS ,5,Full,CampsitePermit,Tents,
Rissers Beach,BC ,2,Senior,CampsitePermit,Single Tent,
Mira River,NS ,6,Senior,CampsitePermit,Tents,
Rissers Beach,NS ,2,Full,CampsitePermit,Less than 30ft,
Mira River,NS ,5,Full,CampsitePermit,Tents,
Thomas Raddall,NS ,2,Full,CampsitePermit,Less than 30ft,
Porters Lake,NB ,4,Full,CampsitePermit,Single Tent,
Porters Lake,NS ,6,Full,CampsitePermit,Tents,
Dollar Lake,NS ,4,Full,CampsitePermit,Single Tent,
Battery,NS ,2,Full,CampsitePermit,Less than 30ft,
Caribou Munroes,NS ,3,Full,CampsitePermit,Less than 20ft,
Rissers Beach,NS ,5,Full,CampsitePermit,Single Tent,
Porters Lake,NS ,2,Full,CampsitePermit,Single Tent,
Graves Island,NS ,2,Full,CampsitePermit,Less than 30ft,
Rissers Beach,NS ,2,Senior,CampsitePermit,Less than 30ft,
Rissers Beach,NS ,4,Full,CampsitePermit,Tents,
Thomas Raddall,NS ,4,Full,CampsitePermit,Less than 30ft,
Valleyview,NS ,2,Full,CampsitePermit,Less than 40ft,
Boylston,NS ,2,Full,CampsitePermit,Single Tent,
Five Islands,ON ,2,Full,CampsitePermit,Less than 30ft,
Rissers Beach,NS ,5,Full,CampsitePermit,Less than 40ft,
Dollar Lake,NS ,2,Full,CampsitePermit,Single Tent,
Graves Island,QC ,2,Full,CampsitePermit,Less than 20ft,
Ellenwood Lake,NS ,2,Full,CampsitePermit,Single Tent,
The Islands,NS ,1,Full,CampsitePermit,Single Tent,
Graves Island,NS ,2,Full,CampsitePermit,Single Tent,
Porters Lake,QC ,2,Senior,CampsitePermit,Single Tent,
Rissers Beach,NS ,2,Full,CampsitePermit,Single Tent,
Thomas Raddall,NS ,1,Full,CampsitePermit,Less than 30ft,
Blomidon,NS ,6,Full,CampsitePermit,Less than 20ft,
Caribou Munroes,NS ,3,Full,CampsitePermit,Less than 20ft,
Mira River,NS ,6,Full,CampsitePermit,Less than 40ft,
Rissers Beach,NS ,2,Full,CampsitePermit,Less than 20ft,
Caribou Munroes,NS ,2,Senior,CampsitePermit,Less than 30ft,
Laurie,NS ,2,Full,CampsitePermit,Single Tent,
Caribou Munroes,AB ,5,Full,CampsitePermit,Less than 30ft,
Boylston,NS ,4,Full,CampsitePermit,Less than 30ft,
Smileys,NS ,3,Full,CampsitePermit,Less than 30ft,
Mira River,NS ,2,Full,CampsitePermit,Less than 30ft,
Mira River,NS ,3,Full,CampsitePermit,Tents,
Battery,NS ,2,Full,CampsitePermit,Single Tent,
Blomidon,NS ,2,Full,CampsitePermit,Single Tent,
Mira River,QC ,2,Full,CampsitePermit,Single Tent,
Caribou Munroes,NS ,3,Full,CampsitePermit,Single Tent,
Dollar Lake,NS ,2,Full,CampsitePermit,Single Tent,
Caribou Munroes,QC ,2,Full,CampsitePermit,Single Tent,
Graves Island,NS ,2,Senior,CampsitePermit,Less than 20ft,
Battery,QC ,2,Senior,CampsitePermit,Less than 20ft,
Five Islands,NB ,2,Full,CampsitePermit,Single Tent,
Rissers Beach,NS ,2,Full,CampsitePermit,Single Tent,
Rissers Beach,NS ,4,Full,CampsitePermit,Tents,
Mira River,NS ,2,Full,CampsitePermit,Single Tent,
Dollar Lake,NS ,6,Full,CampsitePermit,Tents,
Rissers Beach,NS ,1,Full,CampsitePermit,Single Tent,
Caribou Munroes,ON ,2,Senior,CampsitePermit,Less than 20ft,
Mira River,NS ,5,Full,CampsitePermit,Single Tent,
Cape Chignecto,NB ,2,Full,BackcountryPermit,Single Tent,
Thomas Raddall,NS ,4,Full,CampsitePermit,Single Tent,
Dollar Lake,NS ,6,Full,CampsitePermit,Tents,
Caribou Munroes,NS ,5,Full,CampsitePermit,Single Tent,
Rissers Beach,NS ,2,Senior,CampsitePermit,Less than 30ft,
Caribou Munroes,NS ,2,Full,CampsitePermit,Single Tent,
Graves Island,NS ,2,Full,CampsitePermit,Single Tent,
Porters Lake,NL ,2,Full,CampsitePermit,Less than 40ft,
Rissers Beach,NS ,2,Full,CampsitePermit,Less than 20ft,
Rissers Beach,NS ,2,Senior,CampsitePermit,Less than 30ft,
Valleyview,NS ,2,Full,CampsitePermit,Less than 20ft,
Porters Lake,NS ,1,Full,CampsitePermit,Less than 20ft,
Thomas Raddall,NS ,4,Full,CampsitePermit,Less than 20ft,
Mira River,NL ,2,Senior,CampsitePermit,Single Tent,
Ellenwood Lake,NS ,3,Full,CampsitePermit,Less than 30ft,
Dollar Lake,NS ,2,Full,CampsitePermit,Less than 20ft,
Amherst Shore,NL ,5,Full,CampsitePermit,Single Tent,
Amherst Shore,NS ,2,Senior,CampsitePermit,Less than 40ft,
Rissers Beach,NS ,5,Veteran,CampsitePermit,Less than 30ft,
Salsman,NS ,2,Full,CampsitePermit,Less than 20ft,
Battery,NS ,4,Full,CampsitePermit,Less than 40ft,
Rissers Beach,NS ,2,Full,CampsitePermit,Single Tent,
Mira River,QC ,2,Senior,CampsitePermit,Less than 20ft,
Laurie,NS ,1,Full,CampsitePermit,Single Tent,
Graves Island,NS ,2,Senior,CampsitePermit,Less than 30ft,
Dollar Lake,NS ,2,Full,CampsitePermit,Tents,
Thomas Raddall,NS ,2,Full,CampsitePermit,Single Tent,
Amherst Shore,NS ,5,Full,CampsitePermit,Single Tent,
Caribou Munroes,PE ,2,Full,CampsitePermit,Single Tent,
Blomidon,QC ,3,Full,CampsitePermit,Single Tent,
Ellenwood Lake,NS ,2,Senior,CampsitePermit,Single Tent,
Mira River,NS ,3,Full,CampsitePermit,Single Tent,
Smileys,NS ,4,Full,CampsitePermit,Single Tent,
Dollar Lake,QC ,3,Full,CampsitePermit,Single Tent,
Five Islands,BC ,2,Full,CampsitePermit,Less than 20ft,
Graves Island,NS ,2,Full,CampsitePermit,Single Tent,
Five Islands,NB ,3,Full,CampsitePermit,Less than 20ft,
Five Islands,NS ,1,Full,CampsitePermit,Single Tent,
Rissers Beach,NS ,5,Full,CampsitePermit,Less than 30ft,
Battery,ON ,3,Full,CampsitePermit,Single Tent,
Caribou Munroes,ON ,5,Full,CampsitePermit,Single Tent,
Amherst Shore,NS ,2,Full,CampsitePermit,Single Tent,
Porters Lake,QC ,4,Full,CampsitePermit,Single Tent,
Blomidon,NS ,1,Full,CampsitePermit,Single Tent,
Porters Lake,NS ,2,Full,CampsitePermit,Less than 30ft,
Smileys,NS ,6,Veteran,CampsitePermit,Less than 20ft,
Amherst Shore,QC ,2,Senior,CampsitePermit,Single Tent,
Rissers Beach,NS ,3,Full,CampsitePermit,Less than 20ft,
Five Islands,NB ,2,Full,CampsitePermit,Single Tent,
Rissers Beach,NS ,3,Full,CampsitePermit,Tents,
Five Islands,NS ,4,Full,CampsitePermit,Less than 20ft,
Graves Island,NS ,2,Full,CampsitePermit,Less than 20ft,
Ellenwood Lake,NS ,2,Full,CampsitePermit,Less than 20ft,
Laurie,NS ,3,Full,CampsitePermit,Tents,
Dollar Lake,NS ,4,Full,CampsitePermit,Less than 20ft,
Porters Lake,AB ,1,Full,CampsitePermit,Single Tent,
Caribou Munroes,NS ,4,Full,CampsitePermit,Single Tent,
Dollar Lake,NS ,4,Full,CampsitePermit,Tents,
Blomidon,NS ,7,Full,CampsitePermit,Tents,
Five Islands,NS ,2,Senior,CampsitePermit,Less than 20ft,
Graves Island,NS ,2,Full,CampsitePermit,Less than 40ft,
Battery,QC ,2,Full,CampsitePermit,Single Tent,
Boylston,QC ,5,Full,CampsitePermit,Less than 30ft,
Rissers Beach,NS ,2,Full,CampsitePermit,Less than 30ft,
Five Islands,NS ,4,Full,CampsitePermit,Tents,
Mira River,NS ,2,Full,CampsitePermit,Less than 30ft,
Amherst Shore,NS ,3,Senior,CampsitePermit,Single Tent,
Porters Lake,NB ,4,Full,CampsitePermit,Single Tent,
Porters Lake,NS ,2,Full,CampsitePermit,Less than 30ft,
Thomas Raddall,ON ,2,Full,CampsitePermit,Less than 20ft,
Mira River,NS ,4,Full,CampsitePermit,Less than 30ft,
Battery,NS ,2,Full,CampsitePermit,Less than 20ft,
Thomas Raddall,NS ,2,Full,CampsitePermit,Less than 20ft,
Ellenwood Lake,NS ,4,Full,CampsitePermit,Less than 30ft,
Caribou Munroes,NS ,2,Full,CampsitePermit,Less than 30ft,
Rissers Beach,NS ,5,Full,CampsitePermit,Less than 20ft,
Caribou Munroes,QC ,3,Full,CampsitePermit,Less than 20ft,
Mira River,ON ,4,Full,CampsitePermit,Less than 30ft,
Smileys,NS ,4,Full,CampsitePermit,Single Tent,
Rissers Beach,NS ,2,Full,CampsitePermit,Less than 30ft,
Salsman,NS ,2,Full,CampsitePermit,Less than 30ft,
Battery,NS ,2,Senior,CampsitePermit,Less than 30ft,
Rissers Beach,NS ,2,Full,CampsitePermit,Single Tent,
Dollar Lake,NS ,4,Full,CampsitePermit,Single Tent,
Rissers Beach,NS ,3,Full,CampsitePermit,Single Tent,
Boylston,NS ,4,Full,CampsitePermit,Less than 20ft,
Blomidon,NS ,4,Full,CampsitePermit,Less than 20ft,
Salsman,NS ,1,Full,CampsitePermit,Single Tent,
The Islands,ON ,2,Full,CampsitePermit,Single Tent,
Caribou Munroes,NB ,2,Full,CampsitePermit,Less than 20ft,
Amherst Shore,ON ,1,Full,CampsitePermit,Single Tent,
Five Islands,NS ,1,Full,CampsitePermit,Single Tent,
Boylston,NS ,2,Full,CampsitePermit,Less than 30ft,
Ellenwood Lake,NS ,2,Full,CampsitePermit,Single Tent,
Graves Island,NB ,5,Full,CampsitePermit,Tents,
Five Islands,NS ,2,Full,CampsitePermit,Less than 30ft,
Battery,NS ,4,Full,CampsitePermit,Single Tent,
Caribou Munroes,NS ,1,Senior,CampsitePermit,Less than 20ft,
Mira River,NS ,2,Senior,CampsitePermit,Less than 20ft,
Five Islands,QC ,2,Full,CampsitePermit,Single Tent,
Porters Lake,QC ,2,Full,CampsitePermit,Single Tent,
Rissers Beach,NS ,1,Senior,CampsitePermit,Single Tent,
Five Islands,NB ,3,Full,CampsitePermit,Single Tent,
Five Islands,NS ,2,Full,CampsitePermit,Single Tent,
Dollar Lake,NS ,3,Full,CampsitePermit,Single Tent,
Mira River,QC ,1,Full,CampsitePermit,Single Tent,
Mira River,NS ,2,Full,CampsitePermit,Tents,
Rissers Beach,NS ,2,Full,CampsitePermit,Less than 20ft,
Ellenwood Lake,NS ,4,Senior,CampsitePermit,Single Tent,
Battery,NS ,6,Full,CampsitePermit,Tents,
Graves Island,NS ,4,Full,CampsitePermit,Less than 30ft,
Amherst Shore,NS ,2,Senior,CampsitePermit,Single Tent,
Rissers Beach,NS ,2,Full,CampsitePermit,Less than 20ft,
Ellenwood Lake,NS ,2,Full,CampsitePermit,Single Tent,
Amherst Shore,ON ,4,Full,CampsitePermit,Less than 20ft,
Whycocomagh,ON ,4,Full,CampsitePermit,Less than 20ft,
Porters Lake,ON ,1,Full,CampsitePermit,Less than 20ft,
Caribou Munroes,AB ,2,Senior,CampsitePermit,Less than 30ft,
Rissers Beach,NS ,2,Full,CampsitePermit,Less than 20ft,
Amherst Shore,ON ,2,Senior,CampsitePermit,Single Tent,
Blomidon,NS ,2,Full,CampsitePermit,Single Tent,
Dollar Lake,NS ,4,Full,CampsitePermit,Single Tent,
Whycocomagh,QC ,2,Full,CampsitePermit,Single Tent,
Ellenwood Lake,NS ,6,Full,CampsitePermit,Less than 30ft,
Laurie,NS ,2,Full,CampsitePermit,Less than 30ft,
Laurie,QC ,1,Full,CampsitePermit,Single Tent,
Porters Lake,QC ,2,Full,CampsitePermit,Single Tent,
Caribou Munroes,NB ,2,Full,CampsitePermit,Less than 30ft,
Laurie,NS ,6,Full,CampsitePermit,Single Tent,
The Islands,ON ,2,Full,CampsitePermit,Less than 20ft,
Blomidon,NS ,4,Full,CampsitePermit,Tents,
Ellenwood Lake,NS ,4,Full,CampsitePermit,Less than 30ft,
Thomas Raddall,NS ,2,Full,CampsitePermit,Less than 40ft,
Battery,QC ,1,Senior,CampsitePermit,Less than 20ft,
Mira River,NS ,6,Full,CampsitePermit,Less than 20ft,
Cape Chignecto,NS ,2,Full,BackcountryPermit,Single Tent,
Mira River,NS ,4,Full,CampsitePermit,Less than 20ft,
Graves Island,NS ,6,Full,CampsitePermit,Less than 30ft,
Blomidon,ON ,4,Full,CampsitePermit,Less than 30ft,
Porters Lake,NS ,2,Full,CampsitePermit,Single Tent,
Cape Chignecto,NS ,3,Full,BackcountryPermit,Single Tent,
Amherst Shore,NS ,5,Full,CampsitePermit,Single Tent,
Graves Island,NS ,4,Full,CampsitePermit,Less than 30ft,
Caribou Munroes,QC ,2,Full,CampsitePermit,Less than 30ft,
Cape Chignecto,NS ,2,Full,BackcountryPermit,Single Tent,
Battery,NS ,2,Full,CampsitePermit,Single Tent,
The Islands,NS ,4,Full,CampsitePermit,Less than 20ft,
Caribou Munroes,NS ,6,Full,CampsitePermit,Tents,
Caribou Munroes,NS ,4,Full,CampsitePermit,Less than 30ft,
Graves Island,NS ,1,Full,CampsitePermit,Single Tent,
Rissers Beach,NS ,3,Full,CampsitePermit,Less than 30ft,
Caribou Munroes,NS ,2,Full,CampsitePermit,Single Tent,
Dollar Lake,NS ,1,Full,CampsitePermit,Single Tent,
Rissers Beach,NS ,5,Full,CampsitePermit,Less than 30ft,
Rissers Beach,NS ,2,Full,CampsitePermit,Less than 20ft,
Thomas Raddall,ON ,12,Full,CampsitePermit,Single Tent,
Five Islands,NS ,2,Full,CampsitePermit,Less than 20ft,
Blomidon,QC ,2,Senior,CampsitePermit,Less than 20ft,
Caribou Munroes,NS ,3,Full,CampsitePermit,Less than 20ft,
Mira River,NS ,4,Full,CampsitePermit,Single Tent,
Thomas Raddall,NS ,5,Full,CampsitePermit,Single Tent,
Caribou Munroes,NS ,2,Full,CampsitePermit,Less than 20ft,
Blomidon,NS ,2,Full,CampsitePermit,Single Tent,
The Islands,NS ,4,Full,CampsitePermit,Less than 20ft,
Porters Lake,NS ,2,Full,CampsitePermit,Less than 20ft,
The Islands,NS ,2,Full,CampsitePermit,Less than 30ft,
Boylston,NS ,2,Full,CampsitePermit,Less than 30ft,
Blomidon,NS ,5,Full,CampsitePermit,Single Tent,
Rissers Beach,NS ,2,Full,CampsitePermit,Less than 40ft,
Mira River,QC ,3,Full,CampsitePermit,Single Tent,
Blomidon,ON ,2,Full,CampsitePermit,Single Tent,
Rissers Beach,NS ,3,Full,CampsitePermit,Less than 20ft,
Caribou Munroes,QC ,3,Full,CampsitePermit,Single Tent,
Thomas Raddall,NS ,2,Full,CampsitePermit,Single Tent,
Mira River,ON ,4,Full,CampsitePermit,Less than 20ft,
Dollar Lake,NS ,2,Full,CampsitePermit,Less than 20ft,
Mira River,NS ,4,Full,CampsitePermit,Less than 30ft,
Battery,QC ,2,Full,CampsitePermit,Single Tent,
Graves Island,NS ,2,Senior,CampsitePermit,Single Tent,
Porters Lake,NS ,2,Full,CampsitePermit,Single Tent,
Graves Island,NS ,3,Full,CampsitePermit,Less than 40ft,
Blomidon,AB ,2,Full,CampsitePermit,Less than 30ft,
Porters Lake,QC ,2,Full,CampsitePermit,Single Tent,
Boylston,NS ,2,Senior,CampsitePermit,Less than 30ft,
Graves Island,NB ,3,Full,CampsitePermit,Less than 20ft,
Mira River,NS ,2,Full,CampsitePermit,Single Tent,
Five Islands,NS ,4,Full,CampsitePermit,Single Tent,
Smileys,NS ,4,Veteran,CampsitePermit,Less than 30ft,
Porters Lake,NS ,2,Full,CampsitePermit,Single Tent,
Thomas Raddall,QC ,2,Senior,CampsitePermit,Single Tent,
Mira River,ON ,4,Full,CampsitePermit,Less than 20ft,
Porters Lake,NS ,2,Full,CampsitePermit,Tents,
Porters Lake,NS ,6,Full,CampsitePermit,Tents,
Rissers Beach,NS ,4,Full,CampsitePermit,Less than 30ft,
Dollar Lake,NS ,5,Full,CampsitePermit,Single Tent,
Smileys,NS ,4,Full,CampsitePermit,Single Tent,
Salsman,NS ,2,Full,CampsitePermit,Single Tent,
Thomas Raddall,NS ,4,Full,CampsitePermit,Less than 20ft,
Amherst Shore,NB ,1,Full,CampsitePermit,Single Tent,
Blomidon,QC ,2,Full,CampsitePermit,Single Tent,
Amherst Shore,NS ,3,Full,CampsitePermit,Single Tent,
Cape Chignecto,NS ,3,Full,BackcountryPermit,Single Tent,
Dollar Lake,NS ,3,Full,CampsitePermit,Single Tent,
Battery,NS ,2,Senior,CampsitePermit,Single Tent,
Laurie,NS ,2,Full,CampsitePermit,Single Tent,
Amherst Shore,NB ,2,Full,CampsitePermit,Single Tent,
Porters Lake,NS ,5,Full,CampsitePermit,Single Tent,
Porters Lake,NS ,2,Full,CampsitePermit,Less than 20ft,
Five Islands,QC ,2,Full,CampsitePermit,Less than 30ft,
Mira River,NS ,3,Senior,CampsitePermit,Less than 30ft,
Five Islands,NS ,2,Full,CampsitePermit,Single Tent,
Graves Island,NS ,2,Senior,CampsitePermit,Less than 40ft,
Dollar Lake,NS ,3,Full,CampsitePermit,Single Tent,
Graves Island,QC ,5,Full,CampsitePermit,Less than 30ft,
Graves Island,NS ,2,Senior,CampsitePermit,Less than 30ft,
Five Islands,NS ,4,Full,CampsitePermit,Single Tent,
Whycocomagh,ON ,1,Full,CampsitePermit,Single Tent,
Cape Chignecto,MB ,1,Full,BackcountryPermit,Single Tent,
Rissers Beach,ON ,3,Full,CampsitePermit,Single Tent,
Amherst Shore,NB ,1,Full,CampsitePermit,Single Tent,
Mira River,NS ,4,Full,CampsitePermit,Less than 40ft,
Laurie,QC ,1,Full,CampsitePermit,Single Tent,
Rissers Beach,NS ,6,Full,CampsitePermit,Less than 30ft,
Ellenwood Lake,NS ,2,Full,CampsitePermit,Single Tent,
Boylston,NS ,2,Full,CampsitePermit,Single Tent,
Blomidon,NS ,2,Full,CampsitePermit,Single Tent,
Mira River,QC ,1,Full,CampsitePermit,Single Tent,
Porters Lake,AB ,1,Full,CampsitePermit,Single Tent,
Caribou Munroes,NS ,5,Full,CampsitePermit,Single Tent,
Porters Lake,NS ,6,Full,CampsitePermit,Tents,
Mira River,NS ,4,Full,CampsitePermit,Single Tent,
Dollar Lake,NS ,2,Full,CampsitePermit,Single Tent,
Rissers Beach,NS ,4,Full,CampsitePermit,Less than 20ft,
Rissers Beach,NS ,2,Full,CampsitePermit,Less than 40ft,
Laurie,NS ,2,Full,CampsitePermit,Single Tent,
The Islands,NS ,2,Full,CampsitePermit,Less than 20ft,
Porters Lake,NS ,2,Full,CampsitePermit,Tents,
Laurie,NS ,4,Full,CampsitePermit,Less than 30ft,
Graves Island,NS ,2,Full,CampsitePermit,Less than 20ft,
Smileys,NS ,2,Full,CampsitePermit,Less than 20ft,
Porters Lake,NS ,3,Full,CampsitePermit,Tents,
Graves Island,NS ,2,Full,CampsitePermit,Less than 30ft,
Graves Island,NS ,2,Full,CampsitePermit,Single Tent,
Five Islands,NB ,2,Senior,CampsitePermit,Single Tent,
Rissers Beach,QC ,6,Senior,CampsitePermit,Single Tent,
Rissers Beach,NS ,5,Full,CampsitePermit,Single Tent,
Graves Island,NS ,4,Full,CampsitePermit,Less than 20ft,
Amherst Shore,QC ,2,Senior,CampsitePermit,Single Tent,
Dollar Lake,NS ,2,Full,CampsitePermit,Tents,
Battery,NS ,4,Full,CampsitePermit,Less than 20ft,
Boylston,ON ,2,Full,CampsitePermit,Single Tent,
Porters Lake,NS ,2,Full,CampsitePermit,Single Tent,
Graves Island,NS ,2,Full,CampsitePermit,Single Tent,
Dollar Lake,NS ,4,Full,CampsitePermit,Less than 30ft,
Porters Lake,NS ,5,Full,CampsitePermit,Single Tent,
Graves Island,QC ,2,Full,CampsitePermit,Less than 20ft,
Blomidon,NS ,2,Full,CampsitePermit,Single Tent,
Whycocomagh,NS ,4,Full,CampsitePermit,Single Tent,
Battery,QC ,2,Senior,CampsitePermit,Single Tent,
Laurie,NS ,2,Full,CampsitePermit,Less than 20ft,
Caribou Munroes,ON ,2,Senior,CampsitePermit,Less than 20ft,
Dollar Lake,NS ,4,Senior,CampsitePermit,Less than 40ft,
Dollar Lake,NS ,4,Full,CampsitePermit,Single Tent,
Whycocomagh,ON ,5,Full,CampsitePermit,Tents,
Dollar Lake,NS ,5,Full,CampsitePermit,Tents,
Caribou Munroes,BC ,2,Full,CampsitePermit,Single Tent,
Smileys,NS ,2,Full,CampsitePermit,Single Tent,
Mira River,NS ,4,Full,CampsitePermit,Single Tent,
Rissers Beach,NS ,5,Full,CampsitePermit,Tents,
Rissers Beach,NS ,4,Full,CampsitePermit,Single Tent,
Smileys,NB ,2,Full,CampsitePermit,Less than 20ft,
Graves Island,ON ,1,Full,CampsitePermit,Single Tent,
Laurie,ON ,5,Full,CampsitePermit,Less than 20ft,
Mira River,NS ,2,Full,CampsitePermit,Less than 30ft,
Smileys,NS ,2,Full,CampsitePermit,Single Tent,
Caribou Munroes,QC ,1,Full,CampsitePermit,Single Tent,
Battery,NS ,2,Senior,CampsitePermit,Single Tent,
Rissers Beach,NS ,2,Full,CampsitePermit,Less than 20ft,
Caribou Munroes,NS ,2,Senior,CampsitePermit,Less than 30ft,
Caribou Munroes,NS ,2,Senior,CampsitePermit,Single Tent,
Blomidon,NS ,2,Veteran,CampsitePermit,Less than 20ft,
Whycocomagh,ON ,2,Full,CampsitePermit,Single Tent,
Graves Island,NS ,1,Full,CampsitePermit,Less than 30ft,
Graves Island,NS ,2,Full,CampsitePermit,Less than 20ft,
Porters Lake,NS ,2,Full,CampsitePermit,Less than 20ft,
Graves Island,NS ,5,Full,CampsitePermit,Less than 40ft,
Five Islands,NS ,2,Senior,CampsitePermit,Less than 20ft,
Rissers Beach,NS ,2,Full,CampsitePermit,Less than 40ft,
Thomas Raddall,NS ,2,Full,CampsitePermit,Single Tent,
Smileys,NS ,2,Full,CampsitePermit,Single Tent,
Cape Chignecto,ON ,2,Full,BackcountryPermit,Single Tent,
Mira River,ON ,2,Senior,CampsitePermit,Less than 20ft,
Thomas Raddall,NS ,2,Full,CampsitePermit,Less than 30ft,
Mira River,QC ,2,Senior,CampsitePermit,Single Tent,
Caribou Munroes,QC ,2,Full,CampsitePermit,Single Tent,
Caribou Munroes,NS ,4,Full,CampsitePermit,Single Tent,
Mira River,NB ,2,Full,CampsitePermit,Single Tent,
Caribou Munroes,QC ,2,Senior,CampsitePermit,Single Tent,
Porters Lake,ON ,2,Full,CampsitePermit,Single Tent,
Mira River,NS ,2,Full,CampsitePermit,Single Tent,
Mira River,NS ,2,Full,CampsitePermit,Less than 20ft,
Smileys,NS ,2,Full,CampsitePermit,Less than 20ft,
Rissers Beach,NS ,4,Full,CampsitePermit,Less than 30ft,
Porters Lake,BC ,2,Senior,CampsitePermit,Less than 40ft,
Thomas Raddall,NS ,3,Full,CampsitePermit,Less than 30ft,
Caribou Munroes,ON ,2,Full,CampsitePermit,Single Tent,
Rissers Beach,PE ,2,Full,CampsitePermit,Single Tent,
Ellenwood Lake,NS ,2,Full,CampsitePermit,Single Tent,
Battery,NS ,2,Full,CampsitePermit,Single Tent,
Battery,QC ,4,Full,CampsitePermit,Single Tent,
Caribou Munroes,AB ,1,Full,CampsitePermit,Less than 30ft,
Graves Island,NS ,1,Full,CampsitePermit,Single Tent,
Rissers Beach,NS ,2,Full,CampsitePermit,Single Tent,
Five Islands,ON ,4,Full,CampsitePermit,Single Tent,
Laurie,NS ,4,Full,CampsitePermit,Less than 20ft,
Graves Island,NS ,2,Senior,CampsitePermit,Less than 20ft,
Mira River,NS ,2,Full,CampsitePermit,Less than 20ft,
Graves Island,ON ,6,Full,CampsitePermit,Less than 20ft,
Mira River,NS ,3,Full,CampsitePermit,Single Tent,
Ellenwood Lake,NS ,6,Full,CampsitePermit,Tents,
Thomas Raddall,NS ,4,Full,CampsitePermit,Tents,
Rissers Beach,NS ,2,Senior,CampsitePermit,Single Tent,
Amherst Shore,NS ,3,Full,CampsitePermit,Single Tent,
Caribou Munroes,NB ,2,Full,CampsitePermit,Single Tent,
Caribou Munroes,ON ,3,Senior,CampsitePermit,Single Tent,
Mira River,NS ,6,Full,CampsitePermit,Single Tent,
Caribou Munroes,NS ,2,Full,CampsitePermit,Less than 30ft,
Rissers Beach,NS ,2,Senior,CampsitePermit,Less than 30ft,
Laurie,NS ,6,Full,CampsitePermit,Tents,
Caribou Munroes,NS ,3,Full,CampsitePermit,Tents,
Laurie,ON ,2,Senior,CampsitePermit,Less than 20ft,
Battery,NS ,4,Full,CampsitePermit,Less than 20ft,
Graves Island,NS ,4,Full,CampsitePermit,Single Tent,
Porters Lake,NB ,4,Full,CampsitePermit,Single Tent,
Ellenwood Lake,ON ,2,Full,CampsitePermit,Single Tent,
Laurie,NS ,3,Full,CampsitePermit,Single Tent,
Cape Chignecto,NS ,4,Full,BackcountryPermit,Cabin,
Thomas Raddall,NS ,2,Full,CampsitePermit,Less than 30ft,
Laurie,NS ,4,Full,CampsitePermit,Single Tent,
Porters Lake,NS ,3,Full,CampsitePermit,Single Tent,
Battery,QC ,6,Full,CampsitePermit,Tents,
Salsman,NS ,4,Full,CampsitePermit,Single Tent,
Graves Island,NS ,2,Full,CampsitePermit,Single Tent,
Mira River,NS ,4,Full,CampsitePermit,Less than 40ft,
Rissers Beach,QC ,3,Full,CampsitePermit,Single Tent,
The Islands,NS ,4,Full,CampsitePermit,Less than 20ft,
Smileys,NS ,3,Full,CampsitePermit,Tents,
Thomas Raddall,NS ,4,Full,CampsitePermit,Single Tent,
Caribou Munroes,QC ,2,Senior,CampsitePermit,Less than 40ft,
The Islands,NS ,5,Full,CampsitePermit,Single Tent,
Cape Chignecto,ON ,2,Full,BackcountryPermit,Single Tent,
Caribou Munroes,NS ,2,Full,CampsitePermit,Less than 40ft,
Caribou Munroes,ON ,3,Full,CampsitePermit,Single Tent,
Blomidon,ON ,7,Full,CampsitePermit,Less than 30ft,
Five Islands,NS ,3,Full,CampsitePermit,Single Tent,
Battery,ON ,2,Senior,CampsitePermit,Less than 40ft,
Laurie,NS ,4,Full,CampsitePermit,Tents,
Porters Lake,NS ,2,Full,CampsitePermit,Single Tent,
Mira River,NS ,4,FULL,CampsitePermit,Less than 20ft,
Ellenwood Lake,NS ,2,Full,CampsitePermit,Less than 20ft,
Graves Island,QC ,2,Senior,CampsitePermit,Less than 30ft,
Battery,NS ,2,Full,CampsitePermit,Single Tent,
Rissers Beach,NS ,4,Senior,CampsitePermit,Less than 20ft,
Mira River,NS ,2,Full,CampsitePermit,Single Tent,
Graves Island,NS ,5,Full,CampsitePermit,Single Tent,
Thomas Raddall,NS ,5,Full,CampsitePermit,Tents,
Graves Island,ON ,2,Full,CampsitePermit,Less than 30ft,
Battery,QC ,4,Full,CampsitePermit,Single Tent,
Rissers Beach,NS ,6,Full,CampsitePermit,Less than 20ft,
Five Islands,NS ,2,Full,CampsitePermit,Single Tent,
Rissers Beach,NS ,4,Full,CampsitePermit,Less than 30ft,
Porters Lake,NS ,2,Full,CampsitePermit,Single Tent,
Graves Island,NS ,2,Full,CampsitePermit,Less than 30ft,
Blomidon,NS ,2,Full,CampsitePermit,Single Tent,
Porters Lake,AB ,2,Full,CampsitePermit,Less than 30ft,
Mira River,NS ,5,Full,CampsitePermit,Less than 40ft,
Ellenwood Lake,NS ,4,Full,CampsitePermit,Single Tent,
Mira River,NS ,5,Full,CampsitePermit,Single Tent,
Porters Lake,NS ,6,Full,CampsitePermit,Less than 20ft,
Ellenwood Lake,NS ,2,Full,CampsitePermit,Less than 30ft,
Dollar Lake,NS ,3,Full,CampsitePermit,Tents,
Mira River,NS ,2,Full,CampsitePermit,Less than 30ft,
Dollar Lake,NS ,2,Full,CampsitePermit,Single Tent,
Caribou Munroes,NS ,2,Full,CampsitePermit,Less than 30ft,
Mira River,QC ,2,Full,CampsitePermit,Single Tent,
Caribou Munroes,NS ,5,Full,CampsitePermit,Less than 20ft,
Salsman,ON ,2,Full,CampsitePermit,Single Tent,
Mira River,NS ,2,Full,CampsitePermit,Less than 20ft,
Five Islands,QC ,6,Full,CampsitePermit,Single Tent,
Graves Island,NS ,2,Full,CampsitePermit,Less than 40ft,
Mira River,NS ,2,Senior,CampsitePermit,Less than 20ft,
Rissers Beach,NB ,2,Full,CampsitePermit,Single Tent,
Caribou Munroes,PE ,2,Senior,CampsitePermit,Less than 20ft,
Whycocomagh,NS ,2,Full,CampsitePermit,Tents,
Blomidon,QC ,6,Full,CampsitePermit,Less than 20ft,
Laurie,ON ,1,Full,CampsitePermit,Single Tent,
Rissers Beach,NS ,4,Full,CampsitePermit,Less than 40ft,
Dollar Lake,NS ,4,Full,CampsitePermit,Less than 20ft,
Dollar Lake,NS ,3,Full,CampsitePermit,Single Tent,
Rissers Beach,NS ,2,Full,CampsitePermit,Less than 20ft,
Five Islands,NS ,1,Full,CampsitePermit,Single Tent,
Five Islands,NS ,1,Full,CampsitePermit,Single Tent,
Thomas Raddall,NS ,2,Full,CampsitePermit,Less than 20ft,
Amherst Shore,QC ,2,Full,CampsitePermit,Less than 20ft,
Smileys,NS ,3,Full,CampsitePermit,Single Tent,
Rissers Beach,NS ,2,Full,CampsitePermit,Single Tent,
Mira River,NS ,5,Full,CampsitePermit,Less than 30ft,
Blomidon,NS ,2,Full,CampsitePermit,Less than 30ft,
Amherst Shore,QC ,2,Full,CampsitePermit,Single Tent,
Amherst Shore,ON ,2,Full,CampsitePermit,Less than 20ft,
Mira River,NS ,2,Full,CampsitePermit,Less than 40ft,
Graves Island,QC ,1,Full,CampsitePermit,Single Tent,
Dollar Lake,NS ,3,Full,CampsitePermit,Single Tent,
Graves Island,NS ,2,Full,CampsitePermit,Less than 30ft,
Five Islands,NB ,1,Full,CampsitePermit,Single Tent,
Porters Lake,NS ,1,Full,CampsitePermit,Single Tent,
Laurie,NS ,4,Full,CampsitePermit,Single Tent,
Blomidon,NS ,3,Full,CampsitePermit,Single Tent,
Caribou Munroes,NS ,4,Full,CampsitePermit,Less than 20ft,
Mira River,NS ,2,Full,CampsitePermit,Less than 40ft,
Five Islands,NS ,2,Full,CampsitePermit,Single Tent,
Smileys,NS ,6,Full,CampsitePermit,Less than 20ft,
Rissers Beach,NS ,2,Full,CampsitePermit,Less than 30ft,
Thomas Raddall,QC ,1,Full,CampsitePermit,Single Tent,
Laurie,NS ,6,Full,CampsitePermit,Single Tent,
Mira River,ON ,1,Full,CampsitePermit,Single Tent,
Whycocomagh,NB ,2,Full,CampsitePermit,Less than 20ft,
Laurie,ON ,2,Full,CampsitePermit,Single Tent,
Five Islands,NS ,2,Senior,CampsitePermit,Less than 30ft,
Rissers Beach,BC ,2,Full,CampsitePermit,Less than 20ft,
Rissers Beach,NS ,4,Full,CampsitePermit,Less than 30ft,
Laurie,NS ,2,Full,CampsitePermit,Less than 20ft,
Rissers Beach,NS ,2,Full,CampsitePermit,Less than 20ft,
Mira River,NS ,2,Full,CampsitePermit,Single Tent,
Graves Island,NS ,2,Senior,CampsitePermit,Single Tent,
Caribou Munroes,QC ,2,Full,CampsitePermit,Less than 30ft,
Battery,NS ,2,Full,CampsitePermit,Single Tent,
Salsman,NS ,2,Full,CampsitePermit,Less than 20ft,
Blomidon,NS ,4,Full,CampsitePermit,Tents,
Battery,NS ,2,Full,CampsitePermit,Single Tent,
Ellenwood Lake,ON ,1,Senior,CampsitePermit,Single Tent,
Dollar Lake,NS ,6,Full,CampsitePermit,Less than 20ft,
Salsman,NS ,6,Full,CampsitePermit,Tents,
Graves Island,NS ,2,Senior,CampsitePermit,Less than 30ft,
Graves Island,NS ,2,Full,CampsitePermit,Less than 30ft,
Thomas Raddall,NS ,2,Full,CampsitePermit,Less than 30ft,
Rissers Beach,NS ,6,Full,CampsitePermit,Less than 30ft,
Mira River,BC ,2,Senior,CampsitePermit,Less than 20ft,
Thomas Raddall,ON ,2,Full,CampsitePermit,Single Tent,
Five Islands,NS ,2,Full,CampsitePermit,Single Tent,
Ellenwood Lake,NS ,2,Senior,CampsitePermit,Less than 30ft,
Salsman,NS ,2,Full,CampsitePermit,Less than 30ft,
Dollar Lake,NS ,4,Full,CampsitePermit,Less than 20ft,
Graves Island,NS ,5,Senior,CampsitePermit,Tents,
Rissers Beach,NS ,2,Full,CampsitePermit,Single Tent,
Ellenwood Lake,QC ,2,Full,CampsitePermit,Less than 30ft,
Porters Lake,NS ,2,Full,CampsitePermit,Less than 30ft,
Dollar Lake,NS ,2,Full,CampsitePermit,Single Tent,
Blomidon,NS ,4,Full,CampsitePermit,Less than 20ft,
Whycocomagh,ON ,5,Full,CampsitePermit,Less than 20ft,
Rissers Beach,NS ,4,Full,CampsitePermit,Less than 20ft,
Porters Lake,NS ,2,Full,CampsitePermit,Single Tent,
Thomas Raddall,NS ,2,Full,CampsitePermit,Tents,
Five Islands,NL ,2,Full,CampsitePermit,Less than 20ft,
Porters Lake,QC ,4,Full,CampsitePermit,Less than 20ft,
Thomas Raddall,NS ,6,Full,CampsitePermit,Less than 30ft,
Thomas Raddall,NS ,4,Full,CampsitePermit,Tents,
Battery,NS ,3,Full,CampsitePermit,Single Tent,
Valleyview,NS ,3,Full,CampsitePermit,Single Tent,
Amherst Shore,NS ,5,Full,CampsitePermit,Single Tent,
Rissers Beach,BC ,1,Senior,CampsitePermit,Single Tent,
Amherst Shore,QC ,2,Full,CampsitePermit,Less than 20ft,
Whycocomagh,NB ,6,Full,CampsitePermit,Single Tent,
Laurie,ON ,2,Senior,CampsitePermit,Less than 20ft,
Rissers Beach,NS ,2,Senior,CampsitePermit,Less than 30ft,
Caribou Munroes,NS ,3,Full,CampsitePermit,Tents,
Rissers Beach,ON ,2,Full,CampsitePermit,Less than 40ft,
Mira River,NS ,2,Full,CampsitePermit,Single Tent,
Thomas Raddall,NS ,2,Full,CampsitePermit,Single Tent,
Rissers Beach,NS ,2,Senior,CampsitePermit,Less than 20ft,
Blomidon,NS ,4,Full,CampsitePermit,Less than 40ft,
Blomidon,NS ,4,Full,CampsitePermit,Tents,
Cape Chignecto,NB ,3,Full,BackcountryPermit,Single Tent,
Cape Chignecto,NS ,2,Full,BackcountryPermit,Single Tent,
Graves Island,AB ,2,Full,CampsitePermit,Less than 20ft,
Caribou Munroes,AB ,2,Full,CampsitePermit,Single Tent,
The Islands,ON ,2,Full,CampsitePermit,Single Tent,
Blomidon,NS ,2,Full,CampsitePermit,Single Tent,
Cape Chignecto,NS ,2,Full,BackcountryPermit,Single Tent,
Rissers Beach,NS ,2,Full,CampsitePermit,Less than 30ft,
Rissers Beach,NS ,2,Full,CampsitePermit,Single Tent,
Salsman,NS ,2,Full,CampsitePermit,Single Tent,
Whycocomagh,ON ,2,Senior,CampsitePermit,Less than 20ft,
Battery,NS ,4,Full,CampsitePermit,Tents,
Rissers Beach,NS ,4,Full,CampsitePermit,Less than 40ft,
Ellenwood Lake,NS ,5,Full,CampsitePermit,Single Tent,
Amherst Shore,NS ,4,Full,CampsitePermit,Single Tent,
Blomidon,NS ,2,Full,CampsitePermit,Single Tent,
Graves Island,NS ,4,Full,CampsitePermit,Single Tent,
Caribou Munroes,QC ,2,Full,CampsitePermit,Less than 20ft,
Blomidon,NS ,4,Full,CampsitePermit,Tents,
Five Islands,BC ,2,Full,CampsitePermit,Less than 20ft,
Amherst Shore,NB ,3,Full,CampsitePermit,Single Tent,
Thomas Raddall,NS ,3,Full,CampsitePermit,Single Tent,
Caribou Munroes,NS ,2,Full,CampsitePermit,Less than 30ft,
Dollar Lake,NS ,4,Full,CampsitePermit,Tents,
Thomas Raddall,NS ,2,Senior,CampsitePermit,Less than 20ft,
Mira River,NS ,3,Full,CampsitePermit,Single Tent,
Porters Lake,NS ,2,Full,CampsitePermit,Less than 30ft,
Dollar Lake,NS ,3,Full,CampsitePermit,Less than 20ft,
Graves Island,NS ,2,Full,CampsitePermit,Tents,
Smileys,NS ,3,Full,CampsitePermit,Single Tent,
Dollar Lake,NS ,2,Full,CampsitePermit,Single Tent,
Porters Lake,QC ,2,Veteran,CampsitePermit,Single Tent,
Laurie,NS ,2,Full,CampsitePermit,Less than 20ft,
Caribou Munroes,NS ,5,Full,CampsitePermit,Less than 30ft,
Dollar Lake,NS ,3,Full,CampsitePermit,Single Tent,
Graves Island,NS ,1,Full,CampsitePermit,Single Tent,
Blomidon,QC ,2,Senior,CampsitePermit,Single Tent,
Whycocomagh,NS ,5,Full,CampsitePermit,Less than 20ft,
Caribou Munroes,ON ,2,Full,CampsitePermit,Single Tent,
Dollar Lake,NS ,6,Full,CampsitePermit,Tents,
Blomidon,ON ,2,Full,CampsitePermit,Single Tent,
Mira River,NS ,2,Full,CampsitePermit,Less than 20ft,
Rissers Beach,NS ,2,Full,CampsitePermit,Less than 20ft,
Cape Chignecto,NS ,1,Full,BackcountryPermit,Single Tent,
Porters Lake,NS ,2,Full,CampsitePermit,Less than 30ft,
Laurie,NS ,2,Full,CampsitePermit,Single Tent,
Ellenwood Lake,NS ,2,Senior,CampsitePermit,Less than 30ft,
Mira River,SK ,2,Full,CampsitePermit,Less than 20ft,
Graves Island,ON ,1,Full,CampsitePermit,Single Tent,
Blomidon,NS ,2,Veteran,CampsitePermit,Single Tent,
Smileys,NS ,5,Full,CampsitePermit,Tents,
Graves Island,BC ,1,Full,CampsitePermit,Single Tent,
Mira River,QC ,2,Full,CampsitePermit,Less than 20ft,
Ellenwood Lake,NS ,2,Full,CampsitePermit,Less than 30ft,
Caribou Munroes,ON ,3,Full,CampsitePermit,Less than 20ft,
Porters Lake,NS ,4,Full,CampsitePermit,Tents,
Blomidon,NS ,1,Full,CampsitePermit,Single Tent,
Mira River,NS ,2,Full,CampsitePermit,Less than 40ft,
Blomidon,NS ,2,Full,CampsitePermit,Less than 30ft,
Five Islands,NS ,2,Full,CampsitePermit,Single Tent,
Salsman,NS ,6,Full,CampsitePermit,Less than 30ft,
Salsman,ON ,2,Full,CampsitePermit,Less than 30ft,
Porters Lake,NS ,4,Full,CampsitePermit,Single Tent,
Porters Lake,NS ,2,Full,CampsitePermit,Single Tent,
Five Islands,ON ,3,Full,CampsitePermit,Single Tent,
Caribou Munroes,NS ,2,Full,CampsitePermit,Less than 30ft,
Dollar Lake,NS ,3,Full,CampsitePermit,Single Tent,
Blomidon,NS ,5,Full,CampsitePermit,Single Tent,
Dollar Lake,NS ,4,Full,CampsitePermit,Single Tent,
The Islands,NS ,2,Full,CampsitePermit,Less than 40ft,
Whycocomagh,NS ,3,Full,CampsitePermit,Single Tent,
Rissers Beach,ON ,2,Full,CampsitePermit,Less than 30ft,
Porters Lake,ON ,2,Full,CampsitePermit,Single Tent,
Mira River,NS ,3,Full,CampsitePermit,Less than 30ft,
Mira River,NS ,4,Full,CampsitePermit,Less than 40ft,
Dollar Lake,NS ,2,Full,CampsitePermit,Single Tent,
Porters Lake,NS ,4,Full,CampsitePermit,Tents,
Rissers Beach,NS ,3,Full,CampsitePermit,Less than 20ft,
Mira River,NS ,3,Full,CampsitePermit,Less than 30ft,
Smileys,NS ,2,Full,CampsitePermit,Tents,
Laurie,NS ,2,Full,CampsitePermit,Less than 30ft,
Rissers Beach,NS ,2,FULL,CampsitePermit,Single Tent,
Dollar Lake,NS ,2,Full,CampsitePermit,Single Tent,
Valleyview,NS ,4,Full,CampsitePermit,Single Tent,
Thomas Raddall,NS ,2,Full,CampsitePermit,Single Tent,
Graves Island,QC ,2,Full,CampsitePermit,Less than 30ft,
Thomas Raddall,NS ,2,Full,CampsitePermit,Less than 20ft,
Caribou Munroes,NS ,4,Full,CampsitePermit,Less than 30ft,
Dollar Lake,NS ,2,Full,CampsitePermit,Less than 20ft,
Graves Island,NS ,2,Veteran,CampsitePermit,Less than 40ft,
Mira River,NS ,4,Senior,CampsitePermit,Less than 20ft,
Caribou Munroes,QC ,2,Full,CampsitePermit,Single Tent,
Whycocomagh,QC ,4,Full,CampsitePermit,Less than 30ft,
Thomas Raddall,NS ,2,Full,CampsitePermit,Single Tent,
Rissers Beach,QC ,2,Full,CampsitePermit,Single Tent,
Amherst Shore,ON ,2,Full,CampsitePermit,Single Tent,
Graves Island,NS ,5,Full,CampsitePermit,Tents,
Whycocomagh,NS ,5,Full,CampsitePermit,Single Tent,
Cape Chignecto,NB ,1,Full,BackcountryPermit,Single Tent,
Mira River,NS ,3,Full,CampsitePermit,Single Tent,
Thomas Raddall,NS ,2,Full,CampsitePermit,Single Tent,
Ellenwood Lake,NS ,3,Full,CampsitePermit,Tents,
Laurie,NS ,3,Full,CampsitePermit,Single Tent,
Amherst Shore,PE ,3,Full,CampsitePermit,Less than 20ft,
Thomas Raddall,NS ,4,Full,CampsitePermit,Less than 20ft,
Rissers Beach,NS ,3,Full,CampsitePermit,Tents,
Smileys,NS ,5,Full,CampsitePermit,Tents,
Battery,NS ,2,Full,CampsitePermit,Less than 20ft,
Porters Lake,NS ,2,Full,CampsitePermit,Single Tent,
Mira River,QC ,2,Full,CampsitePermit,Less than 20ft,
Rissers Beach,NS ,2,Senior,CampsitePermit,Less than 30ft,
Amherst Shore,NS ,2,Full,CampsitePermit,Less than 30ft,
Whycocomagh,ON ,5,Full,CampsitePermit,Less than 40ft,
Dollar Lake,NS ,2,Full,CampsitePermit,Single Tent,
Graves Island,ON ,2,Full,CampsitePermit,Less than 30ft,
Rissers Beach,NS ,6,Full,CampsitePermit,Tents,
Rissers Beach,NS ,2,Full,CampsitePermit,Less than 30ft,
Blomidon,NS ,3,Full,CampsitePermit,Single Tent,
Graves Island,NS ,6,Full,CampsitePermit,Tents,
Ellenwood Lake,NS ,4,Full,CampsitePermit,Single Tent,
Graves Island,QC ,1,Full,CampsitePermit,Single Tent,
Graves Island,NS ,1,Full,CampsitePermit,Less than 20ft,
Porters Lake,QC ,2,Full,CampsitePermit,Single Tent,
Caribou Munroes,NS ,4,Full,CampsitePermit,Single Tent,
Dollar Lake,NS ,3,Full,CampsitePermit,Single Tent,
Rissers Beach,NS ,5,Full,CampsitePermit,Single Tent,
Blomidon,NS ,4,Full,CampsitePermit,Single Tent,
Rissers Beach,QC ,2,Full,CampsitePermit,Less than 20ft,
Porters Lake,NS ,4,Full,CampsitePermit,Single Tent,
Porters Lake,NS ,4,Full,CampsitePermit,Less than 40ft,
Porters Lake,NS ,2,Full,CampsitePermit,Single Tent,
Rissers Beach,NS ,4,Full,CampsitePermit,Less than 20ft,
Caribou Munroes,NS ,2,Senior,CampsitePermit,Single Tent,
Caribou Munroes,SK ,2,Full,CampsitePermit,Less than 20ft,
Dollar Lake,NS ,4,Full,CampsitePermit,Tents,
Rissers Beach,NS ,4,Full,CampsitePermit,Less than 30ft,
Boylston,ON ,2,Full,CampsitePermit,Less than 20ft,
Rissers Beach,NB ,4,Full,CampsitePermit,Less than 20ft,
Ellenwood Lake,QC ,5,Full,CampsitePermit,Single Tent,
Mira River,NL ,2,Full,CampsitePermit,Single Tent,
Graves Island,NS ,2,Full,CampsitePermit,Less than 40ft,
Blomidon,YT ,2,Full,CampsitePermit,Single Tent,
Ellenwood Lake,NS ,3,Full,CampsitePermit,Tents,
Graves Island,ON ,6,Full,CampsitePermit,Single Tent,
The Islands,ON ,2,Senior,CampsitePermit,Less than 30ft,
Salsman,NB ,2,Full,CampsitePermit,Single Tent,
Ellenwood Lake,NS ,3,Full,CampsitePermit,Single Tent,
Caribou Munroes,NS ,2,Full,CampsitePermit,Single Tent,
Blomidon,NS ,3,Full,CampsitePermit,Single Tent,
Rissers Beach,NS ,2,Full,CampsitePermit,Less than 30ft,
Mira River,NS ,6,Full,CampsitePermit,Single Tent,
Cape Chignecto,NS ,4,Full,BackcountryPermit,Single Tent,
Smileys,NB ,4,Full,CampsitePermit,Less than 30ft,
Blomidon,NS ,5,Full,CampsitePermit,Less than 30ft,
Porters Lake,NS ,2,Full,CampsitePermit,Single Tent,
Mira River,NS ,2,Full,CampsitePermit,Less than 30ft,
Amherst Shore,ON ,2,Full,CampsitePermit,Less than 30ft,
Dollar Lake,NS ,4,Full,CampsitePermit,Single Tent,
Ellenwood Lake,QC ,2,Full,CampsitePermit,Single Tent,
Whycocomagh,NS ,2,Veteran,CampsitePermit,Less than 30ft,
Porters Lake,QC ,2,Full,CampsitePermit,Less than 30ft,
Amherst Shore,NB ,4,Full,CampsitePermit,Single Tent,
Caribou Munroes,QC ,4,Full,CampsitePermit,Single Tent,
Smileys,NS ,2,Full,CampsitePermit,Less than 20ft,
Blomidon,NS ,3,Full,CampsitePermit,Single Tent,
Rissers Beach,NS ,3,Full,CampsitePermit,Less than 40ft,
Five Islands,ON ,2,Full,CampsitePermit,Single Tent,
Graves Island,NB ,2,Senior,CampsitePermit,Less than 30ft,
Thomas Raddall,NS ,2,Full,CampsitePermit,Single Tent,
Battery,NS ,3,Full,CampsitePermit,Tents,
Valleyview,ON ,2,Full,CampsitePermit,Single Tent,
Rissers Beach,NS ,5,Full,CampsitePermit,Single Tent,
Porters Lake,NS ,2,Veteran,CampsitePermit,Less than 40ft,
Dollar Lake,NS ,2,Full,CampsitePermit,Tents,
Graves Island,NS ,2,Full,CampsitePermit,Less than 20ft,
Rissers Beach,NS ,4,Full,CampsitePermit,Single Tent,
Rissers Beach,NS ,2,Full,CampsitePermit,Less than 30ft,
Rissers Beach,NS ,4,Full,CampsitePermit,Less than 20ft,
Smileys,NS ,2,Full,CampsitePermit,Single Tent,
Dollar Lake,NS ,2,Full,CampsitePermit,Less than 30ft,
Laurie,NS ,2,Full,CampsitePermit,Tents,
Graves Island,NS ,4,Full,CampsitePermit,Less than 40ft,
Blomidon,NS ,3,Full,CampsitePermit,Single Tent,
Mira River,NS ,5,Full,CampsitePermit,Less than 20ft,
Mira River,ON ,4,FULL,CampsitePermit,Less than 20ft,
Graves Island,NS ,2,Full,CampsitePermit,Less than 30ft,
Smileys,NS ,1,Full,CampsitePermit,Single Tent,
Dollar Lake,NS ,5,Full,CampsitePermit,Less than 30ft,
Mira River,NS ,1,Veteran,CampsitePermit,Single Tent,
Amherst Shore,QC ,2,Full,CampsitePermit,Single Tent,
Battery,NS ,2,Full,CampsitePermit,Less than 20ft,
Mira River,NS ,4,Full,CampsitePermit,Single Tent,
Porters Lake,NS ,5,Full,CampsitePermit,Single Tent,
Laurie,NS ,2,Full,CampsitePermit,Single Tent,
Salsman,BC ,2,Full,CampsitePermit,Single Tent,
Rissers Beach,BC ,1,Full,CampsitePermit,Single Tent,
Graves Island,NS ,2,Full,CampsitePermit,Less than 30ft,
Mira River,NS ,4,Full,CampsitePermit,Less than 30ft,
Amherst Shore,NS ,2,Senior,CampsitePermit,Less than 40ft,
Dollar Lake,NS ,3,Full,CampsitePermit,Single Tent,
Whycocomagh,ON ,2,Full,CampsitePermit,Less than 30ft,
Blomidon,AB ,2,Full,CampsitePermit,Single Tent,
Battery,NS ,2,Full,CampsitePermit,Single Tent,
Caribou Munroes,QC ,1,Full,CampsitePermit,Single Tent,
Ellenwood Lake,QC ,3,Senior,CampsitePermit,Single Tent,
Cape Chignecto,BC ,2,Full,BackcountryPermit,Single Tent,
Porters Lake,NS ,5,Full,CampsitePermit,Single Tent,
Dollar Lake,NS ,4,Full,CampsitePermit,Single Tent,
Graves Island,NS ,2,Full,CampsitePermit,Less than 20ft,
Amherst Shore,YT ,2,Senior,CampsitePermit,Single Tent,
Five Islands,NS ,5,Full,CampsitePermit,Single Tent,
Porters Lake,AB ,2,Full,CampsitePermit,Single Tent,
Thomas Raddall,ON ,2,Full,CampsitePermit,Single Tent,
Five Islands,ON ,2,Full,CampsitePermit,Single Tent,
Mira River,ON ,2,Full,CampsitePermit,Less than 20ft,
Mira River,NS ,5,Full,CampsitePermit,Less than 30ft,
Rissers Beach,NS ,4,Full,CampsitePermit,Single Tent,
Blomidon,NS ,2,Full,CampsitePermit,Less than 30ft,
Blomidon,NS ,2,Full,CampsitePermit,Single Tent,
Five Islands,NS ,2,Full,CampsitePermit,Single Tent,
Rissers Beach,NS ,4,Full,CampsitePermit,Less than 20ft,
Mira River,ON ,2,Full,CampsitePermit,Tents,
Ellenwood Lake,NS ,2,Senior,CampsitePermit,Less than 30ft,
Whycocomagh,ON ,5,Full,CampsitePermit,Single Tent,
Porters Lake,NS ,6,Full,CampsitePermit,Less than 30ft,
Porters Lake,NS ,2,Senior,CampsitePermit,Less than 30ft,
Graves Island,NS ,2,Full,CampsitePermit,Less than 20ft,
Amherst Shore,NS ,4,Full,CampsitePermit,Less than 20ft,
Mira River,NS ,2,Full,CampsitePermit,Single Tent,
Laurie,NS ,3,Full,CampsitePermit,Less than 30ft,
Dollar Lake,NS ,4,Full,CampsitePermit,Single Tent,
Mira River,NS ,3,Full,CampsitePermit,Single Tent,
Dollar Lake,NS ,3,Full,CampsitePermit,Single Tent,
Caribou Munroes,NS ,4,Full,CampsitePermit,Less than 20ft,
Mira River,NS ,4,Full,CampsitePermit,Less than 20ft,
Graves Island,NS ,2,Full,CampsitePermit,Less than 20ft,
Mira River,NS ,5,Full,CampsitePermit,Less than 20ft,
Porters Lake,ON ,4,Full,CampsitePermit,Less than 40ft,
Valleyview,QC ,1,Full,CampsitePermit,Single Tent,
Thomas Raddall,BC ,1,Full,CampsitePermit,Single Tent,
Thomas Raddall,NS ,4,Full,CampsitePermit,Tents,
Porters Lake,NS ,2,Full,CampsitePermit,Less than 40ft,
Dollar Lake,NS ,4,Full,CampsitePermit,Less than 20ft,
Graves Island,QC ,1,Full,CampsitePermit,Single Tent,
Caribou Munroes,ON ,2,Full,CampsitePermit,Less than 20ft,
Mira River,QC ,2,Full,CampsitePermit,Less than 20ft,
Graves Island,NS ,2,Full,CampsitePermit,Less than 30ft,
Rissers Beach,NS ,4,Full,CampsitePermit,Tents,
Five Islands,NS ,2,Full,CampsitePermit,Single Tent,
Battery,BC ,2,Senior,CampsitePermit,Single Tent,
Smileys,NS ,6,Senior,CampsitePermit,Tents,
Amherst Shore,NS ,4,Full,CampsitePermit,Single Tent,
Graves Island,NS ,2,Full,CampsitePermit,Less than 30ft,
Laurie,NS ,8,Full,CampsitePermit,Tents,
Caribou Munroes,NS ,2,Full,CampsitePermit,Less than 30ft,
Five Islands,NB ,2,Full,CampsitePermit,Single Tent,
Mira River,NS ,3,Full,CampsitePermit,Less than 20ft,
Salsman,NS ,2,Full,CampsitePermit,Less than 20ft,
Dollar Lake,NS ,4,Full,CampsitePermit,Single Tent,
Graves Island,ON ,5,Full,CampsitePermit,Single Tent,
Laurie,NS ,2,Full,CampsitePermit,Single Tent,
Graves Island,NS ,2,Full,CampsitePermit,Less than 40ft,
Graves Island,NS ,2,Full,CampsitePermit,Less than 30ft,
Rissers Beach,NS ,3,Full,CampsitePermit,Single Tent,
Rissers Beach,AB ,4,Full,CampsitePermit,Less than 30ft,
Five Islands,QC ,2,Full,CampsitePermit,Single Tent,
Rissers Beach,NS ,6,Full,CampsitePermit,Less than 40ft,
Laurie,NS ,2,Full,CampsitePermit,Less than 30ft,
Graves Island,NS ,3,Full,CampsitePermit,Less than 30ft,
Thomas Raddall,ON ,2,Senior,CampsitePermit,Less than 20ft,
Dollar Lake,NS ,1,Full,CampsitePermit,Single Tent,
Porters Lake,ON ,2,Full,CampsitePermit,Single Tent,
Caribou Munroes,NS ,5,Senior,CampsitePermit,Tents,
Blomidon,ON ,2,Full,CampsitePermit,Single Tent,
Caribou Munroes,NS ,3,Full,CampsitePermit,Tents,
Rissers Beach,NS ,6,Senior,CampsitePermit,Less than 40ft,
Cape Chignecto,NS ,2,Full,BackcountryPermit,Single Tent,
Porters Lake,NS ,2,Full,CampsitePermit,Less than 40ft,
Blomidon,NS ,2,Full,CampsitePermit,Less than 20ft,
Dollar Lake,NS ,4,Full,CampsitePermit,Single Tent,
Whycocomagh,QC ,2,Full,CampsitePermit,Less than 20ft,
Caribou Munroes,ON ,2,Full,CampsitePermit,Single Tent,
Battery,ON ,2,Full,CampsitePermit,Single Tent,
Caribou Munroes,BC ,2,Senior,CampsitePermit,Less than 20ft,
Five Islands,NB ,2,Full,CampsitePermit,Single Tent,
Cape Chignecto,QC ,2,Full,BackcountryPermit,Single Tent,
Mira River,NS ,2,Full,CampsitePermit,Less than 20ft,
Porters Lake,NS ,4,Full,CampsitePermit,Less than 30ft,
Rissers Beach,ON ,2,Full,CampsitePermit,Single Tent,
Five Islands,NS ,4,Full,CampsitePermit,Less than 20ft,
Porters Lake,NS ,2,Full,CampsitePermit,Single Tent,
The Islands,NS ,2,Full,CampsitePermit,Single Tent,
Thomas Raddall,NS ,3,Full,CampsitePermit,Single Tent,
Blomidon,NS ,2,Full,CampsitePermit,Less than 30ft,
Rissers Beach,NS ,4,Full,CampsitePermit,Less than 30ft,
Amherst Shore,ON ,2,Full,CampsitePermit,Single Tent,
Five Islands,NS ,2,Senior,CampsitePermit,Single Tent,
Rissers Beach,NS ,4,Full,CampsitePermit,Less than 30ft,
Blomidon,QC ,2,Full,CampsitePermit,Less than 20ft,
Caribou Munroes,NS ,3,Full,CampsitePermit,Less than 20ft,
Thomas Raddall,NS ,2,Senior,CampsitePermit,Single Tent,
Blomidon,NS ,4,Full,CampsitePermit,Single Tent,
Graves Island,ON ,2,Senior,CampsitePermit,Single Tent,
Graves Island,NS ,2,Senior,CampsitePermit,Less than 30ft,
Rissers Beach,NS ,3,Full,CampsitePermit,Less than 20ft,
The Islands,NS ,2,Full,CampsitePermit,Less than 40ft,
Amherst Shore,ON ,5,Full,CampsitePermit,Single Tent,
Amherst Shore,ON ,2,Full,CampsitePermit,Single Tent,
Smileys,NS ,2,Full,CampsitePermit,Less than 30ft,
Valleyview,QC ,4,Full,CampsitePermit,Single Tent,
Rissers Beach,NS ,3,Full,CampsitePermit,Less than 30ft,
Rissers Beach,NS ,2,FULL,CampsitePermit,Less than 20ft,
Dollar Lake,NS ,4,Full,CampsitePermit,Less than 20ft,
Graves Island,NS ,2,Senior,CampsitePermit,Less than 40ft,
Whycocomagh,NS ,6,Full,CampsitePermit,Less than 20ft,
Ellenwood Lake,NS ,2,Full,CampsitePermit,Single Tent,
Whycocomagh,NS ,2,Full,CampsitePermit,Single Tent,
Ellenwood Lake,NS ,2,Full,CampsitePermit,Less than 20ft,
Rissers Beach,NS ,6,Senior,CampsitePermit,Tents,
Cape Chignecto,NS ,2,Full,BackcountryPermit,Single Tent,
Caribou Munroes,NS ,2,Full,CampsitePermit,Less than 30ft,
Whycocomagh,NS ,6,Full,CampsitePermit,Tents,
Dollar Lake,NS ,2,Full,CampsitePermit,Less than 30ft,
Whycocomagh,NS ,2,Full,CampsitePermit,Single Tent,
Salsman,NS ,3,Full,CampsitePermit,Single Tent,
Porters Lake,NS ,5,Full,CampsitePermit,Tents,
Salsman,NS ,4,Full,CampsitePermit,Less than 40ft,
Laurie,NS ,3,Full,CampsitePermit,Single Tent,
Dollar Lake,NS ,2,Veteran,CampsitePermit,Single Tent,
Porters Lake,NS ,3,Full,CampsitePermit,Single Tent,
Battery,NS ,2,Veteran,CampsitePermit,Less than 20ft,
Thomas Raddall,AB ,1,Full,CampsitePermit,Single Tent,
Mira River,NS ,4,Full,CampsitePermit,Less than 30ft,
Caribou Munroes,NS ,3,Full,CampsitePermit,Less than 20ft,
Caribou Munroes,NS ,2,Full,CampsitePermit,Less than 30ft,
Blomidon,NS ,5,Full,CampsitePermit,Tents,
Dollar Lake,NS ,3,Full,CampsitePermit,Less than 30ft,
Thomas Raddall,NS ,2,Full,CampsitePermit,Less than 30ft,
Rissers Beach,NS ,2,Senior,CampsitePermit,Less than 30ft,
Rissers Beach,QC ,1,Full,CampsitePermit,Single Tent,
Whycocomagh,NS ,2,Full,CampsitePermit,Single Tent,
Battery,NS ,4,Full,CampsitePermit,Single Tent,
Mira River,NS ,3,Full,CampsitePermit,Less than 30ft,
Dollar Lake,NS ,6,Full,CampsitePermit,Single Tent,
Thomas Raddall,NS ,5,Full,CampsitePermit,Tents,
Graves Island,ON ,4,Senior,CampsitePermit,Less than 30ft,
Valleyview,NS ,1,Full,CampsitePermit,Single Tent,
Battery,NS ,1,Senior,CampsitePermit,Single Tent,
Laurie,QC ,2,Full,CampsitePermit,Tents,
Graves Island,NS ,4,Full,CampsitePermit,Tents,
Dollar Lake,NS ,2,Full,CampsitePermit,Single Tent,
Salsman,NS ,3,Senior,CampsitePermit,Less than 30ft,
Rissers Beach,NS ,2,Full,CampsitePermit,Less than 20ft,
Porters Lake,NS ,4,Full,CampsitePermit,Tents,
The Islands,NS ,2,Full,CampsitePermit,Single Tent,
Caribou Munroes,NS ,2,Full,CampsitePermit,Single Tent,
The Islands,QC ,2,Full,CampsitePermit,Less than 20ft,
Smileys,NS ,4,Full,CampsitePermit,Tents,
Mira River,NS ,2,Full,CampsitePermit,Less than 30ft,
Rissers Beach,NS ,2,Full,CampsitePermit,Less than 20ft,
Graves Island,NS ,5,Full,CampsitePermit,Single Tent,
Rissers Beach,NS ,4,Full,CampsitePermit,Less than 30ft,
Graves Island,NS ,2,Full,CampsitePermit,Less than 40ft,
Laurie,NS ,2,Full,CampsitePermit,Single Tent,
Laurie,QC ,2,Full,CampsitePermit,Tents,
Caribou Munroes,NS ,2,Senior,CampsitePermit,Less than 20ft,
Mira River,ON ,2,Full,CampsitePermit,Less than 20ft,
Rissers Beach,NS ,2,Full,CampsitePermit,Less than 40ft,
Whycocomagh,NS ,2,Full,CampsitePermit,Single Tent,
Thomas Raddall,NS ,2,Full,CampsitePermit,Single Tent,
Five Islands,NS ,2,Full,CampsitePermit,Tents,
Dollar Lake,NS ,4,Full,CampsitePermit,Single Tent,
Mira River,NS ,7,Full,CampsitePermit,Single Tent,
Ellenwood Lake,NS ,2,Full,CampsitePermit,Single Tent,
Caribou Munroes,NS ,2,Host,CampsitePermit,Less than 30ft,
Mira River,ON ,2,Full,CampsitePermit,Single Tent,
Salsman,NS ,2,Full,CampsitePermit,Less than 30ft,
Rissers Beach,NS ,4,Full,CampsitePermit,Single Tent,
Blomidon,ON ,4,Full,CampsitePermit,Less than 20ft,
Caribou Munroes,NS ,2,Full,CampsitePermit,Less than 20ft,
Smileys,NS ,2,Senior,CampsitePermit,Less than 30ft,
Smileys,NS ,2,Full,CampsitePermit,Less than 40ft,
Thomas Raddall,NS ,2,Full,CampsitePermit,Single Tent,
Dollar Lake,NS ,2,Full,CampsitePermit,Single Tent,
Rissers Beach,QC ,4,Full,CampsitePermit,Less than 20ft,
Graves Island,NS ,4,Full,CampsitePermit,Less than 30ft,
Amherst Shore,NS ,5,Full,CampsitePermit,Less than 40ft,
Valleyview,NS ,2,Senior,CampsitePermit,Less than 30ft,
Porters Lake,NS ,2,Full,CampsitePermit,Less than 30ft,
Five Islands,NS ,6,Full,CampsitePermit,Tents,
Graves Island,NS ,2,Full,CampsitePermit,Less than 20ft,
Graves Island,NS ,1,Full,CampsitePermit,Single Tent,
Rissers Beach,NS ,4,Full,CampsitePermit,Single Tent,
Caribou Munroes,NS ,3,Full,CampsitePermit,Single Tent,
Graves Island,NS ,3,Full,CampsitePermit,Less than 30ft,
Thomas Raddall,NS ,3,Full,CampsitePermit,Single Tent,
Rissers Beach,NS ,4,Full,CampsitePermit,Less than 30ft,
Rissers Beach,NS ,2,Full,CampsitePermit,Single Tent,
Caribou Munroes,NS ,2,Full,CampsitePermit,Single Tent,
Graves Island,NS ,3,Full,CampsitePermit,Tents,
Rissers Beach,NS ,2,Full,CampsitePermit,Single Tent,
Caribou Munroes,BC ,2,Senior,CampsitePermit,Less than 20ft,
Porters Lake,NS ,4,Full,CampsitePermit,Less than 30ft,
The Islands,NS ,5,Full,CampsitePermit,Less than 20ft,
Rissers Beach,NS ,2,Senior,CampsitePermit,Less than 30ft,
Rissers Beach,NS ,2,Full,CampsitePermit,Single Tent,
Laurie,NS ,5,Full,CampsitePermit,Single Tent,
Whycocomagh,QC ,2,Full,CampsitePermit,Single Tent,
Rissers Beach,NB ,2,Full,CampsitePermit,Tents,
Thomas Raddall,NS ,2,Full,CampsitePermit,Single Tent,
Rissers Beach,NS ,2,Full,CampsitePermit,Less than 30ft,
Graves Island,NS ,4,Full,CampsitePermit,Single Tent,
Laurie,NB ,2,Full,CampsitePermit,Single Tent,
Dollar Lake,NS ,3,Full,CampsitePermit,Tents,
Rissers Beach,NS ,4,Full,CampsitePermit,Less than 30ft,
Caribou Munroes,QC ,4,Full,CampsitePermit,Less than 20ft,
Thomas Raddall,NB ,2,Full,CampsitePermit,Single Tent,
Porters Lake,ON ,2,Senior,CampsitePermit,Less than 40ft,
Graves Island,NS ,3,Full,CampsitePermit,Single Tent,
Porters Lake,ON ,2,Full,CampsitePermit,Single Tent,
Rissers Beach,NS ,3,Full,CampsitePermit,Less than 30ft,
Caribou Munroes,ON ,2,Full,CampsitePermit,Single Tent,
Mira River,NS ,2,Full,CampsitePermit,Single Tent,
Battery,NS ,2,Full,CampsitePermit,Single Tent,
Laurie,NS ,4,Full,CampsitePermit,Less than 20ft,
Cape Chignecto,NB ,2,Full,BackcountryPermit,Single Tent,
The Islands,NS ,4,Full,CampsitePermit,Tents,
Mira River,QC ,2,Full,CampsitePermit,Single Tent,
The Islands,ON ,2,Full,CampsitePermit,Single Tent,
Graves Island,ON ,5,Full,CampsitePermit,Less than 30ft,
Laurie,NS ,4,Full,CampsitePermit,Single Tent,
Smileys,NS ,3,Full,CampsitePermit,Single Tent,
Caribou Munroes,NS ,5,Full,CampsitePermit,Less than 20ft,
Rissers Beach,QC ,2,Full,CampsitePermit,Less than 20ft,
Graves Island,NS ,2,Full,CampsitePermit,Less than 30ft,
Smileys,NS ,4,Full,CampsitePermit,Tents,
Blomidon,NS ,4,Full,CampsitePermit,Single Tent,
Dollar Lake,NS ,5,Full,CampsitePermit,Single Tent,
Battery,NS ,2,Full,CampsitePermit,Single Tent,
Blomidon,NS ,2,Full,CampsitePermit,Single Tent,
Rissers Beach,NS ,2,Full,CampsitePermit,Less than 30ft,
Rissers Beach,NS ,5,Full,CampsitePermit,Less than 30ft,
Whycocomagh,AB ,2,Full,CampsitePermit,Less than 30ft,
Mira River,QC ,3,Full,CampsitePermit,Less than 40ft,
Amherst Shore,ON ,2,Full,CampsitePermit,Single Tent,
Five Islands,NS ,2,Full,CampsitePermit,Single Tent,
Whycocomagh,QC ,2,Full,CampsitePermit,Single Tent,
Blomidon,NS ,2,Full,CampsitePermit,Single Tent,
Five Islands,NS ,2,Full,CampsitePermit,Less than 40ft,
Caribou Munroes,ON ,2,Full,CampsitePermit,Less than 20ft,
Thomas Raddall,NS ,4,Full,CampsitePermit,Single Tent,
Laurie,QC ,2,Full,CampsitePermit,Single Tent,
Thomas Raddall,NS ,6,Full,CampsitePermit,Less than 20ft,
Graves Island,NS ,2,Full,CampsitePermit,Single Tent,
Mira River,NS ,8,Full,CampsitePermit,Single Tent,
Five Islands,QC ,2,Full,CampsitePermit,Single Tent,
Smileys,NS ,5,Full,CampsitePermit,Tents,
Blomidon,NS ,2,Full,CampsitePermit,Single Tent,
Laurie,NS ,3,Full,CampsitePermit,Single Tent,
Dollar Lake,NS ,6,Full,CampsitePermit,Less than 20ft,
Dollar Lake,NS ,3,Full,CampsitePermit,Single Tent,
Thomas Raddall,ON ,2,Full,CampsitePermit,Less than 30ft,
Graves Island,BC ,1,Full,CampsitePermit,Single Tent,
Battery,NS ,4,Full,CampsitePermit,Less than 20ft,
Blomidon,NS ,4,Full,CampsitePermit,Single Tent,
Porters Lake,NS ,1,Veteran,CampsitePermit,Single Tent,
Amherst Shore,NS ,2,Full,CampsitePermit,Single Tent,
Graves Island,NS ,6,Full,CampsitePermit,Tents,
Graves Island,NS ,2,Full,CampsitePermit,Less than 40ft,
Graves Island,NS ,2,Full,CampsitePermit,Single Tent,
Whycocomagh,ON ,2,Senior,CampsitePermit,Single Tent,
Dollar Lake,NS ,2,Full,CampsitePermit,Single Tent,
Thomas Raddall,NS ,4,Full,CampsitePermit,Single Tent,
Rissers Beach,NS ,2,Full,CampsitePermit,Less than 20ft,
Dollar Lake,NS ,6,Full,CampsitePermit,Less than 30ft,
Caribou Munroes,QC ,2,Full,CampsitePermit,Single Tent,
Five Islands,NS ,3,Full,CampsitePermit,Tents,
Blomidon,NS ,2,Full,CampsitePermit,Tents,
Rissers Beach,NS ,2,Full,CampsitePermit,Less than 30ft,
Caribou Munroes,ON ,2,Full,CampsitePermit,Single Tent,
Rissers Beach,NS ,2,Full,CampsitePermit,Single Tent,
Rissers Beach,NS ,4,Full,CampsitePermit,Less than 20ft,
Mira River,QC ,2,Full,CampsitePermit,Less than 40ft,
Porters Lake,NS ,4,Full,CampsitePermit,Less than 30ft,
Dollar Lake,NS ,5,Full,CampsitePermit,Single Tent,
Whycocomagh,NS ,4,Full,CampsitePermit,Less than 40ft,
Caribou Munroes,QC ,2,Full,CampsitePermit,Single Tent,
Graves Island,NS ,4,Full,CampsitePermit,Less than 40ft,
Caribou Munroes,NS ,4,Full,CampsitePermit,Single Tent,
Blomidon,NB ,2,Full,CampsitePermit,Less than 20ft,
Caribou Munroes,QC ,2,Full,CampsitePermit,Less than 30ft,
Valleyview,NS ,2,Full,CampsitePermit,Less than 30ft,
Dollar Lake,NS ,5,Full,CampsitePermit,Tents,
Rissers Beach,NS ,1,Senior,CampsitePermit,Single Tent,
Laurie,NS ,4,Full,CampsitePermit,Less than 20ft,
Smileys,NS ,2,Senior,CampsitePermit,Less than 30ft,
Caribou Munroes,AB ,2,Full,CampsitePermit,Single Tent,
Caribou Munroes,NS ,2,Full,CampsitePermit,Less than 40ft,
Smileys,NS ,2,Full,CampsitePermit,Less than 30ft,
Laurie,NS ,2,Full,CampsitePermit,Single Tent,
Thomas Raddall,NS ,2,Full,CampsitePermit,Less than 20ft,
Five Islands,ON ,1,Full,CampsitePermit,Single Tent,
Caribou Munroes,NS ,3,Full,CampsitePermit,Single Tent,
Graves Island,QC ,2,Senior,CampsitePermit,Less than 20ft,
Mira River,NS ,2,Full,CampsitePermit,Less than 30ft,
Five Islands,ON ,3,Full,CampsitePermit,Single Tent,
Laurie,NS ,2,Full,CampsitePermit,Single Tent,
Rissers Beach,NS ,4,Full,CampsitePermit,Less than 20ft,
Caribou Munroes,NS ,4,Full,CampsitePermit,Single Tent,
Porters Lake,NS ,2,Veteran,CampsitePermit,Less than 30ft,
Thomas Raddall,NS ,4,Full,CampsitePermit,Less than 20ft,
Amherst Shore,ON ,4,Full,CampsitePermit,Tents,
Blomidon,QC ,2,Full,CampsitePermit,Single Tent,
Mira River,NS ,5,Full,CampsitePermit,Less than 30ft,
Whycocomagh,ON ,4,Full,YurtPermit,Tents,
The Islands,NS ,2,Full,CampsitePermit,Less than 20ft,
Laurie,NS ,4,Full,CampsitePermit,Less than 20ft,
Caribou Munroes,ON ,4,Full,CampsitePermit,Single Tent,
Rissers Beach,NS ,2,Full,CampsitePermit,Less than 20ft,
Thomas Raddall,NS ,3,Full,CampsitePermit,Tents,
Ellenwood Lake,NS ,2,Full,CampsitePermit,Single Tent,
Mira River,NS ,2,Full,CampsitePermit,Less than 20ft,
Dollar Lake,NS ,4,Full,CampsitePermit,Less than 20ft,
Whycocomagh,NS ,2,Full,YurtPermit,Tents,
Mira River,QC ,5,Full,CampsitePermit,Less than 20ft,
Porters Lake,NS ,4,Full,CampsitePermit,Single Tent,
Rissers Beach,NS ,5,Full,CampsitePermit,Less than 20ft,
Blomidon,NS ,2,Full,CampsitePermit,Single Tent,
Mira River,NS ,3,Full,CampsitePermit,Less than 20ft,
Ellenwood Lake,NS ,2,Full,CampsitePermit,Less than 20ft,
Blomidon,NS ,2,Senior,CampsitePermit,Less than 20ft,
Valleyview,ON ,4,Full,CampsitePermit,Single Tent,
Caribou Munroes,BC ,2,Full,CampsitePermit,Single Tent,
Thomas Raddall,NS ,4,Full,CampsitePermit,Single Tent,
Mira River,NS ,3,Full,CampsitePermit,Single Tent,
Graves Island,NS ,2,Full,CampsitePermit,Single Tent,
Mira River,NS ,6,Full,CampsitePermit,Tents,
Ellenwood Lake,NS ,4,Full,CampsitePermit,Single Tent,
Mira River,QC ,2,Full,CampsitePermit,Single Tent,
Rissers Beach,NS ,4,Full,CampsitePermit,Less than 20ft,
Graves Island,NS ,2,Senior,CampsitePermit,Less than 30ft,
Dollar Lake,NS ,3,Full,CampsitePermit,Single Tent,
Caribou Munroes,QC ,2,Full,CampsitePermit,Less than 20ft,
Five Islands,ON ,2,Full,CampsitePermit,Less than 30ft,
Blomidon,NS ,4,Full,CampsitePermit,Tents,
Caribou Munroes,NS ,4,Full,CampsitePermit,Tents,
Caribou Munroes,ON ,2,Senior,CampsitePermit,Less than 20ft,
Laurie,NS ,4,Full,CampsitePermit,Single Tent,
Valleyview,NS ,4,Full,CampsitePermit,Less than 20ft,
Laurie,ON ,3,Full,CampsitePermit,Tents,
Graves Island,NB ,1,Full,CampsitePermit,Single Tent,
Blomidon,NS ,2,Full,CampsitePermit,Single Tent,
Porters Lake,ON ,2,Full,CampsitePermit,Single Tent,
Rissers Beach,NS ,3,Full,CampsitePermit,Less than 20ft,
Blomidon,ON ,3,Full,CampsitePermit,Tents,
Battery,ON ,2,Full,CampsitePermit,Less than 20ft,
Caribou Munroes,BC ,3,Full,CampsitePermit,Single Tent,
Laurie,NS ,6,Full,CampsitePermit,Single Tent,
Graves Island,NS ,2,Senior,CampsitePermit,Less than 30ft,
Ellenwood Lake,NS ,4,Full,CampsitePermit,Single Tent,
Blomidon,QC ,1,Full,CampsitePermit,Single Tent,
Five Islands,ON ,2,Full,CampsitePermit,Less than 20ft,
Rissers Beach,NS ,4,Full,CampsitePermit,Single Tent,
Five Islands,NS ,4,Full,CampsitePermit,Less than 20ft,
Porters Lake,NS ,3,Full,CampsitePermit,Single Tent,
Valleyview,NS ,2,Full,CampsitePermit,Less than 30ft,
Thomas Raddall,NS ,1,Full,CampsitePermit,Single Tent,
Boylston,BC ,2,Full,CampsitePermit,Less than 20ft,
Caribou Munroes,NS ,2,Full,CampsitePermit,Less than 20ft,
Blomidon,QC ,3,Full,CampsitePermit,Less than 30ft,
Caribou Munroes,NS ,4,Full,CampsitePermit,Less than 20ft,
Mira River,ON ,8,Full,CampsitePermit,Less than 30ft,
Graves Island,NS ,2,Full,CampsitePermit,Less than 20ft,
Mira River,ON ,1,Full,CampsitePermit,Single Tent,
Laurie,NS ,2,Full,CampsitePermit,Single Tent,
Graves Island,NS ,2,Full,CampsitePermit,Less than 40ft,
Mira River,NS ,6,Full,CampsitePermit,Tents,
Smileys,NS ,4,Full,CampsitePermit,Less than 40ft,
Whycocomagh,QC ,3,Full,CampsitePermit,Single Tent,
Amherst Shore,QC ,5,Full,CampsitePermit,Less than 40ft,
Caribou Munroes,NS ,2,Full,CampsitePermit,Less than 20ft,
Caribou Munroes,NS ,2,Full,CampsitePermit,Less than 20ft,
Laurie,NS ,6,Full,CampsitePermit,Single Tent,
Porters Lake,ON ,6,Full,CampsitePermit,Single Tent,
Graves Island,NS ,1,Full,CampsitePermit,Single Tent,
Mira River,NS ,4,Full,CampsitePermit,Single Tent,
Thomas Raddall,NS ,1,Full,CampsitePermit,Single Tent,
Valleyview,QC ,2,Full,CampsitePermit,Single Tent,
Five Islands,NS ,4,Full,CampsitePermit,Single Tent,
Mira River,QC ,2,Full,CampsitePermit,Less than 20ft,
Graves Island,NS ,3,Full,CampsitePermit,Less than 30ft,
Mira River,NS ,4,Full,CampsitePermit,Less than 20ft,
Graves Island,NS ,1,Full,CampsitePermit,Single Tent,
Mira River,QC ,2,Full,CampsitePermit,Less than 20ft,
Ellenwood Lake,NS ,2,Senior,CampsitePermit,Less than 30ft,
Graves Island,NS ,4,Full,CampsitePermit,Less than 40ft,
Caribou Munroes,NS ,2,Senior,CampsitePermit,Less than 20ft,
Dollar Lake,NS ,2,Full,CampsitePermit,Less than 30ft,
The Islands,QC ,2,Full,CampsitePermit,Single Tent,
Caribou Munroes,NS ,2,Full,CampsitePermit,Single Tent,
Rissers Beach,NS ,4,Full,CampsitePermit,Less than 30ft,
Smileys,NS ,2,Full,CampsitePermit,Less than 20ft,
Porters Lake,NS ,2,Full,CampsitePermit,Single Tent,
Caribou Munroes,NS ,1,Senior,CampsitePermit,Single Tent,
Boylston,NS ,1,Senior,CampsitePermit,Single Tent,
The Islands,NS ,4,Full,CampsitePermit,Tents,
Salsman,PE ,2,Full,CampsitePermit,Single Tent,
Dollar Lake,NS ,2,Full,CampsitePermit,Single Tent,
Thomas Raddall,NS ,2,Full,CampsitePermit,Single Tent,
Blomidon,NS ,3,Full,CampsitePermit,Single Tent,
Caribou Munroes,NS ,3,Senior,CampsitePermit,Less than 30ft,
Mira River,NS ,3,Full,CampsitePermit,Single Tent,
Caribou Munroes,NS ,2,Senior,CampsitePermit,Less than 30ft,
Porters Lake,NS ,2,Full,CampsitePermit,Less than 30ft,
Graves Island,NS ,2,Senior,CampsitePermit,Less than 30ft,
Five Islands,NS ,4,Full,CampsitePermit,Single Tent,
Mira River,NS ,2,Full,CampsitePermit,Single Tent,
Five Islands,BC ,2,Senior,CampsitePermit,Less than 20ft,
Five Islands,NS ,2,Senior,CampsitePermit,Less than 20ft,
Amherst Shore,QC ,2,Senior,CampsitePermit,Single Tent,
Caribou Munroes,NS ,6,Full,CampsitePermit,Less than 20ft,
Whycocomagh,NS ,2,Full,CampsitePermit,Single Tent,
Amherst Shore,ON ,3,Full,CampsitePermit,Single Tent,
The Islands,NS ,4,Full,CampsitePermit,Less than 30ft,
Amherst Shore,ON ,2,Full,CampsitePermit,Less than 20ft,
Dollar Lake,NS ,4,Full,CampsitePermit,Single Tent,
Porters Lake,NS ,3,Full,CampsitePermit,Single Tent,
Blomidon,NS ,2,Full,CampsitePermit,Less than 30ft,
Graves Island,NS ,3,Full,CampsitePermit,Single Tent,
Five Islands,NS ,2,Full,CampsitePermit,Single Tent,
Porters Lake,NS ,2,Full,CampsitePermit,Less than 20ft,
Rissers Beach,NS ,4,Full,CampsitePermit,Tents,
Whycocomagh,NS ,2,Full,CampsitePermit,Less than 20ft,
Caribou Munroes,NB ,5,Full,CampsitePermit,Less than 30ft,
Five Islands,ON ,2,Full,CampsitePermit,Single Tent,
Ellenwood Lake,NS ,3,Full,CampsitePermit,Single Tent,
Battery,ON ,3,Senior,CampsitePermit,Less than 20ft,
Laurie,ON ,3,Full,CampsitePermit,Single Tent,
Salsman,NS ,6,Full,CampsitePermit,Tents,
Blomidon,QC ,2,Full,CampsitePermit,Single Tent,
Porters Lake,NS ,2,Full,CampsitePermit,Single Tent,
Dollar Lake,NS ,2,Full,CampsitePermit,Single Tent,
Dollar Lake,NB ,4,Full,CampsitePermit,Single Tent,
Thomas Raddall,NS ,2,Full,CampsitePermit,Less than 30ft,
Five Islands,NS ,3,Veteran,CampsitePermit,Less than 20ft,
Thomas Raddall,NS ,2,Full,CampsitePermit,Less than 20ft,
Whycocomagh,QC ,2,Full,CampsitePermit,Single Tent,
Dollar Lake,NS ,2,Full,CampsitePermit,Single Tent,
Caribou Munroes,NS ,2,Full,CampsitePermit,Less than 30ft,
Five Islands,NS ,4,Full,CampsitePermit,Single Tent,
Caribou Munroes,NS ,2,Senior,CampsitePermit,Less than 20ft,
Blomidon,NB ,1,Full,CampsitePermit,Less than 30ft,
Laurie,NS ,4,Full,CampsitePermit,Less than 20ft,
Thomas Raddall,NS ,2,Full,CampsitePermit,Single Tent,
Thomas Raddall,NS ,4,Full,CampsitePermit,Less than 30ft,
Ellenwood Lake,NS ,3,Full,CampsitePermit,Less than 40ft,
Mira River,NS ,2,Full,CampsitePermit,Less than 20ft,
Porters Lake,NS ,2,Full,CampsitePermit,Single Tent,
Blomidon,NS ,2,Full,CampsitePermit,Less than 20ft,
Rissers Beach,NS ,2,Full,CampsitePermit,Less than 30ft,
Smileys,NS ,5,Full,CampsitePermit,Less than 30ft,
Mira River,NS ,4,Full,CampsitePermit,Single Tent,
Mira River,ON ,6,Full,CampsitePermit,Less than 20ft,
Graves Island,NS ,1,Full,CampsitePermit,Single Tent,
Battery,NS ,4,Full,CampsitePermit,Less than 20ft,
Whycocomagh,BC ,1,Full,CampsitePermit,Less than 20ft,
Porters Lake,ON ,2,Full,CampsitePermit,Less than 30ft,
Smileys,NS ,4,Full,CampsitePermit,Less than 30ft,
Rissers Beach,NS ,2,Full,CampsitePermit,Single Tent,
Blomidon,QC ,2,Full,CampsitePermit,Single Tent,
Caribou Munroes,QC ,2,Full,CampsitePermit,Single Tent,
Smileys,NS ,5,Full,CampsitePermit,Tents,
The Islands,NS ,1,Full,CampsitePermit,Single Tent,
Porters Lake,NS ,1,Full,CampsitePermit,Single Tent,
Laurie,NS ,2,Full,CampsitePermit,Less than 20ft,
Thomas Raddall,NS ,2,Full,CampsitePermit,Single Tent,
Blomidon,NS ,4,Full,CampsitePermit,Less than 40ft,
Blomidon,NS ,2,Full,CampsitePermit,Less than 20ft,
Dollar Lake,NS ,3,Full,CampsitePermit,Single Tent,
Cape Chignecto,NS ,2,Full,BackcountryPermit,Single Tent,
Five Islands,NS ,4,Full,CampsitePermit,Tents,
Porters Lake,NS ,2,Full,CampsitePermit,Single Tent,
Graves Island,QC ,2,Full,CampsitePermit,Single Tent,
Mira River,QC ,2,Full,CampsitePermit,Less than 20ft,
Mira River,QC ,4,Full,CampsitePermit,Less than 30ft,
Thomas Raddall,NS ,5,Full,CampsitePermit,Tents,
Caribou Munroes,NS ,6,Full,CampsitePermit,Less than 20ft,
Graves Island,NS ,4,Full,CampsitePermit,Less than 40ft,
Dollar Lake,NS ,5,Full,CampsitePermit,Tents,
Blomidon,NS ,2,Senior,CampsitePermit,Less than 30ft,
Dollar Lake,NS ,6,Full,CampsitePermit,Less than 20ft,
Boylston,AB ,2,Senior,CampsitePermit,Single Tent,
Caribou Munroes,NS ,2,Full,CampsitePermit,Single Tent,
Mira River,NS ,2,Full,CampsitePermit,Tents,
Five Islands,QC ,3,Full,CampsitePermit,Less than 20ft,
Rissers Beach,NS ,5,Full,CampsitePermit,Tents,
Blomidon,QC ,5,Full,CampsitePermit,Less than 30ft,
Graves Island,QC ,2,Senior,CampsitePermit,Less than 20ft,
Five Islands,NS ,2,Full,CampsitePermit,Single Tent,
Mira River,QC ,2,Full,CampsitePermit,Single Tent,
Porters Lake,NS ,3,Full,CampsitePermit,Less than 30ft,
Blomidon,NS ,4,Full,CampsitePermit,Less than 20ft,
Rissers Beach,NS ,4,Full,CampsitePermit,Less than 20ft,
Thomas Raddall,NS ,2,Full,CampsitePermit,Single Tent,
Five Islands,ON ,5,Full,CampsitePermit,Less than 40ft,
Laurie,NS ,2,Full,CampsitePermit,Single Tent,
Rissers Beach,NS ,5,Full,CampsitePermit,Less than 40ft,
Caribou Munroes,QC ,1,Full,CampsitePermit,Single Tent,
Porters Lake,NS ,4,Full,CampsitePermit,Less than 30ft,
Rissers Beach,NS ,2,Senior,CampsitePermit,Less than 20ft,
Smileys,AB ,2,Full,CampsitePermit,Less than 40ft,
Amherst Shore,NS ,2,Full,CampsitePermit,Tents,
Salsman,NS ,6,Full,CampsitePermit,Tents,
Whycocomagh,NS ,3,Full,CampsitePermit,Single Tent,
Smileys,NS ,4,Full,CampsitePermit,Less than 20ft,
Caribou Munroes,NS ,1,Full,CampsitePermit,Less than 20ft,
Laurie,NS ,4,Full,CampsitePermit,Single Tent,
Caribou Munroes,NS ,2,Full,CampsitePermit,Single Tent,
Mira River,NS ,2,Full,CampsitePermit,Less than 20ft,
Cape Chignecto,NS ,1,Full,BackcountryPermit,Single Tent,
Smileys,NS ,2,Full,CampsitePermit,Single Tent,
Laurie,NS ,4,Full,CampsitePermit,Less than 40ft,
Thomas Raddall,NS ,2,Full,CampsitePermit,Tents,
Mira River,NS ,2,Full,CampsitePermit,Single Tent,
Porters Lake,NS ,6,Full,CampsitePermit,Tents,
Caribou Munroes,NS ,2,Full,CampsitePermit,Single Tent,
Whycocomagh,BC ,2,Full,CampsitePermit,Single Tent,
Smileys,NS ,3,Full,CampsitePermit,Less than 30ft,
Thomas Raddall,NS ,2,Full,CampsitePermit,Single Tent,
Graves Island,NS ,1,Full,CampsitePermit,Single Tent,
Graves Island,NS ,3,Full,CampsitePermit,Less than 40ft,
Mira River,QC ,2,Full,CampsitePermit,Single Tent,
Graves Island,MB ,2,Full,CampsitePermit,Less than 20ft,
Caribou Munroes,NS ,2,Full,CampsitePermit,Less than 30ft,
Blomidon,ON ,2,Full,CampsitePermit,Less than 30ft,
Thomas Raddall,NS ,2,Full,CampsitePermit,Single Tent,
Dollar Lake,NS ,2,Full,CampsitePermit,Single Tent,
Rissers Beach,NS ,4,Full,CampsitePermit,Less than 30ft,
Dollar Lake,NS ,3,Veteran,CampsitePermit,Single Tent,
Graves Island,ON ,1,Senior,CampsitePermit,Single Tent,
Graves Island,NS ,4,Full,CampsitePermit,Tents,
Rissers Beach,NS ,2,Full,CampsitePermit,Less than 40ft,
Ellenwood Lake,NS ,4,Full,CampsitePermit,Single Tent,
Graves Island,NS ,1,Full,CampsitePermit,Less than 40ft,
Laurie,NS ,4,Full,CampsitePermit,Tents,
Caribou Munroes,QC ,2,Full,CampsitePermit,Single Tent,
Mira River,NS ,2,Full,CampsitePermit,Less than 40ft,
Caribou Munroes,QC ,6,Full,CampsitePermit,Less than 30ft,
Rissers Beach,NS ,4,Senior,CampsitePermit,Less than 20ft,
Cape Chignecto,NS ,2,Full,BackcountryPermit,Single Tent,
Graves Island,NS ,4,Full,CampsitePermit,Less than 20ft,
Blomidon,NS ,3,Full,CampsitePermit,Tents,
Dollar Lake,NS ,4,Full,CampsitePermit,Less than 20ft,
Graves Island,ON ,1,Senior,CampsitePermit,Single Tent,
Ellenwood Lake,NS ,3,Full,CampsitePermit,Less than 20ft,
Dollar Lake,NS ,2,Full,CampsitePermit,Single Tent,
Battery,ON ,3,Senior,CampsitePermit,Less than 30ft,
Amherst Shore,NS ,6,Full,CampsitePermit,Tents,
Thomas Raddall,ON ,2,Full,CampsitePermit,Single Tent,
Mira River,NS ,4,Full,CampsitePermit,Tents,
Thomas Raddall,NS ,4,Full,CampsitePermit,Less than 20ft,
Rissers Beach,NS ,2,Full,CampsitePermit,Less than 30ft,
Porters Lake,NS ,2,Full,CampsitePermit,Single Tent,
Graves Island,AB ,1,Full,CampsitePermit,Single Tent,
Caribou Munroes,NS ,3,Full,CampsitePermit,Less than 30ft,
Porters Lake,NS ,2,Full,CampsitePermit,Single Tent,
Mira River,BC ,2,Senior,CampsitePermit,Less than 40ft,
Porters Lake,NS ,2,Full,CampsitePermit,Less than 30ft,
Blomidon,NB ,2,Full,CampsitePermit,Single Tent,
Mira River,NS ,2,Full,CampsitePermit,Less than 30ft,
Amherst Shore,NS ,2,Full,CampsitePermit,Less than 30ft,
Graves Island,NS ,2,Full,CampsitePermit,Less than 40ft,
Boylston,NS ,2,Full,CampsitePermit,Single Tent,
The Islands,NS ,2,Full,CampsitePermit,Less than 20ft,
Blomidon,NS ,5,Full,CampsitePermit,Less than 30ft,
Dollar Lake,NS ,3,Full,CampsitePermit,Less than 30ft,
Mira River,NS ,4,Full,CampsitePermit,Less than 30ft,
Five Islands,NB ,2,Full,CampsitePermit,Single Tent,
Graves Island,NS ,4,Full,CampsitePermit,Single Tent,
Five Islands,NS ,2,Full,CampsitePermit,Single Tent,
Dollar Lake,NS ,4,Full,CampsitePermit,Tents,
Caribou Munroes,NS ,3,Full,CampsitePermit,Less than 30ft,
Caribou Munroes,NS ,6,Full,CampsitePermit,Less than 20ft,
Blomidon,NS ,5,Full,CampsitePermit,Less than 20ft,
Amherst Shore,AB ,2,Full,CampsitePermit,Less than 30ft,
Mira River,QC ,2,Senior,CampsitePermit,Less than 20ft,
Whycocomagh,QC ,2,Full,CampsitePermit,Less than 40ft,
Mira River,NS ,5,Full,CampsitePermit,Less than 30ft,
Amherst Shore,ON ,2,Senior,CampsitePermit,Less than 30ft,
Battery,ON ,2,Full,CampsitePermit,Less than 30ft,
Smileys,NS ,6,Full,CampsitePermit,Tents,
Rissers Beach,NS ,2,Full,CampsitePermit,Less than 40ft,
Rissers Beach,NS ,1,Full,CampsitePermit,Single Tent,
Valleyview,ON ,3,Full,CampsitePermit,Tents,
Battery,QC ,2,Full,CampsitePermit,Single Tent,
Rissers Beach,NS ,2,Full,CampsitePermit,Less than 20ft,
The Islands,NS ,4,Full,CampsitePermit,Less than 30ft,
Graves Island,ON ,4,Full,CampsitePermit,Less than 20ft,
Rissers Beach,NS ,1,Full,CampsitePermit,Less than 20ft,
Amherst Shore,PE ,5,Full,CampsitePermit,Less than 30ft,
Battery,BC ,2,Full,CampsitePermit,Single Tent,
Blomidon,QC ,1,Full,CampsitePermit,Single Tent,
Mira River,NS ,2,Senior,CampsitePermit,Less than 30ft,
Salsman,NS ,3,Full,CampsitePermit,Tents,
Dollar Lake,NS ,4,Full,CampsitePermit,Single Tent,
Ellenwood Lake,NS ,2,Full,CampsitePermit,Less than 30ft,
Caribou Munroes,NS ,3,Senior,CampsitePermit,Less than 20ft,
Graves Island,NB ,2,Full,CampsitePermit,Single Tent,
Graves Island,QC ,3,Full,CampsitePermit,Less than 20ft,
Graves Island,NS ,2,Senior,CampsitePermit,Less than 30ft,
Caribou Munroes,NS ,3,Senior,CampsitePermit,Single Tent,
Thomas Raddall,ON ,2,Full,CampsitePermit,Single Tent,
Rissers Beach,NS ,2,Full,CampsitePermit,Single Tent,
Laurie,NS ,4,Full,CampsitePermit,Tents,
Graves Island,NS ,2,Full,CampsitePermit,Less than 20ft,
Dollar Lake,NS ,3,Full,CampsitePermit,Single Tent,
Graves Island,NS ,2,Senior,CampsitePermit,Less than 30ft,
Thomas Raddall,NS ,2,Full,CampsitePermit,Single Tent,
Porters Lake,NS ,6,Full,CampsitePermit,Tents,
Caribou Munroes,SK ,6,Full,CampsitePermit,Less than 20ft,
Mira River,NS ,2,Full,CampsitePermit,Single Tent,
Graves Island,NS ,2,Full,CampsitePermit,Single Tent,
Mira River,NS ,2,Full,CampsitePermit,Single Tent,
Laurie,NS ,2,Full,CampsitePermit,Single Tent,
Graves Island,NS ,3,Full,CampsitePermit,Single Tent,
Five Islands,NB ,6,Full,CampsitePermit,Tents,
Battery,NS ,6,Full,CampsitePermit,Less than 20ft,
Graves Island,ON ,2,Full,CampsitePermit,Less than 30ft,
Thomas Raddall,QC ,2,Full,CampsitePermit,Single Tent,
Porters Lake,NS ,3,Full,CampsitePermit,Single Tent,
Caribou Munroes,NS ,5,Senior,CampsitePermit,Less than 30ft,
Mira River,QC ,4,Full,CampsitePermit,Less than 20ft,
Rissers Beach,NS ,6,Full,CampsitePermit,Less than 20ft,
Blomidon,NS ,2,Veteran,CampsitePermit,Single Tent,
Dollar Lake,NS ,3,Full,CampsitePermit,Tents,
Rissers Beach,NS ,4,Full,CampsitePermit,Less than 20ft,
Porters Lake,ON ,4,Full,CampsitePermit,Single Tent,
Rissers Beach,NS ,2,Full,CampsitePermit,Less than 20ft,
Dollar Lake,NS ,2,Full,CampsitePermit,Less than 20ft,
The Islands,NS ,2,Full,CampsitePermit,Single Tent,
The Islands,BC ,3,Full,CampsitePermit,Single Tent,
Thomas Raddall,NS ,4,Full,CampsitePermit,Tents,
Porters Lake,NS ,4,Full,CampsitePermit,Single Tent,
Caribou Munroes,QC ,2,Senior,CampsitePermit,Less than 30ft,
Rissers Beach,NS ,2,Full,CampsitePermit,Less than 30ft,
Mira River,QC ,4,Full,CampsitePermit,Less than 20ft,
Mira River,NS ,5,Full,CampsitePermit,Tents,
Ellenwood Lake,NS ,3,Full,CampsitePermit,Less than 20ft,
Rissers Beach,QC ,2,Full,CampsitePermit,Single Tent,
Ellenwood Lake,ON ,2,Full,CampsitePermit,Single Tent,
Mira River,NS ,2,Full,CampsitePermit,Less than 40ft,
Graves Island,NS ,2,Full,CampsitePermit,Less than 30ft,
Dollar Lake,NS ,2,Full,CampsitePermit,Single Tent,
Laurie,NS ,2,Full,CampsitePermit,Single Tent,
Amherst Shore,ON ,3,Full,CampsitePermit,Tents,
Valleyview,QC ,2,Full,CampsitePermit,Single Tent,
Amherst Shore,NB ,2,Full,CampsitePermit,Less than 30ft,
Thomas Raddall,NB ,4,Senior,CampsitePermit,Less than 20ft,
Thomas Raddall,NS ,4,Full,CampsitePermit,Single Tent,
Salsman,NS ,5,Full,CampsitePermit,Tents,
Five Islands,NS ,4,Full,CampsitePermit,Less than 20ft,
Caribou Munroes,NS ,4,Full,CampsitePermit,Tents,
Laurie,ON ,2,Full,CampsitePermit,Less than 20ft,
Caribou Munroes,NS ,2,Senior,CampsitePermit,Single Tent,
Thomas Raddall,NS ,4,Full,CampsitePermit,Single Tent,
Graves Island,NS ,2,Senior,CampsitePermit,Less than 30ft,
Laurie,NS ,2,Full,CampsitePermit,Single Tent,
Blomidon,NS ,3,Senior,CampsitePermit,Less than 30ft,
Graves Island,NS ,2,Full,CampsitePermit,Less than 20ft,
Cape Chignecto,NB ,4,Full,BackcountryPermit,Cabin,
Rissers Beach,NS ,5,Full,CampsitePermit,Less than 30ft,
Whycocomagh,QC ,1,Senior,CampsitePermit,Single Tent,
Caribou Munroes,ON ,2,Full,CampsitePermit,Less than 30ft,
Porters Lake,ON ,2,Veteran,CampsitePermit,Less than 20ft,
Mira River,QC ,2,Full,CampsitePermit,Single Tent,
Porters Lake,NS ,2,Full,CampsitePermit,Less than 40ft,
Five Islands,NS ,2,Full,CampsitePermit,Single Tent,
Blomidon,ON ,2,Full,CampsitePermit,Single Tent,
Rissers Beach,NS ,4,Full,CampsitePermit,Less than 20ft,
Graves Island,NS ,2,Senior,CampsitePermit,Less than 20ft,
Smileys,QC ,3,Full,CampsitePermit,Tents,
Blomidon,NS ,2,Full,CampsitePermit,Less than 20ft,
Rissers Beach,QC ,2,Full,CampsitePermit,Single Tent,
Ellenwood Lake,NS ,6,Full,CampsitePermit,Tents,
Laurie,NS ,5,Full,CampsitePermit,Tents,
Rissers Beach,NS ,2,Full,CampsitePermit,Less than 30ft,
Caribou Munroes,AB ,2,Full,CampsitePermit,Single Tent,
Mira River,ON ,2,Full,CampsitePermit,Single Tent,
Whycocomagh,ON ,3,Full,CampsitePermit,Tents,
Ellenwood Lake,BC ,2,Full,CampsitePermit,Single Tent,
Graves Island,NS ,2,Senior,CampsitePermit,Less than 40ft,
Porters Lake,NS ,5,Full,CampsitePermit,Tents,
Battery,NS ,2,Full,CampsitePermit,Less than 20ft,
Graves Island,NS ,5,Full,CampsitePermit,Less than 40ft,
Whycocomagh,ON ,1,Full,CampsitePermit,Single Tent,
Rissers Beach,NB ,4,Full,CampsitePermit,Less than 20ft,
Blomidon,NS ,3,Full,CampsitePermit,Single Tent,
Laurie,NS ,2,Full,CampsitePermit,Less than 40ft,
Five Islands,ON ,2,Senior,CampsitePermit,Less than 40ft,
Rissers Beach,NS ,2,Senior,CampsitePermit,Single Tent,
Mira River,NS ,2,Full,CampsitePermit,Less than 30ft,
Graves Island,ON ,3,Full,CampsitePermit,Single Tent,
Mira River,QC ,3,Senior,CampsitePermit,Less than 20ft,
Smileys,NS ,3,Full,CampsitePermit,Single Tent,
Thomas Raddall,NS ,4,Full,CampsitePermit,Tents,
Graves Island,NS ,3,Full,CampsitePermit,Tents,
Smileys,NS ,4,Full,CampsitePermit,Less than 30ft,
Graves Island,NS ,3,Full,CampsitePermit,Less than 20ft,
Graves Island,NS ,1,Senior,CampsitePermit,Single Tent,
Rissers Beach,NS ,4,Full,CampsitePermit,Less than 40ft,
Dollar Lake,NS ,3,Full,CampsitePermit,Less than 20ft,
Ellenwood Lake,NS ,3,Full,CampsitePermit,Single Tent,
Graves Island,NS ,2,Senior,CampsitePermit,Less than 20ft,
Graves Island,NS ,6,Senior,CampsitePermit,Less than 30ft,
Battery,NS ,2,Full,CampsitePermit,Single Tent,
Blomidon,NS ,2,Full,CampsitePermit,Single Tent,
Rissers Beach,NS ,4,Full,CampsitePermit,Less than 20ft,
Five Islands,QC ,2,Full,CampsitePermit,Single Tent,
Valleyview,NS ,3,Full,CampsitePermit,Single Tent,
Dollar Lake,NS ,4,Full,CampsitePermit,Single Tent,
Whycocomagh,NL ,2,Full,CampsitePermit,Single Tent,
Porters Lake,ON ,2,Full,CampsitePermit,Less than 20ft,
Whycocomagh,NS ,2,Full,CampsitePermit,Single Tent,
Graves Island,ON ,2,Full,CampsitePermit,Single Tent,
Mira River,QC ,2,Senior,CampsitePermit,Single Tent,
Amherst Shore,ON ,4,Full,CampsitePermit,Less than 20ft,
Blomidon,ON ,4,Full,CampsitePermit,Tents,
Caribou Munroes,NS ,4,Full,CampsitePermit,Single Tent,
Rissers Beach,NS ,4,Full,CampsitePermit,Less than 40ft,
Mira River,NS ,6,Full,CampsitePermit,Less than 20ft,
Battery,NS ,2,Senior,CampsitePermit,Single Tent,
Porters Lake,NS ,2,Full,CampsitePermit,Single Tent,
Smileys,NS ,4,Full,CampsitePermit,Less than 30ft,
Five Islands,NS ,1,Full,CampsitePermit,Single Tent,
Caribou Munroes,NS ,5,Full,CampsitePermit,Less than 30ft,
Smileys,NS ,2,Full,CampsitePermit,Single Tent,
Graves Island,ON ,2,Senior,CampsitePermit,Less than 20ft,
Smileys,NS ,4,Full,CampsitePermit,Less than 30ft,
Valleyview,NS ,2,Full,CampsitePermit,Single Tent,
Battery,NS ,2,Senior,CampsitePermit,Single Tent,
Ellenwood Lake,NS ,2,Full,CampsitePermit,Less than 30ft,
Dollar Lake,NS ,4,Full,CampsitePermit,Less than 20ft,
Smileys,NS ,4,Full,CampsitePermit,Tents,
Graves Island,QC ,5,Full,CampsitePermit,Tents,
Rissers Beach,NS ,2,Full,CampsitePermit,Single Tent,
Rissers Beach,NS ,2,Full,CampsitePermit,Less than 20ft,
Salsman,NS ,6,Full,CampsitePermit,Less than 30ft,
Caribou Munroes,QC ,2,Full,CampsitePermit,Single Tent,
Dollar Lake,NS ,4,Full,CampsitePermit,Tents,
Caribou Munroes,NS ,4,Full,CampsitePermit,Single Tent,
Mira River,NS ,4,Full,CampsitePermit,Single Tent,
Caribou Munroes,NS ,2,Full,CampsitePermit,Less than 20ft,
Amherst Shore,NB ,5,Full,CampsitePermit,Less than 30ft,
Rissers Beach,NS ,4,Full,CampsitePermit,Less than 20ft,
Porters Lake,NS ,5,Full,CampsitePermit,Tents,
Rissers Beach,NS ,2,Full,CampsitePermit,Tents,
The Islands,NS ,4,Full,CampsitePermit,Tents,
Battery,ON ,2,Full,CampsitePermit,Less than 20ft,
Five Islands,QC ,2,Full,CampsitePermit,Single Tent,
Caribou Munroes,NS ,1,Senior,CampsitePermit,Single Tent,
Caribou Munroes,NS ,2,Full,CampsitePermit,Single Tent,
Dollar Lake,NS ,5,Full,CampsitePermit,Single Tent,
Battery,NS ,2,Full,CampsitePermit,Single Tent,
Caribou Munroes,NS ,4,Full,CampsitePermit,Less than 30ft,
Dollar Lake,NS ,2,Full,CampsitePermit,Single Tent,
Rissers Beach,NS ,2,Full,CampsitePermit,Single Tent,
Graves Island,NS ,4,Full,CampsitePermit,Less than 30ft,
Porters Lake,NS ,3,Full,CampsitePermit,Single Tent,
Rissers Beach,NS ,4,Full,CampsitePermit,Less than 20ft,
Thomas Raddall,NS ,2,Senior,CampsitePermit,Less than 40ft,
Caribou Munroes,NS ,2,Senior,CampsitePermit,Less than 30ft,
The Islands,QC ,3,Full,CampsitePermit,Less than 30ft,
Caribou Munroes,NS ,2,Full,CampsitePermit,Less than 30ft,
Five Islands,NS ,4,Full,CampsitePermit,Single Tent,
Amherst Shore,NS ,4,Full,CampsitePermit,Single Tent,
Laurie,QC ,6,Full,CampsitePermit,Tents,
Rissers Beach,NS ,4,Full,CampsitePermit,Less than 20ft,
Smileys,NS ,2,Full,CampsitePermit,Less than 20ft,
Caribou Munroes,NB ,2,Full,CampsitePermit,Single Tent,
Whycocomagh,NS ,3,Full,CampsitePermit,Single Tent,
Five Islands,NS ,1,Full,CampsitePermit,Single Tent,
Laurie,NS ,2,Senior,CampsitePermit,Tents,
Caribou Munroes,ON ,2,Senior,CampsitePermit,Single Tent,
The Islands,NS ,4,Senior,CampsitePermit,Less than 20ft,
Rissers Beach,NS ,2,Full,CampsitePermit,Less than 20ft,
The Islands,NS ,2,Full,CampsitePermit,Less than 30ft,
Caribou Munroes,NS ,1,Full,CampsitePermit,Less than 20ft,
Dollar Lake,NS ,5,Full,CampsitePermit,Tents,
Thomas Raddall,QC ,2,Full,CampsitePermit,Single Tent,
Cape Chignecto,NS ,2,Full,BackcountryPermit,Single Tent,
Ellenwood Lake,NS ,2,Full,CampsitePermit,Single Tent,
Ellenwood Lake,NS ,4,Full,CampsitePermit,Single Tent,
Battery,NS ,4,Full,CampsitePermit,Less than 20ft,
Five Islands,NS ,2,Senior,CampsitePermit,Single Tent,
Dollar Lake,NS ,3,Full,CampsitePermit,Tents,
Dollar Lake,NS ,3,Full,CampsitePermit,Single Tent,
Mira River,NS ,3,Full,CampsitePermit,Single Tent,
Caribou Munroes,QC ,2,Full,CampsitePermit,Single Tent,
Blomidon,NS ,1,Senior,CampsitePermit,Single Tent,
Battery,NS ,2,Full,CampsitePermit,Single Tent,
Porters Lake,QC ,1,Full,CampsitePermit,Single Tent,
Dollar Lake,NS ,2,Full,CampsitePermit,Single Tent,
Thomas Raddall,NS ,6,Full,CampsitePermit,Tents,
Smileys,NS ,5,Full,CampsitePermit,Tents,
Dollar Lake,NS ,4,Full,CampsitePermit,Single Tent,
Laurie,NS ,2,Full,CampsitePermit,Less than 30ft,
Caribou Munroes,NS ,2,Full,CampsitePermit,Single Tent,
Whycocomagh,ON ,6,Full,CampsitePermit,Less than 20ft,
Rissers Beach,NS ,2,Full,CampsitePermit,Less than 30ft,
Rissers Beach,NS ,5,Full,CampsitePermit,Tents,
The Islands,ON ,1,Full,CampsitePermit,Single Tent,
Smileys,NS ,2,Full,CampsitePermit,Single Tent,
Amherst Shore,QC ,1,Full,CampsitePermit,Single Tent,
Whycocomagh,NS ,2,Full,YurtPermit,Tents,
Mira River,NS ,5,Full,CampsitePermit,Less than 30ft,
Rissers Beach,NS ,2,Full,CampsitePermit,Single Tent,
Five Islands,NS ,3,Full,CampsitePermit,Single Tent,
Whycocomagh,ON ,3,Full,CampsitePermit,Less than 30ft,
Graves Island,NS ,4,Full,CampsitePermit,Greater than 40ft,
Blomidon,NS ,2,Full,CampsitePermit,Less than 20ft,
Porters Lake,NS ,2,Full,CampsitePermit,Less than 20ft,
Caribou Munroes,QC ,2,Senior,CampsitePermit,Less than 20ft,
Ellenwood Lake,NS ,2,Full,CampsitePermit,Less than 20ft,
Mira River,NS ,3,Full,CampsitePermit,Single Tent,
Mira River,NS ,4,Full,CampsitePermit,Less than 40ft,
Blomidon,NS ,4,Full,CampsitePermit,Single Tent,
Thomas Raddall,NB ,3,Full,CampsitePermit,Single Tent,
Blomidon,NS ,6,Full,CampsitePermit,Tents,
Laurie,NS ,6,Full,CampsitePermit,Single Tent,
Thomas Raddall,NS ,2,Full,CampsitePermit,Single Tent,
Rissers Beach,NS ,2,FULL,CampsitePermit,Less than 20ft,
Five Islands,NS ,1,Full,CampsitePermit,Single Tent,
Rissers Beach,NS ,4,Full,CampsitePermit,Single Tent,
Salsman,ON ,2,Full,CampsitePermit,Single Tent,
Mira River,NS ,4,Full,CampsitePermit,Single Tent,
Graves Island,NS ,2,Full,CampsitePermit,Single Tent,
Rissers Beach,NS ,6,Full,CampsitePermit,Tents,
Porters Lake,NS ,6,Full,CampsitePermit,Tents,
Rissers Beach,NS ,1,Full,CampsitePermit,Single Tent,
Ellenwood Lake,ON ,2,Full,CampsitePermit,Single Tent,
Mira River,NS ,3,Full,CampsitePermit,Less than 30ft,
Porters Lake,NS ,6,Senior,CampsitePermit,Single Tent,
Rissers Beach,NS ,2,Full,CampsitePermit,Single Tent,
Rissers Beach,NS ,2,Full,CampsitePermit,Less than 20ft,
Mira River,ON ,2,Full,CampsitePermit,Single Tent,
Caribou Munroes,ON ,2,Full,CampsitePermit,Less than 20ft,
Rissers Beach,NS ,2,Full,CampsitePermit,Less than 20ft,
Porters Lake,ON ,2,Senior,CampsitePermit,Less than 40ft,
Dollar Lake,NS ,2,Senior,CampsitePermit,Less than 20ft,
Porters Lake,ON ,2,Full,CampsitePermit,Less than 20ft,
Graves Island,NS ,2,Full,CampsitePermit,Less than 30ft,
Ellenwood Lake,NS ,2,Full,CampsitePermit,Single Tent,
Battery,NS ,2,Full,CampsitePermit,Single Tent,
Graves Island,NS ,3,Full,CampsitePermit,Less than 30ft,
Thomas Raddall,NS ,4,Full,CampsitePermit,Less than 20ft,
Amherst Shore,NS ,2,Full,CampsitePermit,Less than 30ft,
Blomidon,AB ,1,Full,CampsitePermit,Single Tent,
Smileys,NS ,3,Full,CampsitePermit,Single Tent,
Amherst Shore,NS ,2,Senior,CampsitePermit,Less than 40ft,
Cape Chignecto,PE ,2,Full,BackcountryPermit,Single Tent,
Blomidon,NS ,5,Full,CampsitePermit,Tents,
The Islands,NS ,2,Full,CampsitePermit,Less than 20ft,
Mira River,QC ,3,Full,CampsitePermit,Single Tent,
Rissers Beach,NS ,2,FULL,CampsitePermit,Less than 30ft,
Rissers Beach,ON ,2,Full,CampsitePermit,Less than 20ft,
Salsman,NS ,3,Full,CampsitePermit,Less than 30ft,
Mira River,BC ,2,Full,CampsitePermit,Single Tent,
Smileys,NS ,4,Full,CampsitePermit,Less than 20ft,
Salsman,NS ,2,Senior,CampsitePermit,Less than 30ft,
Rissers Beach,QC ,2,Senior,CampsitePermit,Less than 20ft,
Graves Island,NS ,2,Senior,CampsitePermit,Less than 30ft,
Mira River,QC ,2,Senior,CampsitePermit,Single Tent,
Graves Island,NS ,2,Senior,CampsitePermit,Less than 20ft,
Whycocomagh,NB ,2,Full,YurtPermit,Tents,
Cape Chignecto,NS ,2,Full,BackcountryPermit,Single Tent,
Rissers Beach,NS ,1,Full,CampsitePermit,Single Tent,
Blomidon,NS ,4,Full,CampsitePermit,Tents,
Blomidon,NS ,5,Full,CampsitePermit,Tents,
Rissers Beach,NS ,6,Full,CampsitePermit,Tents,
Blomidon,NS ,3,Full,CampsitePermit,Single Tent,
Blomidon,NS ,6,Full,CampsitePermit,Single Tent,
Dollar Lake,NS ,2,Full,CampsitePermit,Single Tent,
Dollar Lake,ON ,2,Senior,CampsitePermit,Single Tent,
Boylston,NS ,2,Full,CampsitePermit,Less than 20ft,
Porters Lake,QC ,2,Full,CampsitePermit,Less than 20ft,
Dollar Lake,NS ,1,Full,CampsitePermit,Less than 20ft,
Battery,ON ,2,Senior,CampsitePermit,Single Tent,
Graves Island,ON ,2,Senior,CampsitePermit,Single Tent,
Thomas Raddall,NS ,2,Senior,CampsitePermit,Single Tent,
The Islands,ON ,2,Full,CampsitePermit,Less than 20ft,
Blomidon,NS ,6,Full,CampsitePermit,Tents,
Ellenwood Lake,NS ,4,Full,CampsitePermit,Single Tent,
Rissers Beach,NS ,2,Full,CampsitePermit,Less than 30ft,
Rissers Beach,NS ,4,Full,CampsitePermit,Single Tent,
Rissers Beach,NU ,6,Full,CampsitePermit,Tents,
Rissers Beach,NS ,5,Full,CampsitePermit,Tents,
Porters Lake,NS ,2,Full,CampsitePermit,Single Tent,
Mira River,NS ,2,Full,CampsitePermit,Single Tent,
Five Islands,NS ,5,Full,CampsitePermit,Single Tent,
Cape Chignecto,NS ,4,Full,BackcountryPermit,Single Tent,
Mira River,NS ,4,Full,CampsitePermit,Less than 30ft,
Laurie,NS ,5,Full,CampsitePermit,Single Tent,
Thomas Raddall,QC ,2,Senior,CampsitePermit,Less than 20ft,
Caribou Munroes,NS ,3,Full,CampsitePermit,Single Tent,
Whycocomagh,QC ,3,Full,CampsitePermit,Less than 20ft,
Dollar Lake,NS ,4,Full,CampsitePermit,Single Tent,
Blomidon,NS ,6,Full,CampsitePermit,Single Tent,
Rissers Beach,NS ,4,Full,CampsitePermit,Tents,
Porters Lake,NS ,4,Full,CampsitePermit,Tents,
Mira River,NB ,6,Full,CampsitePermit,Less than 20ft,
Ellenwood Lake,NS ,4,Full,CampsitePermit,Less than 20ft,
The Islands,NS ,2,Full,CampsitePermit,Less than 20ft,
Caribou Munroes,NS ,2,Full,CampsitePermit,Single Tent,
Thomas Raddall,QC ,2,Senior,CampsitePermit,Single Tent,
Rissers Beach,NS ,1,Full,CampsitePermit,Less than 20ft,
Rissers Beach,NS ,4,Full,CampsitePermit,Less than 30ft,
Thomas Raddall,NS ,2,Full,CampsitePermit,Single Tent,
Laurie,NS ,3,Full,CampsitePermit,Tents,
Ellenwood Lake,NS ,3,Full,CampsitePermit,Less than 30ft,
Rissers Beach,NS ,3,Full,CampsitePermit,Less than 20ft,
Rissers Beach,NS ,1,Full,CampsitePermit,Single Tent,
Mira River,BC ,2,Senior,CampsitePermit,Single Tent,
Caribou Munroes,NS ,4,Full,CampsitePermit,Single Tent,
Five Islands,NS ,4,Senior,CampsitePermit,Less than 20ft,
Caribou Munroes,NS ,2,Senior,CampsitePermit,Less than 30ft,
Porters Lake,NS ,2,Full,CampsitePermit,Single Tent,
Dollar Lake,NS ,2,Full,CampsitePermit,Tents,
Dollar Lake,NS ,2,Full,CampsitePermit,Single Tent,
Caribou Munroes,NS ,5,Full,CampsitePermit,Less than 20ft,
Rissers Beach,NS ,2,Senior,CampsitePermit,Less than 30ft,
Mira River,NS ,3,Full,CampsitePermit,Less than 30ft,
Mira River,AB ,2,Senior,CampsitePermit,Single Tent,
Mira River,NS ,2,Full,CampsitePermit,Single Tent,
Ellenwood Lake,NS ,2,Full,CampsitePermit,Less than 30ft,
Blomidon,NS ,2,Full,CampsitePermit,Single Tent,
Graves Island,NS ,4,Full,CampsitePermit,Single Tent,
Porters Lake,QC ,2,Full,CampsitePermit,Single Tent,
Mira River,NS ,2,Full,CampsitePermit,Less than 30ft,
Porters Lake,NS ,2,Full,CampsitePermit,Less than 20ft,
Amherst Shore,ON ,2,Full,CampsitePermit,Less than 30ft,
Blomidon,BC ,1,Full,CampsitePermit,Single Tent,
Rissers Beach,NS ,2,Full,CampsitePermit,Less than 30ft,
Caribou Munroes,NS ,2,Full,CampsitePermit,Less than 20ft,
Smileys,NS ,2,Full,CampsitePermit,Less than 30ft,
Five Islands,NS ,2,Senior,CampsitePermit,Single Tent,
Blomidon,NS ,1,Full,CampsitePermit,Single Tent,
Blomidon,ON ,2,Full,CampsitePermit,Single Tent,
Caribou Munroes,NS ,3,Full,CampsitePermit,Single Tent,
Blomidon,NS ,4,Full,CampsitePermit,Single Tent,
Mira River,NS ,4,Full,CampsitePermit,Less than 40ft,
Laurie,NS ,3,Full,CampsitePermit,Less than 20ft,
Porters Lake,NS ,4,Full,CampsitePermit,Tents,
The Islands,NS ,5,Full,CampsitePermit,Less than 20ft,
Dollar Lake,NS ,4,Full,CampsitePermit,Single Tent,
Smileys,NS ,6,Full,CampsitePermit,Tents,
Graves Island,QC ,1,Full,CampsitePermit,Single Tent,
Rissers Beach,QC ,2,Full,CampsitePermit,Less than 20ft,
Mira River,ON ,5,Full,CampsitePermit,Less than 20ft,
The Islands,QC ,2,Full,CampsitePermit,Less than 20ft,
Rissers Beach,NS ,4,Full,CampsitePermit,Single Tent,
The Islands,NS ,2,Full,CampsitePermit,Single Tent,
Amherst Shore,NB ,3,Full,CampsitePermit,Tents,
Mira River,NS ,4,Full,CampsitePermit,Single Tent,
Graves Island,BC ,2,Full,CampsitePermit,Less than 30ft,
Five Islands,NS ,2,Senior,CampsitePermit,Less than 20ft,
Caribou Munroes,QC ,1,Full,CampsitePermit,Single Tent,
Porters Lake,ON ,2,Senior,CampsitePermit,Less than 20ft,
Graves Island,NS ,2,Full,CampsitePermit,Less than 30ft,
Laurie,NS ,4,Full,CampsitePermit,Single Tent,
Whycocomagh,QC ,2,Full,CampsitePermit,Single Tent,
Caribou Munroes,NS ,2,Full,CampsitePermit,Single Tent,
Mira River,QC ,4,Full,CampsitePermit,Single Tent,
Mira River,QC ,4,Full,CampsitePermit,Tents,
Blomidon,BC ,3,Full,CampsitePermit,Single Tent,
Rissers Beach,NS ,2,Full,CampsitePermit,Less than 20ft,
Caribou Munroes,NS ,5,Full,CampsitePermit,Less than 30ft,
Dollar Lake,NS ,2,Full,CampsitePermit,Single Tent,
Blomidon,NS ,2,Veteran,CampsitePermit,Single Tent,
Thomas Raddall,NS ,2,Full,CampsitePermit,Single Tent,
Dollar Lake,NS ,3,Full,CampsitePermit,Single Tent,
Dollar Lake,NS ,2,Full,CampsitePermit,Single Tent,
Amherst Shore,AB ,2,Senior,CampsitePermit,Single Tent,
Thomas Raddall,NS ,2,Full,CampsitePermit,Single Tent,
Smileys,NS ,1,Full,CampsitePermit,Less than 30ft,
Porters Lake,BC ,2,Full,CampsitePermit,Less than 20ft,
Graves Island,NS ,4,Full,CampsitePermit,Less than 30ft,
Blomidon,NS ,5,Full,CampsitePermit,Tents,
Thomas Raddall,NS ,2,Full,CampsitePermit,Single Tent,
Battery,QC ,2,Full,CampsitePermit,Less than 20ft,
Smileys,NS ,5,Full,CampsitePermit,Less than 30ft,
Five Islands,NS ,5,Full,CampsitePermit,Single Tent,
Mira River,NS ,2,Full,CampsitePermit,Single Tent,
Rissers Beach,NS ,5,Full,CampsitePermit,Less than 20ft,
Whycocomagh,NS ,5,Full,CampsitePermit,Single Tent,
Dollar Lake,QC ,4,Full,CampsitePermit,Single Tent,
Mira River,NS ,4,Full,CampsitePermit,Single Tent,
Laurie,NS ,3,Full,CampsitePermit,Less than 20ft,
Caribou Munroes,NS ,2,Senior,CampsitePermit,Single Tent,
Mira River,QC ,2,Full,CampsitePermit,Less than 40ft,
Rissers Beach,NS ,3,Full,CampsitePermit,Less than 20ft,
Mira River,NS ,4,Full,CampsitePermit,Single Tent,
Rissers Beach,NS ,2,Full,CampsitePermit,Less than 20ft,
Ellenwood Lake,NS ,2,Senior,CampsitePermit,Less than 30ft,
Laurie,NS ,3,Full,CampsitePermit,Single Tent,
Cape Chignecto,NB ,5,Full,BackcountryPermit,Single Tent,
Smileys,NS ,2,Full,CampsitePermit,Less than 20ft,
Porters Lake,NS ,2,Full,CampsitePermit,Single Tent,
Cape Chignecto,NS ,2,Full,BackcountryPermit,Cabin,
Thomas Raddall,NS ,2,Full,CampsitePermit,Single Tent,
Blomidon,NS ,3,Full,CampsitePermit,Tents,
Thomas Raddall,NS ,2,Full,CampsitePermit,Less than 40ft,
Caribou Munroes,QC ,5,Full,CampsitePermit,Single Tent,
Five Islands,NS ,3,Full,CampsitePermit,Tents,
The Islands,NS ,6,Full,CampsitePermit,Less than 20ft,
Graves Island,PE ,1,Full,CampsitePermit,Single Tent,
Battery,ON ,3,Full,CampsitePermit,Less than 30ft,
Graves Island,NS ,4,Full,CampsitePermit,Tents,
Rissers Beach,NS ,2,Full,CampsitePermit,Less than 30ft,
Battery,BC ,2,Full,CampsitePermit,Single Tent,
Laurie,NS ,5,Full,CampsitePermit,Less than 30ft,
Porters Lake,QC ,2,Full,CampsitePermit,Single Tent,
Valleyview,NS ,2,Senior,CampsitePermit,Single Tent,
The Islands,NS ,2,Full,CampsitePermit,Tents,
Cape Chignecto,NS ,6,Full,BackcountryPermit,Tents,
Mira River,NS ,2,Full,CampsitePermit,Less than 40ft,
Rissers Beach,NS ,2,Senior,CampsitePermit,Less than 30ft,
Battery,QC ,2,Full,CampsitePermit,Single Tent,
Smileys,NS ,2,Full,CampsitePermit,Single Tent,
Thomas Raddall,NS ,6,Full,CampsitePermit,Tents,
The Islands,NS ,2,Full,CampsitePermit,Less than 20ft,
Salsman,ON ,2,Full,CampsitePermit,Single Tent,
Laurie,NS ,2,Full,CampsitePermit,Single Tent,
Laurie,NS ,6,Full,CampsitePermit,Tents,
Graves Island,NS ,1,Full,CampsitePermit,Single Tent,
Rissers Beach,AB ,1,Senior,CampsitePermit,Less than 20ft,
Dollar Lake,NS ,2,Full,CampsitePermit,Single Tent,
Mira River,NS ,2,Full,CampsitePermit,Single Tent,
Blomidon,NS ,2,Full,CampsitePermit,Less than 20ft,
Graves Island,NS ,5,Senior,CampsitePermit,Tents,
Blomidon,NS ,2,Full,CampsitePermit,Single Tent,
Salsman,NB ,3,Full,CampsitePermit,Less than 30ft,
Mira River,NS ,3,Full,CampsitePermit,Single Tent,
Caribou Munroes,NS ,2,Full,CampsitePermit,Less than 20ft,
Blomidon,ON ,2,Full,CampsitePermit,Single Tent,
Dollar Lake,ON ,2,Full,CampsitePermit,Single Tent,
Ellenwood Lake,NS ,2,Full,CampsitePermit,Single Tent,
Ellenwood Lake,NS ,6,Full,CampsitePermit,Tents,
Laurie,NS ,4,Full,CampsitePermit,Tents,
Graves Island,ON ,1,Senior,CampsitePermit,Single Tent,
Five Islands,NS ,2,Senior,CampsitePermit,Less than 20ft,
Mira River,NS ,6,Full,CampsitePermit,Less than 20ft,
Laurie,NS ,4,Full,CampsitePermit,Tents,
Mira River,NS ,4,Full,CampsitePermit,Less than 20ft,
Battery,NS ,1,Full,CampsitePermit,Less than 20ft,
Graves Island,NS ,4,Full,CampsitePermit,Tents,
The Islands,NS ,4,Full,CampsitePermit,Tents,
Valleyview,NS ,3,Full,CampsitePermit,Single Tent,
Ellenwood Lake,NS ,3,Full,CampsitePermit,Tents,
Caribou Munroes,NS ,4,Full,CampsitePermit,Single Tent,
Valleyview,QC ,2,Senior,CampsitePermit,Single Tent,
Graves Island,QC ,1,Full,CampsitePermit,Single Tent,
Graves Island,NS ,2,Full,CampsitePermit,Less than 30ft,
Caribou Munroes,NS ,4,Full,CampsitePermit,Single Tent,
Blomidon,NS ,2,Full,CampsitePermit,Single Tent,
Whycocomagh,ON ,2,Full,CampsitePermit,Single Tent,
Thomas Raddall,NS ,1,Full,CampsitePermit,Single Tent,
Caribou Munroes,NS ,4,Full,CampsitePermit,Less than 20ft,
Laurie,NS ,4,Full,CampsitePermit,Single Tent,
Laurie,PE ,2,Full,CampsitePermit,Single Tent,
Blomidon,NS ,2,Full,CampsitePermit,Less than 30ft,
Dollar Lake,NS ,3,Full,CampsitePermit,Single Tent,
Porters Lake,NS ,3,Full,CampsitePermit,Less than 20ft,
Caribou Munroes,AB ,1,Full,CampsitePermit,Less than 20ft,
Rissers Beach,NS ,2,Full,CampsitePermit,Less than 40ft,
Whycocomagh,QC ,2,Full,CampsitePermit,Less than 30ft,
Porters Lake,QC ,2,Full,CampsitePermit,Single Tent,
Porters Lake,NS ,4,Full,CampsitePermit,Less than 30ft,
Laurie,NS ,2,Full,CampsitePermit,Single Tent,
Graves Island,NS ,3,Full,CampsitePermit,Less than 40ft,
Caribou Munroes,NS ,4,Full,CampsitePermit,Less than 20ft,
Rissers Beach,NS ,4,Full,CampsitePermit,Less than 40ft,
Graves Island,NS ,3,Full,CampsitePermit,Less than 20ft,
Mira River,NS ,4,Full,CampsitePermit,Less than 30ft,
Mira River,QC ,2,Full,CampsitePermit,Single Tent,
Thomas Raddall,NS ,2,Full,CampsitePermit,Less than 30ft,
Porters Lake,QC ,4,Full,CampsitePermit,Single Tent,
Mira River,NS ,8,Full,CampsitePermit,Single Tent,
Cape Chignecto,NS ,4,Full,BackcountryPermit,Single Tent,
Mira River,NS ,6,Full,CampsitePermit,Less than 20ft,
Five Islands,NB ,2,Full,CampsitePermit,Single Tent,
Battery,NS ,6,Full,CampsitePermit,Single Tent,
Graves Island,NS ,2,Full,CampsitePermit,Less than 30ft,
Porters Lake,NS ,5,Full,CampsitePermit,Single Tent,
Boylston,NS ,4,Full,CampsitePermit,Single Tent,
Amherst Shore,NS ,3,Full,CampsitePermit,Less than 20ft,
Graves Island,ON ,1,Full,CampsitePermit,Single Tent,
Porters Lake,PE ,3,Full,CampsitePermit,Single Tent,
Caribou Munroes,NS ,4,Full,CampsitePermit,Single Tent,
Boylston,NS ,1,Full,CampsitePermit,Single Tent,
The Islands,NS ,4,Full,CampsitePermit,Less than 20ft,
Blomidon,NS ,2,Full,CampsitePermit,Single Tent,
Graves Island,BC ,1,Full,CampsitePermit,Single Tent,
The Islands,NS ,3,Full,CampsitePermit,Less than 20ft,
Amherst Shore,NS ,2,Host,CampsitePermit,Single Tent,
Cape Chignecto,NS ,2,Full,BackcountryPermit,Single Tent,
Ellenwood Lake,NS ,2,Full,CampsitePermit,Single Tent,
Battery,BC ,2,Senior,CampsitePermit,Single Tent,
Dollar Lake,NS ,5,Full,CampsitePermit,Tents,
Rissers Beach,AB ,6,Full,CampsitePermit,Single Tent,
Dollar Lake,NS ,2,Full,CampsitePermit,Single Tent,
Graves Island,NS ,1,Senior,CampsitePermit,Single Tent,
Battery,NS ,2,Full,CampsitePermit,Less than 20ft,
Battery,ON ,6,Full,CampsitePermit,Tents,
The Islands,NS ,2,Full,CampsitePermit,Less than 30ft,
Graves Island,NS ,2,Full,CampsitePermit,Less than 30ft,
Mira River,NS ,5,Full,CampsitePermit,Less than 30ft,
Laurie,NS ,4,Full,CampsitePermit,Single Tent,
Dollar Lake,NS ,3,Full,CampsitePermit,Tents,
Thomas Raddall,NS ,2,Full,CampsitePermit,Single Tent,
Five Islands,ON ,4,Full,CampsitePermit,Tents,
Blomidon,NS ,3,Full,CampsitePermit,Single Tent,
Whycocomagh,QC ,2,Full,CampsitePermit,Single Tent,
Whycocomagh,NS ,2,Full,CampsitePermit,Less than 20ft,
Graves Island,NS ,2,Full,CampsitePermit,Less than 30ft,
Dollar Lake,NS ,1,Full,CampsitePermit,Single Tent,
Five Islands,NS ,2,Full,CampsitePermit,Single Tent,
Dollar Lake,NS ,2,Full,CampsitePermit,Single Tent,
Valleyview,NS ,2,Full,CampsitePermit,Less than 40ft,
Rissers Beach,NS ,3,Full,CampsitePermit,Less than 30ft,
Mira River,NS ,2,Full,CampsitePermit,Single Tent,
Dollar Lake,NS ,5,Full,CampsitePermit,Single Tent,
Caribou Munroes,NS ,2,Senior,CampsitePermit,Less than 30ft,
Salsman,NS ,3,Full,CampsitePermit,Single Tent,
Battery,QC ,5,Full,CampsitePermit,Single Tent,
Mira River,NS ,3,Full,CampsitePermit,Less than 20ft,
Mira River,NB ,2,Senior,CampsitePermit,Less than 20ft,
Mira River,NS ,3,Full,CampsitePermit,Less than 20ft,
Rissers Beach,NS ,4,Full,CampsitePermit,Single Tent,
Laurie,NS ,2,Full,CampsitePermit,Single Tent,
Caribou Munroes,NB ,6,Full,CampsitePermit,Tents,
Dollar Lake,NS ,2,Full,CampsitePermit,Single Tent,
Cape Chignecto,NB ,6,Full,BackcountryPermit,Cabin,
Rissers Beach,NS ,4,Full,CampsitePermit,Tents,
Thomas Raddall,NS ,3,Full,CampsitePermit,Less than 40ft,
Five Islands,NS ,4,Full,CampsitePermit,Less than 20ft,
Amherst Shore,QC ,2,Full,CampsitePermit,Single Tent,
Caribou Munroes,NS ,3,Full,CampsitePermit,Less than 20ft,
Laurie,NS ,4,Full,CampsitePermit,Less than 30ft,
Dollar Lake,NS ,4,Full,CampsitePermit,Less than 30ft,
Thomas Raddall,NS ,4,Full,CampsitePermit,Less than 30ft,
Thomas Raddall,NS ,5,Full,CampsitePermit,Tents,
Graves Island,NS ,6,Full,CampsitePermit,Less than 20ft,
Blomidon,NS ,6,Full,CampsitePermit,Tents,
Mira River,NS ,2,Full,CampsitePermit,Single Tent,
Caribou Munroes,NS ,2,Senior,CampsitePermit,Less than 30ft,
Dollar Lake,NS ,4,Full,CampsitePermit,Single Tent,
Smileys,NS ,4,Full,CampsitePermit,Single Tent,
Amherst Shore,NS ,4,Full,CampsitePermit,Single Tent,
Blomidon,NS ,2,Full,CampsitePermit,Single Tent,
Caribou Munroes,AB ,5,Full,CampsitePermit,Less than 40ft,
Rissers Beach,NS ,4,Full,CampsitePermit,Single Tent,
The Islands,ON ,2,Full,CampsitePermit,Less than 30ft,
Graves Island,NS ,2,Full,CampsitePermit,Less than 30ft,
Blomidon,NS ,4,Full,CampsitePermit,Tents,
Mira River,NS ,2,Full,CampsitePermit,Less than 20ft,
Dollar Lake,NS ,4,Full,CampsitePermit,Less than 20ft,
Smileys,NS ,3,Full,CampsitePermit,Less than 40ft,
Thomas Raddall,NS ,2,Senior,CampsitePermit,Less than 30ft,
Dollar Lake,NS ,3,Full,CampsitePermit,Single Tent,
Mira River,NS ,2,Senior,CampsitePermit,Less than 30ft,
The Islands,NS ,4,Full,CampsitePermit,Single Tent,
Smileys,ON ,2,Full,CampsitePermit,Single Tent,
Graves Island,NS ,2,Full,CampsitePermit,Less than 30ft,
Caribou Munroes,QC ,2,Full,CampsitePermit,Single Tent,
Caribou Munroes,NS ,2,Senior,CampsitePermit,Less than 20ft,
Mira River,NS ,3,Full,CampsitePermit,Single Tent,
Graves Island,YT ,2,Full,CampsitePermit,Single Tent,
Mira River,NS ,2,Full,CampsitePermit,Single Tent,
Salsman,NS ,2,Full,CampsitePermit,Less than 30ft,
Five Islands,QC ,2,Full,CampsitePermit,Less than 20ft,
Battery,ON ,3,Full,CampsitePermit,Single Tent,
Graves Island,NS ,2,Full,CampsitePermit,Less than 40ft,
Smileys,NS ,4,Veteran,CampsitePermit,Less than 30ft,
Porters Lake,NS ,2,Full,CampsitePermit,Single Tent,
Dollar Lake,NS ,2,Full,CampsitePermit,Tents,
Five Islands,NS ,3,Veteran,CampsitePermit,Single Tent,
Mira River,NS ,2,Full,CampsitePermit,Single Tent,
Boylston,BC ,2,Full,CampsitePermit,Less than 30ft,
Dollar Lake,NS ,4,Full,CampsitePermit,Single Tent,
Caribou Munroes,BC ,2,Senior,CampsitePermit,Greater than 40ft,
Battery,NS ,2,Full,CampsitePermit,Single Tent,
Whycocomagh,ON ,2,Full,CampsitePermit,Single Tent,
Graves Island,NS ,1,Senior,CampsitePermit,Single Tent,
Ellenwood Lake,NS ,2,Senior,CampsitePermit,Less than 20ft,
Porters Lake,NS ,2,Senior,CampsitePermit,Less than 30ft,
Whycocomagh,NS ,1,Full,CampsitePermit,Single Tent,
Graves Island,NS ,4,Full,CampsitePermit,Less than 20ft,
Cape Chignecto,QC ,2,Full,BackcountryPermit,Single Tent,
Smileys,NS ,2,Senior,CampsitePermit,Single Tent,
Rissers Beach,NS ,6,Full,CampsitePermit,Tents,
Graves Island,QC ,2,Full,CampsitePermit,Less than 20ft,
Caribou Munroes,NS ,4,Full,CampsitePermit,Less than 20ft,
Smileys,AB ,4,Full,CampsitePermit,Less than 40ft,
Graves Island,NS ,2,Veteran,CampsitePermit,Less than 30ft,
Graves Island,NS ,2,Full,CampsitePermit,Single Tent,
Thomas Raddall,NS ,3,Full,CampsitePermit,Less than 40ft,
Mira River,NS ,4,Full,CampsitePermit,Single Tent,
Thomas Raddall,NS ,2,Senior,CampsitePermit,Less than 30ft,
Mira River,NS ,2,Full,CampsitePermit,Single Tent,
Graves Island,NS ,2,Full,CampsitePermit,Less than 20ft,
Rissers Beach,NS ,5,Full,CampsitePermit,Less than 30ft,
Mira River,NS ,3,Full,CampsitePermit,Less than 30ft,
Ellenwood Lake,ON ,2,Full,CampsitePermit,Less than 20ft,
Smileys,NS ,6,Veteran,CampsitePermit,Less than 40ft,
Thomas Raddall,ON ,2,Full,CampsitePermit,Single Tent,
Porters Lake,NS ,5,Full,CampsitePermit,Single Tent,
Porters Lake,NS ,2,Full,CampsitePermit,Less than 30ft,
Porters Lake,NS ,3,Full,CampsitePermit,Single Tent,
Blomidon,PE ,3,Senior,CampsitePermit,Single Tent,
Battery,NS ,1,Full,CampsitePermit,Single Tent,
Mira River,NS ,4,Senior,CampsitePermit,Less than 20ft,
Rissers Beach,NS ,2,Full,CampsitePermit,Single Tent,
Rissers Beach,NS ,1,Full,CampsitePermit,Less than 20ft,
Rissers Beach,NS ,6,Full,CampsitePermit,Tents,
Caribou Munroes,NS ,6,Full,CampsitePermit,Tents,
Caribou Munroes,NS ,4,Senior,CampsitePermit,Single Tent,
Caribou Munroes,NS ,2,Full,CampsitePermit,Less than 30ft,
Graves Island,NS ,2,Full,CampsitePermit,Less than 20ft,
Five Islands,ON ,2,Senior,CampsitePermit,Less than 30ft,
Thomas Raddall,NS ,3,Full,CampsitePermit,Tents,
Mira River,NS ,3,Full,CampsitePermit,Single Tent,
Rissers Beach,NS ,2,Senior,CampsitePermit,Less than 20ft,
Porters Lake,NS ,2,Full,CampsitePermit,Less than 30ft,
Amherst Shore,NS ,5,Full,CampsitePermit,Single Tent,
Graves Island,NS ,3,Full,CampsitePermit,Tents,
Smileys,PE ,4,Full,CampsitePermit,Single Tent,
Graves Island,ON ,2,Full,CampsitePermit,Single Tent,
Mira River,NS ,4,Full,CampsitePermit,Less than 30ft,
The Islands,NS ,2,Full,CampsitePermit,Single Tent,
Rissers Beach,NS ,2,Full,CampsitePermit,Less than 30ft,
Rissers Beach,NS ,6,Senior,CampsitePermit,Less than 40ft,
Boylston,NS ,2,Senior,CampsitePermit,Less than 20ft,
Ellenwood Lake,NS ,1,Full,CampsitePermit,Single Tent,
Cape Chignecto,QC ,4,Full,BackcountryPermit,Single Tent,
Valleyview,NS ,4,Full,CampsitePermit,Less than 30ft,
Amherst Shore,NB ,1,Senior,CampsitePermit,Less than 30ft,
Dollar Lake,NS ,5,Full,CampsitePermit,Single Tent,
Ellenwood Lake,NS ,6,Full,CampsitePermit,Single Tent,
Mira River,SK ,2,Full,CampsitePermit,Single Tent,
Amherst Shore,QC ,2,Full,CampsitePermit,Single Tent,
Thomas Raddall,NS ,2,Full,CampsitePermit,Less than 20ft,
Graves Island,NS ,1,Full,CampsitePermit,Single Tent,
Blomidon,BC ,2,Full,CampsitePermit,Less than 20ft,
Rissers Beach,NS ,6,Full,CampsitePermit,Less than 20ft,
Mira River,QC ,2,Senior,CampsitePermit,Less than 30ft,
Boylston,NS ,2,Full,CampsitePermit,Single Tent,
Rissers Beach,NS ,3,Full,CampsitePermit,Single Tent,
Whycocomagh,ON ,2,Senior,CampsitePermit,Less than 20ft,
Salsman,ON ,2,Senior,CampsitePermit,Less than 20ft,
Laurie,NS ,6,Full,CampsitePermit,Tents,
Battery,NS ,6,Full,CampsitePermit,Tents,
Thomas Raddall,NS ,2,Full,CampsitePermit,Single Tent,
Smileys,NS ,4,Full,CampsitePermit,Single Tent,
Caribou Munroes,BC ,2,Full,CampsitePermit,Single Tent,
Dollar Lake,NS ,4,Full,CampsitePermit,Tents,
Ellenwood Lake,NS ,6,Full,CampsitePermit,Single Tent,
Dollar Lake,NS ,4,Full,CampsitePermit,Tents,
Graves Island,NS ,2,Full,CampsitePermit,Single Tent,
Blomidon,NS ,2,Senior,CampsitePermit,Less than 30ft,
Porters Lake,NS ,2,Full,CampsitePermit,Single Tent,
Whycocomagh,ON ,2,Full,CampsitePermit,Single Tent,
Smileys,NS ,2,Full,CampsitePermit,Single Tent,
Rissers Beach,ON ,4,Full,CampsitePermit,Single Tent,
Smileys,NS ,3,Full,CampsitePermit,Less than 20ft,
Valleyview,NS ,2,Full,CampsitePermit,Less than 30ft,
Rissers Beach,NS ,2,Full,CampsitePermit,Single Tent,
Rissers Beach,NS ,2,Full,CampsitePermit,Less than 30ft,
Graves Island,NS ,3,Full,CampsitePermit,Tents,
Cape Chignecto,YT ,3,Full,BackcountryPermit,Single Tent,
Amherst Shore,ON ,2,Full,CampsitePermit,Single Tent,
Mira River,NS ,4,Full,CampsitePermit,Less than 20ft,
Mira River,NS ,4,Full,CampsitePermit,Less than 30ft,
Blomidon,NS ,1,Senior,CampsitePermit,Single Tent,
Graves Island,AB ,2,Full,CampsitePermit,Less than 20ft,
Dollar Lake,NS ,2,Full,CampsitePermit,Single Tent,
Mira River,QC ,1,Full,CampsitePermit,Single Tent,
Smileys,NS ,2,Full,CampsitePermit,Less than 20ft,
Smileys,NS ,4,Veteran,CampsitePermit,Less than 20ft,
Graves Island,NS ,2,Senior,CampsitePermit,Less than 40ft,
Five Islands,NS ,2,Full,CampsitePermit,Less than 20ft,
Blomidon,QC ,1,Full,CampsitePermit,Single Tent,
Caribou Munroes,NS ,2,Senior,CampsitePermit,Less than 30ft,
Caribou Munroes,BC ,2,Full,CampsitePermit,Less than 30ft,
Blomidon,NS ,5,Full,CampsitePermit,Single Tent,
Thomas Raddall,NS ,3,Full,CampsitePermit,Less than 20ft,
Mira River,QC ,4,Full,CampsitePermit,Single Tent,
Thomas Raddall,NS ,4,Full,CampsitePermit,Tents,
Caribou Munroes,ON ,1,Full,CampsitePermit,Single Tent,
Whycocomagh,ON ,2,Full,CampsitePermit,Single Tent,
Rissers Beach,NS ,2,Full,CampsitePermit,Single Tent,
Caribou Munroes,NS ,2,Full,CampsitePermit,Less than 20ft,
Blomidon,NS ,2,Full,CampsitePermit,Single Tent,
Mira River,NS ,4,Full,CampsitePermit,Single Tent,
Mira River,NS ,3,Full,CampsitePermit,Single Tent,
Smileys,NS ,3,Full,CampsitePermit,Less than 20ft,
Ellenwood Lake,NS ,6,Full,CampsitePermit,Single Tent,
Battery,AB ,2,Senior,CampsitePermit,Single Tent,
Rissers Beach,NS ,2,Full,CampsitePermit,Less than 30ft,
Graves Island,QC ,1,Full,CampsitePermit,Single Tent,
Laurie,ON ,5,Full,CampsitePermit,Less than 30ft,
Amherst Shore,NS ,3,Full,CampsitePermit,Less than 30ft,
Blomidon,NS ,1,Full,CampsitePermit,Single Tent,
Dollar Lake,NS ,4,Full,CampsitePermit,Single Tent,
Rissers Beach,NS ,2,Full,CampsitePermit,Tents,
Porters Lake,NS ,3,Full,CampsitePermit,Less than 30ft,
Cape Chignecto,NS ,2,Full,BackcountryPermit,Single Tent,
Caribou Munroes,NS ,2,Full,CampsitePermit,Less than 30ft,
Ellenwood Lake,NS ,2,Full,CampsitePermit,Less than 40ft,
Porters Lake,NS ,2,Full,CampsitePermit,Less than 40ft,
Thomas Raddall,NS ,1,Full,CampsitePermit,Single Tent,
Cape Chignecto,ON ,1,Full,BackcountryPermit,Single Tent,
Thomas Raddall,NS ,2,Full,CampsitePermit,Less than 30ft,
Laurie,NS ,4,Full,CampsitePermit,Less than 20ft,
Blomidon,NS ,2,Full,CampsitePermit,Single Tent,
Caribou Munroes,NB ,2,Full,CampsitePermit,Single Tent,
Ellenwood Lake,NS ,2,Full,CampsitePermit,Less than 20ft,
Caribou Munroes,NS ,4,Full,CampsitePermit,Less than 20ft,
Laurie,NS ,4,Full,CampsitePermit,Less than 30ft,
Laurie,AB ,3,Full,CampsitePermit,Single Tent,
Rissers Beach,NS ,2,Full,CampsitePermit,Single Tent,
Cape Chignecto,ON ,2,Full,BackcountryPermit,Single Tent,
Laurie,NS ,2,Full,CampsitePermit,Less than 40ft,
Dollar Lake,NS ,4,Full,CampsitePermit,Single Tent,
Laurie,BC ,5,Full,CampsitePermit,Tents,
Thomas Raddall,NS ,1,Full,CampsitePermit,Single Tent,
Caribou Munroes,NS ,3,Full,CampsitePermit,Single Tent,
Laurie,QC ,1,Full,CampsitePermit,Single Tent,
Graves Island,NS ,3,Full,CampsitePermit,Tents,
Whycocomagh,NS ,2,Full,CampsitePermit,Less than 30ft,
Caribou Munroes,NS ,5,Full,CampsitePermit,Single Tent,
Rissers Beach,NS ,5,Full,CampsitePermit,Less than 30ft,
Mira River,NS ,1,Full,CampsitePermit,Single Tent,
Dollar Lake,QC ,2,Full,CampsitePermit,Single Tent,
Caribou Munroes,NS ,2,Senior,CampsitePermit,Less than 30ft,
Mira River,QC ,2,Senior,CampsitePermit,Single Tent,
Battery,NB ,3,Full,CampsitePermit,Single Tent,
Blomidon,NS ,4,Senior,CampsitePermit,Single Tent,
Blomidon,NS ,2,Full,CampsitePermit,Single Tent,
Rissers Beach,NS ,2,Senior,CampsitePermit,Less than 30ft,
Graves Island,NS ,4,Full,CampsitePermit,Less than 40ft,
Caribou Munroes,NS ,4,Full,CampsitePermit,Single Tent,
Caribou Munroes,NS ,4,Full,CampsitePermit,Single Tent,
Blomidon,QC ,3,Full,CampsitePermit,Single Tent,
Whycocomagh,NS ,3,Full,YurtPermit,Tents,
Graves Island,NS ,6,Full,CampsitePermit,Less than 30ft,
Blomidon,ON ,1,Full,CampsitePermit,Single Tent,
Laurie,NS ,2,Full,CampsitePermit,Tents,
Thomas Raddall,NS ,2,Full,CampsitePermit,Single Tent,
Thomas Raddall,NS ,6,Full,CampsitePermit,Tents,
Blomidon,QC ,2,Full,CampsitePermit,Single Tent,
Porters Lake,QC ,1,Full,CampsitePermit,Single Tent,
Ellenwood Lake,NB ,2,Full,CampsitePermit,Less than 30ft,
Cape Chignecto,MB ,1,Full,BackcountryPermit,Single Tent,
Rissers Beach,NS ,4,Full,CampsitePermit,Less than 40ft,
Laurie,NS ,4,Full,CampsitePermit,Tents,
Blomidon,ON ,6,Full,CampsitePermit,Tents,
Amherst Shore,ON ,5,Full,CampsitePermit,Less than 30ft,
Mira River,NS ,2,Full,CampsitePermit,Single Tent,
Caribou Munroes,ON ,2,Full,CampsitePermit,Single Tent,
Mira River,NS ,3,Full,CampsitePermit,Less than 40ft,
Blomidon,NS ,2,Full,CampsitePermit,Single Tent,
Five Islands,QC ,2,Veteran,CampsitePermit,Single Tent,
Five Islands,NS ,2,Full,CampsitePermit,Single Tent,
Cape Chignecto,NS ,5,Full,BackcountryPermit,Single Tent,
Graves Island,NS ,2,Senior,CampsitePermit,Less than 20ft,
Rissers Beach,NS ,4,Full,CampsitePermit,Less than 40ft,
Salsman,NS ,2,Full,CampsitePermit,Less than 30ft,
Rissers Beach,AB ,1,Full,CampsitePermit,Single Tent,
Salsman,NS ,2,Full,CampsitePermit,Single Tent,
Battery,NS ,2,Senior,CampsitePermit,Less than 20ft,
Five Islands,QC ,2,Full,CampsitePermit,Less than 30ft,
Blomidon,NS ,6,Full,CampsitePermit,Tents,
Mira River,ON ,2,Veteran,CampsitePermit,Less than 30ft,
Mira River,NS ,5,Full,CampsitePermit,Less than 30ft,
Porters Lake,NB ,4,Full,CampsitePermit,Single Tent,
Rissers Beach,NS ,2,Senior,CampsitePermit,Less than 20ft,
Ellenwood Lake,NS ,4,Full,CampsitePermit,Single Tent,
Mira River,MB ,2,Full,CampsitePermit,Single Tent,
Amherst Shore,QC ,2,Full,CampsitePermit,Single Tent,
Rissers Beach,NS ,3,Full,CampsitePermit,Less than 30ft,
Amherst Shore,NS ,4,Full,CampsitePermit,Tents,
Laurie,QC ,2,Senior,CampsitePermit,Single Tent,
Blomidon,QC ,2,Senior,CampsitePermit,Less than 20ft,
Salsman,NS ,4,Full,CampsitePermit,Tents,
Dollar Lake,NS ,4,Full,CampsitePermit,Single Tent,
Laurie,NS ,2,Senior,CampsitePermit,Tents,
Graves Island,NS ,2,Full,CampsitePermit,Single Tent,
The Islands,NS ,2,Full,CampsitePermit,Less than 30ft,
Valleyview,AB ,2,Full,CampsitePermit,Single Tent,
Graves Island,NS ,2,Full,CampsitePermit,Less than 30ft,
Graves Island,QC ,2,Full,CampsitePermit,Single Tent,
Dollar Lake,NS ,2,Full,CampsitePermit,Single Tent,
Dollar Lake,NS ,4,Full,CampsitePermit,Less than 20ft,
Battery,NS ,2,Full,CampsitePermit,Single Tent,
Ellenwood Lake,QC ,2,Senior,CampsitePermit,Less than 30ft,
Blomidon,NS ,6,Full,CampsitePermit,Less than 20ft,
Laurie,NS ,2,Full,CampsitePermit,Single Tent,
Blomidon,NS ,4,Full,CampsitePermit,Less than 20ft,
Amherst Shore,NS ,2,Full,CampsitePermit,Less than 20ft,
Mira River,QC ,2,Full,CampsitePermit,Less than 30ft,
Mira River,ON ,1,Full,CampsitePermit,Single Tent,
Cape Chignecto,NS ,4,Full,BackcountryPermit,Single Tent,
Porters Lake,NS ,2,Full,CampsitePermit,Single Tent,
Caribou Munroes,NS ,1,Full,CampsitePermit,Less than 20ft,
Caribou Munroes,ON ,2,Full,CampsitePermit,Single Tent,
Mira River,NS ,2,Senior,CampsitePermit,Single Tent,
Whycocomagh,NL ,2,Senior,CampsitePermit,Less than 20ft,
Thomas Raddall,NS ,2,Senior,CampsitePermit,Less than 20ft,
Rissers Beach,NS ,2,Senior,CampsitePermit,Less than 20ft,
Blomidon,QC ,2,Full,CampsitePermit,Single Tent,
Blomidon,ON ,2,Full,CampsitePermit,Single Tent,
Rissers Beach,ON ,2,Senior,CampsitePermit,Single Tent,
Graves Island,NS ,2,Senior,CampsitePermit,Less than 40ft,
Graves Island,NS ,1,Full,CampsitePermit,Single Tent,
Rissers Beach,NS ,2,Senior,CampsitePermit,Single Tent,
Cape Chignecto,NS ,1,Full,BackcountryPermit,Single Tent,
Valleyview,NS ,2,Full,CampsitePermit,Less than 20ft,
Blomidon,NB ,2,Full,CampsitePermit,Single Tent,
Mira River,ON ,2,Full,CampsitePermit,Less than 20ft,
The Islands,NS ,4,Full,CampsitePermit,Less than 30ft,
Blomidon,NS ,1,Full,CampsitePermit,Single Tent,
The Islands,NS ,2,Full,CampsitePermit,Less than 20ft,
Thomas Raddall,NS ,1,Full,CampsitePermit,Single Tent,
Smileys,NS ,3,Full,CampsitePermit,Less than 20ft,
Graves Island,NS ,2,Full,CampsitePermit,Single Tent,
Mira River,NS ,5,Full,CampsitePermit,Less than 30ft,
Graves Island,NS ,4,Full,CampsitePermit,Less than 30ft,
Thomas Raddall,NS ,2,Full,CampsitePermit,Less than 20ft,
Thomas Raddall,NS ,2,Full,CampsitePermit,Single Tent,
Thomas Raddall,NS ,3,Full,CampsitePermit,Single Tent,
Graves Island,NS ,1,Senior,CampsitePermit,Single Tent,
Graves Island,NS ,2,Full,CampsitePermit,Less than 30ft,
Rissers Beach,NS ,3,Full,CampsitePermit,Single Tent,
Dollar Lake,NS ,3,Full,CampsitePermit,Less than 20ft,
Ellenwood Lake,NS ,2,Full,CampsitePermit,Less than 30ft,
Battery,ON ,2,Full,CampsitePermit,Single Tent,
Blomidon,NS ,2,Full,CampsitePermit,Tents,
Graves Island,NS ,2,Full,CampsitePermit,Less than 20ft,
Caribou Munroes,NS ,5,Full,CampsitePermit,Single Tent,
Dollar Lake,NS ,5,Full,CampsitePermit,Single Tent,
Caribou Munroes,NS ,2,Full,CampsitePermit,Single Tent,
Five Islands,NS ,2,Full,CampsitePermit,Single Tent,
Blomidon,SK ,1,Full,CampsitePermit,Single Tent,
Amherst Shore,QC ,3,Full,CampsitePermit,Less than 20ft,
Thomas Raddall,NS ,2,Senior,CampsitePermit,Single Tent,
Blomidon,QC ,2,Full,CampsitePermit,Single Tent,
Caribou Munroes,NS ,4,Full,CampsitePermit,Single Tent,
Battery,NS ,2,Full,CampsitePermit,Single Tent,
Smileys,QC ,2,Full,CampsitePermit,Single Tent,
Amherst Shore,NS ,4,Full,CampsitePermit,Less than 20ft,
Mira River,NS ,2,Full,CampsitePermit,Less than 20ft,
Mira River,AB ,6,Full,CampsitePermit,Less than 30ft,
Rissers Beach,AB ,3,Senior,CampsitePermit,Less than 40ft,
Smileys,NS ,1,Senior,CampsitePermit,Less than 30ft,
Rissers Beach,ON ,3,Full,CampsitePermit,Less than 40ft,
Graves Island,NS ,2,Full,CampsitePermit,Less than 20ft,
Porters Lake,BC ,2,Full,CampsitePermit,Single Tent,
Rissers Beach,NS ,2,Full,CampsitePermit,Less than 20ft,
Cape Chignecto,NS ,2,Full,BackcountryPermit,Single Tent,
Whycocomagh,NS ,3,Full,YurtPermit,Tents,
Laurie,MB ,5,Full,CampsitePermit,Less than 20ft,
Five Islands,BC ,2,Senior,CampsitePermit,Less than 20ft,
Caribou Munroes,NS ,4,Full,CampsitePermit,Less than 20ft,
Caribou Munroes,QC ,2,Senior,CampsitePermit,Single Tent,
Graves Island,BC ,2,Senior,CampsitePermit,Single Tent,
Rissers Beach,NS ,4,Full,CampsitePermit,Less than 20ft,
Mira River,NS ,4,Full,CampsitePermit,Less than 20ft,
Smileys,NS ,3,Full,CampsitePermit,Single Tent,
Rissers Beach,NS ,2,Full,CampsitePermit,Single Tent,
The Islands,NS ,1,Full,CampsitePermit,Single Tent,
Dollar Lake,NS ,3,Full,CampsitePermit,Single Tent,
Cape Chignecto,NS ,2,Full,BackcountryPermit,Single Tent,
Dollar Lake,NS ,3,Full,CampsitePermit,Less than 40ft,
Porters Lake,ON ,2,Full,CampsitePermit,Less than 30ft,
Thomas Raddall,NS ,2,Senior,CampsitePermit,Less than 40ft,
Smileys,NS ,3,Full,CampsitePermit,Less than 20ft,
Ellenwood Lake,NS ,3,Full,CampsitePermit,Tents,
Dollar Lake,NS ,2,Full,CampsitePermit,Single Tent,
Mira River,NS ,4,Full,CampsitePermit,Single Tent,
Five Islands,ON ,2,Full,CampsitePermit,Single Tent,
Cape Chignecto,ON ,3,Full,BackcountryPermit,Single Tent,
Caribou Munroes,QC ,1,Full,CampsitePermit,Single Tent,
Graves Island,NS ,4,Full,CampsitePermit,Less than 20ft,
Five Islands,NB ,2,Full,CampsitePermit,Single Tent,
Whycocomagh,NL ,2,Full,CampsitePermit,Single Tent,
Boylston,NS ,2,Senior,CampsitePermit,Less than 20ft,
Mira River,NS ,2,Senior,CampsitePermit,Less than 20ft,
Porters Lake,NS ,2,Full,CampsitePermit,Less than 20ft,
Laurie,NS ,1,Veteran,CampsitePermit,Single Tent,
Five Islands,NS ,3,Full,CampsitePermit,Single Tent,
Dollar Lake,NS ,3,Full,CampsitePermit,Single Tent,
Dollar Lake,NS ,3,Full,CampsitePermit,Single Tent,
Caribou Munroes,NS ,6,Full,CampsitePermit,Less than 20ft,
Smileys,NS ,4,Full,CampsitePermit,Less than 20ft,
Dollar Lake,NS ,2,Full,CampsitePermit,Single Tent,
Valleyview,NS ,4,Full,CampsitePermit,Single Tent,
Caribou Munroes,NS ,5,Full,CampsitePermit,Less than 30ft,
Rissers Beach,NS ,2,Full,CampsitePermit,Less than 30ft,
Graves Island,NS ,4,Full,CampsitePermit,Single Tent,
Mira River,NS ,2,Full,CampsitePermit,Single Tent,
Graves Island,QC ,2,Full,CampsitePermit,Single Tent,
Smileys,NS ,2,Full,CampsitePermit,Single Tent,
Smileys,NS ,2,Full,CampsitePermit,Less than 30ft,
Mira River,ON ,5,Full,CampsitePermit,Less than 30ft,
Blomidon,NS ,1,Full,CampsitePermit,Single Tent,
The Islands,BC ,2,Full,CampsitePermit,Less than 20ft,
Laurie,NS ,2,Full,CampsitePermit,Single Tent,
Graves Island,NS ,2,Full,CampsitePermit,Single Tent,
Valleyview,NS ,2,Veteran,CampsitePermit,Single Tent,
Blomidon,NS ,6,Full,CampsitePermit,Tents,
Ellenwood Lake,QC ,2,Full,CampsitePermit,Tents,
Amherst Shore,QC ,2,Full,CampsitePermit,Single Tent,
Whycocomagh,NS ,1,Full,CampsitePermit,Less than 20ft,
Rissers Beach,NS ,2,Full,CampsitePermit,Less than 30ft,
Porters Lake,NS ,2,Full,CampsitePermit,Less than 20ft,
Graves Island,NS ,2,Full,CampsitePermit,Less than 30ft,
The Islands,NB ,2,Full,CampsitePermit,Less than 20ft,
Thomas Raddall,NS ,5,Full,CampsitePermit,Less than 30ft,
Smileys,NS ,5,Full,CampsitePermit,Less than 20ft,
Caribou Munroes,NS ,3,Full,CampsitePermit,Less than 30ft,
Five Islands,NS ,2,Full,CampsitePermit,Single Tent,
Ellenwood Lake,NS ,3,Full,CampsitePermit,Less than 30ft,
Cape Chignecto,NS ,2,Full,BackcountryPermit,Single Tent,
Five Islands,NB ,2,Full,CampsitePermit,Single Tent,
Battery,QC ,4,Veteran,CampsitePermit,Less than 30ft,
Whycocomagh,NS ,4,Full,YurtPermit,Tents,
Mira River,NS ,4,Full,CampsitePermit,Less than 30ft,
Caribou Munroes,QC ,2,Full,CampsitePermit,Single Tent,
Dollar Lake,QC ,2,Full,CampsitePermit,Single Tent,
Laurie,NS ,6,Full,CampsitePermit,Tents,
Amherst Shore,NS ,3,Full,CampsitePermit,Less than 20ft,
Mira River,NS ,2,Full,CampsitePermit,Single Tent,
Caribou Munroes,BC ,2,Senior,CampsitePermit,Less than 30ft,
Valleyview,NS ,2,Full,CampsitePermit,Single Tent,
Cape Chignecto,NS ,3,Full,BackcountryPermit,Cabin,
Rissers Beach,NS ,5,Full,CampsitePermit,Less than 20ft,
Graves Island,QC ,2,Full,CampsitePermit,Single Tent,
Porters Lake,NS ,2,Full,CampsitePermit,Single Tent,
Thomas Raddall,NS ,1,Full,CampsitePermit,Single Tent,
Graves Island,PE ,2,Senior,CampsitePermit,Less than 30ft,
Graves Island,ON ,2,Full,CampsitePermit,Less than 30ft,
Blomidon,QC ,2,Full,CampsitePermit,Single Tent,
Caribou Munroes,NS ,4,Full,CampsitePermit,Single Tent,
Porters Lake,NS ,3,Full,CampsitePermit,Less than 20ft,
Dollar Lake,NS ,4,Full,CampsitePermit,Less than 20ft,
Thomas Raddall,NS ,2,Full,CampsitePermit,Less than 20ft,
Thomas Raddall,QC ,2,Full,CampsitePermit,Single Tent,
Rissers Beach,NS ,2,Full,CampsitePermit,Less than 20ft,
Caribou Munroes,QC ,3,Full,CampsitePermit,Single Tent,
Rissers Beach,NS ,4,Full,CampsitePermit,Less than 30ft,
Amherst Shore,ON ,5,Full,CampsitePermit,Less than 30ft,
Laurie,NS ,2,Full,CampsitePermit,Single Tent,
Mira River,NS ,4,Full,CampsitePermit,Less than 40ft,
Ellenwood Lake,NS ,2,Senior,CampsitePermit,Less than 20ft,
Mira River,QC ,2,Full,CampsitePermit,Single Tent,
Caribou Munroes,NS ,2,Full,CampsitePermit,Less than 30ft,
Battery,ON ,3,Full,CampsitePermit,Single Tent,
Porters Lake,NS ,2,Full,CampsitePermit,Less than 30ft,
Cape Chignecto,NS ,4,Full,BackcountryPermit,Single Tent,
Caribou Munroes,QC ,2,Full,CampsitePermit,Single Tent,
Porters Lake,NS ,3,Full,CampsitePermit,Less than 30ft,
Laurie,NS ,3,Full,CampsitePermit,Single Tent,
Rissers Beach,NS ,3,Full,CampsitePermit,Less than 20ft,
Blomidon,QC ,2,Full,CampsitePermit,Single Tent,
Rissers Beach,NS ,4,Full,CampsitePermit,Tents,
Laurie,NS ,4,Full,CampsitePermit,Single Tent,
Five Islands,NS ,5,Full,CampsitePermit,Less than 30ft,
Five Islands,NS ,3,Full,CampsitePermit,Less than 20ft,
Smileys,NS ,2,Full,CampsitePermit,Less than 30ft,
Thomas Raddall,NS ,4,Full,CampsitePermit,Single Tent,
Porters Lake,QC ,2,Full,CampsitePermit,Single Tent,
Laurie,NS ,2,Full,CampsitePermit,Single Tent,
Whycocomagh,ON ,2,Full,CampsitePermit,Single Tent,
Rissers Beach,NS ,5,Full,CampsitePermit,Less than 20ft,
Mira River,NS ,2,Full,CampsitePermit,Single Tent,
Thomas Raddall,NS ,3,Full,CampsitePermit,Less than 30ft,
Mira River,QC ,2,Full,CampsitePermit,Single Tent,
Salsman,NS ,2,Full,CampsitePermit,Single Tent,
Rissers Beach,NS ,6,Full,CampsitePermit,Tents,
Dollar Lake,NS ,2,Full,CampsitePermit,Single Tent,
Battery,NS ,6,Full,CampsitePermit,Less than 20ft,
Cape Chignecto,NS ,1,Full,BackcountryPermit,Single Tent,
Thomas Raddall,QC ,2,Full,CampsitePermit,Less than 20ft,
Porters Lake,QC ,6,Full,CampsitePermit,Tents,
Graves Island,NS ,2,Full,CampsitePermit,Tents,
Caribou Munroes,NS ,4,Full,CampsitePermit,Less than 20ft,
Graves Island,QC ,2,Full,CampsitePermit,Single Tent,
Graves Island,QC ,2,Full,CampsitePermit,Tents,
Ellenwood Lake,ON ,2,Full,CampsitePermit,Less than 30ft,
Graves Island,QC ,1,Full,CampsitePermit,Single Tent,
Mira River,QC ,4,Full,CampsitePermit,Less than 30ft,
Ellenwood Lake,NS ,2,Host,CampsitePermit,Single Tent,
Dollar Lake,PE ,5,Full,CampsitePermit,Single Tent,
Mira River,NS ,4,Full,CampsitePermit,Single Tent,
Boylston,NS ,1,Full,CampsitePermit,Single Tent,
Porters Lake,QC ,2,Full,CampsitePermit,Single Tent,
Amherst Shore,ON ,3,Full,CampsitePermit,Less than 30ft,
Dollar Lake,NS ,3,Full,CampsitePermit,Less than 20ft,
Mira River,NS ,5,Full,CampsitePermit,Less than 30ft,
Mira River,NS ,2,Senior,CampsitePermit,Less than 20ft,
Battery,QC ,5,Full,CampsitePermit,Less than 20ft,
Graves Island,NS ,4,Full,CampsitePermit,Less than 30ft,
Rissers Beach,NS ,1,Full,CampsitePermit,Less than 30ft,
Rissers Beach,NS ,6,Full,CampsitePermit,Less than 40ft,
Mira River,NL ,3,Full,CampsitePermit,Less than 20ft,
Porters Lake,NS ,2,Full,CampsitePermit,Less than 20ft,
Five Islands,NS ,5,Full,CampsitePermit,Tents,
Amherst Shore,NS ,6,Full,CampsitePermit,Less than 20ft,
Mira River,NS ,3,Full,CampsitePermit,Single Tent,
Blomidon,NS ,2,Full,CampsitePermit,Single Tent,
Rissers Beach,NS ,4,Full,CampsitePermit,Less than 30ft,
Caribou Munroes,NS ,2,Full,CampsitePermit,Less than 40ft,
Mira River,NS ,3,Full,CampsitePermit,Less than 30ft,
Graves Island,NS ,4,Full,CampsitePermit,Less than 30ft,
Graves Island,NS ,2,Full,CampsitePermit,Less than 30ft,
Mira River,NS ,2,Full,CampsitePermit,Less than 30ft,
Mira River,NS ,4,Full,CampsitePermit,Single Tent,
The Islands,MB ,2,Full,CampsitePermit,Tents,
Whycocomagh,NS ,4,Full,CampsitePermit,Single Tent,
Porters Lake,NS ,2,Full,CampsitePermit,Less than 20ft,
Porters Lake,QC ,2,Full,CampsitePermit,Less than 30ft,
The Islands,NS ,2,Full,CampsitePermit,Less than 20ft,
Mira River,QC ,2,Full,CampsitePermit,Single Tent,
Mira River,NS ,7,Full,CampsitePermit,Single Tent,
Mira River,NS ,2,Full,CampsitePermit,Less than 30ft,
Graves Island,NS ,2,Full,CampsitePermit,Single Tent,
Caribou Munroes,NS ,4,Full,CampsitePermit,Less than 20ft,
Amherst Shore,NB ,4,Full,CampsitePermit,Less than 20ft,
Dollar Lake,NS ,2,Full,CampsitePermit,Single Tent,
Thomas Raddall,NS ,2,Full,CampsitePermit,Single Tent,
Dollar Lake,NS ,2,Full,CampsitePermit,Single Tent,
Whycocomagh,NS ,2,Senior,CampsitePermit,Single Tent,
Dollar Lake,NS ,4,Full,CampsitePermit,Single Tent,
Rissers Beach,NS ,5,Full,CampsitePermit,Less than 20ft,
Graves Island,ON ,2,Full,CampsitePermit,Single Tent,
Rissers Beach,NS ,6,Full,CampsitePermit,Tents,
Battery,BC ,5,Full,CampsitePermit,Tents,
Smileys,NS ,4,Full,CampsitePermit,Single Tent,
Smileys,NS ,4,Full,CampsitePermit,Less than 20ft,
Caribou Munroes,NS ,4,Full,CampsitePermit,Less than 30ft,
Rissers Beach,NS ,4,Full,CampsitePermit,Single Tent,
Graves Island,NS ,2,Full,CampsitePermit,Less than 30ft,
Thomas Raddall,NS ,4,Full,CampsitePermit,Less than 30ft,
Dollar Lake,NS ,1,Full,CampsitePermit,Single Tent,
Porters Lake,QC ,6,Full,CampsitePermit,Tents,
Mira River,NS ,5,Full,CampsitePermit,Less than 30ft,
The Islands,NS ,4,Full,CampsitePermit,Single Tent,
Mira River,QC ,2,Full,CampsitePermit,Less than 30ft,
Thomas Raddall,NS ,2,Full,CampsitePermit,Single Tent,
Thomas Raddall,QC ,2,Senior,CampsitePermit,Less than 20ft,
Laurie,NS ,3,Full,CampsitePermit,Single Tent,
Porters Lake,NS ,4,Full,CampsitePermit,Tents,
Graves Island,NS ,2,Host,CampsitePermit,Single Tent,
Rissers Beach,NS ,3,Veteran,CampsitePermit,Single Tent,
Porters Lake,NS ,2,Full,CampsitePermit,Less than 30ft,
Mira River,NS ,2,Full,CampsitePermit,Less than 30ft,
Porters Lake,NS ,2,Full,CampsitePermit,Less than 20ft,
Graves Island,ON ,1,Full,CampsitePermit,Single Tent,
Amherst Shore,PE ,2,Senior,CampsitePermit,Less than 40ft,
Laurie,NS ,2,Full,CampsitePermit,Single Tent,
Dollar Lake,NS ,4,Full,CampsitePermit,Single Tent,
Amherst Shore,NL ,1,Senior,CampsitePermit,Single Tent,
Amherst Shore,NS ,6,Full,CampsitePermit,Single Tent,
Amherst Shore,NS ,4,Full,CampsitePermit,Single Tent,
Caribou Munroes,QC ,2,Full,CampsitePermit,Single Tent,
Caribou Munroes,NS ,2,Full,CampsitePermit,Single Tent,
Rissers Beach,NS ,4,Full,CampsitePermit,Tents,
Thomas Raddall,QC ,2,Full,CampsitePermit,Single Tent,
Graves Island,NS ,2,Full,CampsitePermit,Less than 30ft,
Porters Lake,NS ,2,Full,CampsitePermit,Single Tent,
Blomidon,NS ,4,Full,CampsitePermit,Tents,
Laurie,MB ,1,Full,CampsitePermit,Single Tent,
Porters Lake,NS ,2,Veteran,CampsitePermit,Less than 30ft,
Dollar Lake,NS ,2,Full,CampsitePermit,Single Tent,
Graves Island,NS ,2,FULL,CampsitePermit,Less than 20ft,
Thomas Raddall,NS ,1,Full,CampsitePermit,Single Tent,
Smileys,NS ,3,Full,CampsitePermit,Less than 30ft,
Rissers Beach,NS ,2,Full,CampsitePermit,Single Tent,
Blomidon,NS ,4,Full,CampsitePermit,Tents,
Ellenwood Lake,NS ,2,Full,CampsitePermit,Single Tent,
Graves Island,NS ,4,Full,CampsitePermit,Less than 30ft,
Amherst Shore,QC ,2,Full,CampsitePermit,Single Tent,
Ellenwood Lake,NS ,5,Full,CampsitePermit,Single Tent,
Amherst Shore,QC ,2,Senior,CampsitePermit,Less than 20ft,
Ellenwood Lake,NS ,2,Full,CampsitePermit,Single Tent,
Rissers Beach,NS ,4,Full,CampsitePermit,Less than 20ft,
Blomidon,NS ,2,Full,CampsitePermit,Single Tent,
Laurie,BC ,3,Full,CampsitePermit,Single Tent,
Whycocomagh,QC ,1,Full,CampsitePermit,Single Tent,
Graves Island,ON ,2,Full,CampsitePermit,Single Tent,
Blomidon,NS ,1,Full,CampsitePermit,Single Tent,
Five Islands,QC ,2,Full,CampsitePermit,Single Tent,
Laurie,QC ,2,Full,CampsitePermit,Less than 20ft,
Caribou Munroes,NS ,2,Full,CampsitePermit,Single Tent,
Caribou Munroes,MB ,1,Senior,CampsitePermit,Less than 20ft,
Dollar Lake,NS ,5,Full,CampsitePermit,Single Tent,
Blomidon,QC ,3,Full,CampsitePermit,Single Tent,
Caribou Munroes,NS ,2,Full,CampsitePermit,Single Tent,
Thomas Raddall,NS ,2,Full,CampsitePermit,Less than 40ft,
Laurie,NS ,5,Full,CampsitePermit,Single Tent,
Blomidon,QC ,4,Full,CampsitePermit,Single Tent,
Battery,QC ,2,Senior,CampsitePermit,Single Tent,
Caribou Munroes,NS ,4,Full,CampsitePermit,Less than 30ft,
Ellenwood Lake,NS ,2,Senior,CampsitePermit,Less than 20ft,
Five Islands,QC ,4,Veteran,CampsitePermit,Single Tent,
Valleyview,NS ,1,Full,CampsitePermit,Less than 20ft,
Thomas Raddall,NS ,2,Full,CampsitePermit,Single Tent,
Dollar Lake,NS ,2,Full,CampsitePermit,Single Tent,
Graves Island,NS ,2,Senior,CampsitePermit,Less than 40ft,
Salsman,NS ,5,Full,CampsitePermit,Less than 20ft,
Blomidon,ON ,2,Full,CampsitePermit,Single Tent,
Blomidon,NS ,3,Full,CampsitePermit,Less than 30ft,
Mira River,QC ,4,Full,CampsitePermit,Less than 20ft,
Mira River,NS ,2,Full,CampsitePermit,Single Tent,
Mira River,ON ,4,Full,CampsitePermit,Less than 40ft,
Thomas Raddall,NS ,2,Full,CampsitePermit,Single Tent,
Thomas Raddall,NS ,3,Full,CampsitePermit,Less than 30ft,
Dollar Lake,NS ,2,Full,CampsitePermit,Less than 20ft,
Valleyview,NS ,2,Full,CampsitePermit,Single Tent,
Thomas Raddall,NS ,7,Full,CampsitePermit,Less than 30ft,
Thomas Raddall,NS ,2,Full,CampsitePermit,Single Tent,
Blomidon,NS ,2,Full,CampsitePermit,Single Tent,
Battery,QC ,2,Full,CampsitePermit,Single Tent,
Porters Lake,NS ,2,Full,CampsitePermit,Single Tent,
Porters Lake,NS ,3,Full,CampsitePermit,Tents,
Dollar Lake,NS ,4,Full,CampsitePermit,Single Tent,
Blomidon,NS ,1,Full,CampsitePermit,Single Tent,
Dollar Lake,NS ,3,Full,CampsitePermit,Less than 30ft,
Graves Island,NS ,4,Full,CampsitePermit,Less than 20ft,
Porters Lake,NS ,2,Full,CampsitePermit,Less than 40ft,
Rissers Beach,NS ,3,Full,CampsitePermit,Tents,
Salsman,NS ,4,Full,CampsitePermit,Less than 20ft,
Rissers Beach,NS ,4,Full,CampsitePermit,Less than 30ft,
Rissers Beach,NS ,2,Full,CampsitePermit,Less than 20ft,
The Islands,QC ,2,Senior,CampsitePermit,Less than 20ft,
Five Islands,NB ,2,Full,CampsitePermit,Single Tent,
Porters Lake,NS ,2,Full,CampsitePermit,Single Tent,
Caribou Munroes,NS ,2,Full,CampsitePermit,Single Tent,
Rissers Beach,NS ,6,Full,CampsitePermit,Tents,
Blomidon,NS ,6,Full,CampsitePermit,Tents,
Mira River,NS ,4,Full,CampsitePermit,Less than 30ft,
Battery,NS ,5,Full,CampsitePermit,Less than 20ft,
Caribou Munroes,NS ,3,Full,CampsitePermit,Less than 40ft,
Caribou Munroes,NS ,4,Full,CampsitePermit,Single Tent,
Five Islands,ON ,2,Full,CampsitePermit,Single Tent,
Blomidon,QC ,2,Full,CampsitePermit,Single Tent,
Thomas Raddall,NS ,4,Full,CampsitePermit,Single Tent,
Battery,NS ,4,Full,CampsitePermit,Less than 40ft,
Five Islands,NS ,2,Senior,CampsitePermit,Less than 40ft,
Graves Island,NS ,2,Full,CampsitePermit,Less than 40ft,
Laurie,AB ,2,Full,CampsitePermit,Less than 30ft,
Battery,NS ,6,Full,CampsitePermit,Tents,
Caribou Munroes,NS ,2,Senior,CampsitePermit,Less than 20ft,
Dollar Lake,NS ,4,Full,CampsitePermit,Single Tent,
Porters Lake,NS ,3,Full,CampsitePermit,Single Tent,
Whycocomagh,NS ,4,Full,CampsitePermit,Less than 30ft,
Graves Island,NS ,2,Full,CampsitePermit,Single Tent,
Five Islands,NS ,1,Full,CampsitePermit,Single Tent,
Laurie,NS ,2,Full,CampsitePermit,Single Tent,
Laurie,NS ,4,Full,CampsitePermit,Tents,
Amherst Shore,AB ,2,Full,CampsitePermit,Single Tent,
Porters Lake,NS ,1,Senior,CampsitePermit,Less than 20ft,
Laurie,NS ,2,Full,CampsitePermit,Single Tent,
Mira River,QC ,4,Full,CampsitePermit,Less than 30ft,
Smileys,NS ,6,Full,CampsitePermit,Tents,
Caribou Munroes,ON ,3,Full,CampsitePermit,Single Tent,
Caribou Munroes,NS ,2,Full,CampsitePermit,Less than 20ft,
Mira River,ON ,2,Full,CampsitePermit,Single Tent,
Dollar Lake,QC ,2,Full,CampsitePermit,Single Tent,
Dollar Lake,NS ,5,Full,CampsitePermit,Tents,
Five Islands,NB ,1,Full,CampsitePermit,Single Tent,
Five Islands,QC ,2,Full,CampsitePermit,Single Tent,
Laurie,NS ,4,Full,CampsitePermit,Tents,
Salsman,NS ,3,Full,CampsitePermit,Single Tent,
Mira River,NS ,6,Full,CampsitePermit,Single Tent,
Porters Lake,NS ,2,Senior,CampsitePermit,Less than 30ft,
Laurie,NS ,3,Full,CampsitePermit,Tents,
Battery,QC ,2,Full,CampsitePermit,Single Tent,
Mira River,NS ,2,Full,CampsitePermit,Less than 20ft,
The Islands,NS ,2,Full,CampsitePermit,Single Tent,
Blomidon,ON ,2,Full,CampsitePermit,Single Tent,
Caribou Munroes,NS ,5,Full,CampsitePermit,Less than 30ft,
Dollar Lake,NS ,2,Senior,CampsitePermit,Less than 20ft,
Blomidon,NB ,2,Full,CampsitePermit,Single Tent,
Mira River,NL ,2,Veteran,CampsitePermit,Less than 30ft,
Amherst Shore,ON ,2,Senior,CampsitePermit,Less than 20ft,
Graves Island,QC ,4,Full,CampsitePermit,Single Tent,
Whycocomagh,NS ,2,Full,CampsitePermit,Less than 20ft,
Five Islands,ON ,2,Full,CampsitePermit,Single Tent,
Thomas Raddall,NS ,6,Full,CampsitePermit,Single Tent,
Smileys,NS ,4,Full,CampsitePermit,Single Tent,
Smileys,NS ,4,Full,CampsitePermit,Less than 30ft,
Laurie,NS ,3,Full,CampsitePermit,Single Tent,
Graves Island,NS ,3,Full,CampsitePermit,Less than 30ft,
Mira River,NS ,2,Full,CampsitePermit,Less than 20ft,
Dollar Lake,NS ,4,Full,CampsitePermit,Single Tent,
Dollar Lake,NS ,6,Full,CampsitePermit,Less than 30ft,
Mira River,NS ,4,Full,CampsitePermit,Less than 30ft,
Rissers Beach,NS ,3,Full,CampsitePermit,Single Tent,
Thomas Raddall,NS ,2,Full,CampsitePermit,Less than 30ft,
Graves Island,NS ,2,Full,CampsitePermit,Less than 20ft,
Amherst Shore,NS ,4,Full,CampsitePermit,Less than 20ft,
Rissers Beach,NS ,2,Senior,CampsitePermit,Less than 30ft,
Smileys,NS ,3,Full,CampsitePermit,Tents,
Graves Island,NS ,2,Full,CampsitePermit,Less than 30ft,
Smileys,NS ,2,Full,CampsitePermit,Less than 20ft,
Graves Island,NS ,4,Full,CampsitePermit,Single Tent,
Rissers Beach,NS ,1,Full,CampsitePermit,Single Tent,
Five Islands,NS ,2,Full,CampsitePermit,Less than 20ft,
Caribou Munroes,ON ,2,Full,CampsitePermit,Single Tent,
Blomidon,NS ,3,Full,CampsitePermit,Single Tent,
Mira River,ON ,2,Senior,CampsitePermit,Less than 20ft,
Ellenwood Lake,BC ,2,Full,CampsitePermit,Single Tent,
Amherst Shore,AB ,3,Full,CampsitePermit,Single Tent,
Whycocomagh,NS ,4,Senior,CampsitePermit,Single Tent,
Thomas Raddall,NS ,4,Full,CampsitePermit,Less than 20ft,
Mira River,NS ,2,Full,CampsitePermit,Less than 40ft,
Battery,QC ,2,Full,CampsitePermit,Single Tent,
Five Islands,NS ,2,Full,CampsitePermit,Single Tent,
Mira River,NS ,3,Full,CampsitePermit,Less than 30ft,
Rissers Beach,NS ,3,Full,CampsitePermit,Less than 20ft,
Battery,ON ,4,Full,CampsitePermit,Less than 20ft,
Amherst Shore,NS ,2,Full,CampsitePermit,Less than 30ft,
Ellenwood Lake,SK ,2,Full,CampsitePermit,Single Tent,
Mira River,NS ,3,Full,CampsitePermit,Single Tent,
Porters Lake,QC ,1,Full,CampsitePermit,Tents,
Laurie,NS ,2,Full,CampsitePermit,Single Tent,
Caribou Munroes,QC ,5,Full,CampsitePermit,Less than 40ft,
Laurie,QC ,5,Full,CampsitePermit,Less than 30ft,
Graves Island,QC ,2,Senior,CampsitePermit,Single Tent,
Dollar Lake,NS ,3,Full,CampsitePermit,Single Tent,
Mira River,NS ,2,Full,CampsitePermit,Single Tent,
Rissers Beach,NS ,6,Veteran,CampsitePermit,Tents,
Graves Island,NS ,2,Full,CampsitePermit,Less than 40ft,
Dollar Lake,NS ,2,Full,CampsitePermit,Single Tent,
Five Islands,NB ,2,Full,CampsitePermit,Single Tent,
Five Islands,NS ,2,Full,CampsitePermit,Less than 20ft,
Valleyview,NS ,2,Full,CampsitePermit,Single Tent,
Five Islands,NB ,2,Full,CampsitePermit,Single Tent,
Rissers Beach,NS ,4,Full,CampsitePermit,Less than 20ft,
Mira River,NS ,5,Full,CampsitePermit,Tents,
Cape Chignecto,NS ,1,Full,BackcountryPermit,Single Tent,
Battery,NS ,2,Full,CampsitePermit,Single Tent,
Rissers Beach,NS ,4,Full,CampsitePermit,Tents,
Rissers Beach,NS ,5,Full,CampsitePermit,Tents,
Five Islands,NS ,2,Full,CampsitePermit,Single Tent,
Caribou Munroes,NS ,5,Full,CampsitePermit,Tents,
Blomidon,NS ,5,Full,CampsitePermit,Less than 30ft,
Mira River,NS ,4,Full,CampsitePermit,Single Tent,
Thomas Raddall,NS ,2,Full,CampsitePermit,Less than 30ft,
Rissers Beach,NS ,4,Full,CampsitePermit,Less than 40ft,
Cape Chignecto,NS ,1,Full,BackcountryPermit,Single Tent,
Boylston,ON ,1,Full,CampsitePermit,Single Tent,
Rissers Beach,NS ,2,Full,CampsitePermit,Less than 30ft,
Amherst Shore,NS ,1,Veteran,CampsitePermit,Single Tent,
Rissers Beach,NS ,2,Full,CampsitePermit,Less than 30ft,
Blomidon,NS ,1,Full,CampsitePermit,Single Tent,
Ellenwood Lake,NS ,12,Full,CampsitePermit,Less than 30ft,
Smileys,NS ,5,Veteran,CampsitePermit,Less than 20ft,
Mira River,QC ,2,Senior,CampsitePermit,Less than 20ft,
Thomas Raddall,NB ,2,Full,CampsitePermit,Single Tent,
Graves Island,NS ,3,Full,CampsitePermit,Single Tent,
Boylston,NB ,2,Full,CampsitePermit,Single Tent,
Mira River,NS ,2,Senior,CampsitePermit,Less than 30ft,
Rissers Beach,NS ,1,Full,CampsitePermit,Single Tent,
Smileys,NS ,2,Full,CampsitePermit,Less than 30ft,
Thomas Raddall,NS ,1,Full,CampsitePermit,Less than 30ft,
Ellenwood Lake,NS ,1,Full,CampsitePermit,Less than 20ft,
Amherst Shore,ON ,3,Full,CampsitePermit,Tents,
Caribou Munroes,NS ,2,Full,CampsitePermit,Single Tent,
Blomidon,NS ,6,Full,CampsitePermit,Less than 40ft,
Battery,NS ,4,Full,CampsitePermit,Single Tent,
Dollar Lake,NS ,2,Full,CampsitePermit,Single Tent,
Mira River,NS ,2,Full,CampsitePermit,Single Tent,
Mira River,NS ,4,Full,CampsitePermit,Less than 20ft,
Porters Lake,BC ,3,Full,CampsitePermit,Less than 40ft,
Thomas Raddall,NS ,2,Senior,CampsitePermit,Less than 20ft,
Mira River,BC ,2,Senior,CampsitePermit,Single Tent,
Rissers Beach,NS ,5,Full,CampsitePermit,Less than 20ft,
Mira River,NB ,2,Full,CampsitePermit,Single Tent,
Thomas Raddall,NS ,2,Full,CampsitePermit,Single Tent,
Rissers Beach,NS ,4,Full,CampsitePermit,Less than 30ft,
Battery,ON ,2,Full,CampsitePermit,Single Tent,
Dollar Lake,NS ,2,Full,CampsitePermit,Single Tent,
Rissers Beach,PE ,2,Senior,CampsitePermit,Less than 20ft,
The Islands,NS ,1,Full,CampsitePermit,Single Tent,
Smileys,NS ,2,Full,CampsitePermit,Less than 30ft,
Amherst Shore,ON ,4,Full,CampsitePermit,Single Tent,
Smileys,NS ,4,Full,CampsitePermit,Less than 40ft,
Battery,NS ,2,Senior,CampsitePermit,Single Tent,
Dollar Lake,NS ,6,Full,CampsitePermit,Less than 40ft,
Blomidon,QC ,1,Full,CampsitePermit,Single Tent,
Porters Lake,NS ,2,Full,CampsitePermit,Single Tent,
Amherst Shore,NS ,2,Full,CampsitePermit,Less than 20ft,
Blomidon,NS ,2,Full,CampsitePermit,Single Tent,
Valleyview,NS ,2,Veteran,CampsitePermit,Less than 40ft,
Blomidon,NS ,2,Full,CampsitePermit,Single Tent,
Battery,QC ,2,Full,CampsitePermit,Less than 30ft,
Mira River,NS ,2,Senior,CampsitePermit,Single Tent,
Caribou Munroes,QC ,2,Full,CampsitePermit,Less than 20ft,
Battery,NS ,2,Full,CampsitePermit,Tents,
Valleyview,NS ,2,Full,CampsitePermit,Less than 20ft,
Porters Lake,NS ,4,Full,CampsitePermit,Tents,
Dollar Lake,NS ,4,Full,CampsitePermit,Single Tent,
Smileys,NS ,4,Full,CampsitePermit,Less than 30ft,
Rissers Beach,ON ,5,Senior,CampsitePermit,Less than 20ft,
Rissers Beach,NS ,2,Full,CampsitePermit,Tents,
Dollar Lake,NS ,4,Full,CampsitePermit,Less than 20ft,
Rissers Beach,NS ,2,Senior,CampsitePermit,Less than 30ft,
Graves Island,NL ,1,Full,CampsitePermit,Single Tent,
Rissers Beach,NS ,4,Full,CampsitePermit,Single Tent,
Laurie,NS ,2,Full,CampsitePermit,Tents,
Blomidon,NS ,1,Full,CampsitePermit,Single Tent,
The Islands,NS ,3,Full,CampsitePermit,Single Tent,
Porters Lake,NS ,4,Full,CampsitePermit,Single Tent,
Mira River,NS ,2,Veteran,CampsitePermit,Single Tent,
Cape Chignecto,NS ,2,Full,BackcountryPermit,Single Tent,
Graves Island,NS ,2,Senior,CampsitePermit,Less than 40ft,
Caribou Munroes,NS ,2,Full,CampsitePermit,Less than 20ft,
Rissers Beach,NS ,4,Senior,CampsitePermit,Single Tent,
Dollar Lake,NS ,2,Full,CampsitePermit,Single Tent,
Laurie,NS ,4,Full,CampsitePermit,Single Tent,
Rissers Beach,NS ,2,Full,CampsitePermit,Less than 20ft,
Rissers Beach,BC ,1,Full,CampsitePermit,Single Tent,
Dollar Lake,NS ,5,Full,CampsitePermit,Less than 20ft,
Blomidon,ON ,7,Full,CampsitePermit,Less than 40ft,
Cape Chignecto,ON ,2,Full,BackcountryPermit,Single Tent,
The Islands,NS ,5,Full,CampsitePermit,Single Tent,
Mira River,QC ,2,Full,CampsitePermit,Less than 40ft,
Rissers Beach,ON ,1,Full,CampsitePermit,Single Tent,
Mira River,NS ,4,Full,CampsitePermit,Less than 30ft,
Graves Island,NS ,5,Full,CampsitePermit,Single Tent,
Rissers Beach,NS ,3,Full,CampsitePermit,Single Tent,
Five Islands,NS ,4,Full,CampsitePermit,Single Tent,
Blomidon,ON ,2,Full,CampsitePermit,Single Tent,
Rissers Beach,NS ,4,Full,CampsitePermit,Less than 30ft,
Smileys,NS ,2,Full,CampsitePermit,Less than 30ft,
Caribou Munroes,QC ,2,Full,CampsitePermit,Single Tent,
Thomas Raddall,ON ,2,Full,CampsitePermit,Less than 30ft,
Rissers Beach,NS ,2,Full,CampsitePermit,Single Tent,
Caribou Munroes,NS ,2,Full,CampsitePermit,Less than 30ft,
Whycocomagh,QC ,2,Full,CampsitePermit,Single Tent,
Graves Island,NS ,2,Full,CampsitePermit,Less than 30ft,
Caribou Munroes,NS ,2,Full,CampsitePermit,Less than 40ft,
Blomidon,NS ,5,Full,CampsitePermit,Single Tent,
Graves Island,NS ,2,Full,CampsitePermit,Less than 40ft,
Thomas Raddall,NS ,1,Full,CampsitePermit,Single Tent,
Ellenwood Lake,NS ,4,Full,CampsitePermit,Single Tent,
Mira River,NS ,4,Full,CampsitePermit,Less than 40ft,
Smileys,NS ,5,Full,CampsitePermit,Less than 30ft,
Smileys,ON ,3,Senior,CampsitePermit,Less than 30ft,
Whycocomagh,NS ,3,Full,CampsitePermit,Less than 20ft,
Graves Island,BC ,2,Full,CampsitePermit,Single Tent,
Blomidon,NS ,2,Full,CampsitePermit,Less than 30ft,
Graves Island,NL ,2,Full,CampsitePermit,Single Tent,
Caribou Munroes,ON ,2,Full,CampsitePermit,Single Tent,
Rissers Beach,NS ,1,Full,CampsitePermit,Less than 30ft,
Thomas Raddall,NS ,6,Full,CampsitePermit,Tents,
Valleyview,QC ,4,Full,CampsitePermit,Greater than 40ft,
Cape Chignecto,ON ,2,Full,BackcountryPermit,Single Tent,
Blomidon,NS ,4,Full,CampsitePermit,Single Tent,
Amherst Shore,SK ,1,Full,CampsitePermit,Single Tent,
Graves Island,NS ,2,Senior,CampsitePermit,Less than 40ft,
Graves Island,NS ,1,Senior,CampsitePermit,Single Tent,
Mira River,NS ,2,Senior,CampsitePermit,Single Tent,
Rissers Beach,NS ,4,Full,CampsitePermit,Less than 20ft,
Whycocomagh,ON ,2,Full,CampsitePermit,Single Tent,
Battery,NS ,6,Full,CampsitePermit,Single Tent,
Mira River,NS ,2,Full,CampsitePermit,Less than 40ft,
Salsman,ON ,1,Full,CampsitePermit,Less than 20ft,
Porters Lake,NS ,3,Full,CampsitePermit,Single Tent,
Graves Island,QC ,6,Full,CampsitePermit,Less than 20ft,
Rissers Beach,NS ,4,Full,CampsitePermit,Tents,
Five Islands,NB ,2,Full,CampsitePermit,Single Tent,
Blomidon,NS ,2,Veteran,CampsitePermit,Single Tent,
Thomas Raddall,QC ,2,Full,CampsitePermit,Single Tent,
Graves Island,QC ,1,Full,CampsitePermit,Single Tent,
Porters Lake,QC ,1,Senior,CampsitePermit,Less than 20ft,
Laurie,NS ,4,Full,CampsitePermit,Single Tent,
Ellenwood Lake,NS ,2,Full,CampsitePermit,Single Tent,
Laurie,QC ,5,Full,CampsitePermit,Single Tent,
Thomas Raddall,NS ,5,Full,CampsitePermit,Single Tent,
Dollar Lake,NS ,2,Full,CampsitePermit,Less than 20ft,
Rissers Beach,NS ,4,Full,CampsitePermit,Less than 40ft,
Rissers Beach,NS ,2,Full,CampsitePermit,Less than 20ft,
Five Islands,ON ,2,Full,CampsitePermit,Single Tent,
Dollar Lake,NS ,5,Full,CampsitePermit,Single Tent,
Five Islands,ON ,4,Full,CampsitePermit,Less than 20ft,
Amherst Shore,NS ,5,Full,CampsitePermit,Single Tent,
Graves Island,PE ,1,Full,CampsitePermit,Single Tent,
Graves Island,NS ,4,Senior,CampsitePermit,Less than 40ft,
Rissers Beach,NS ,2,Full,CampsitePermit,Less than 30ft,
Laurie,NS ,4,Full,CampsitePermit,Less than 40ft,
Mira River,ON ,4,Full,CampsitePermit,Single Tent,
Thomas Raddall,NS ,4,Full,CampsitePermit,Greater than 40ft,
Mira River,NS ,4,Full,CampsitePermit,Less than 40ft,
Graves Island,NS ,2,Full,CampsitePermit,Less than 30ft,
Blomidon,NS ,2,Full,CampsitePermit,Single Tent,
Battery,BC ,2,Senior,CampsitePermit,Single Tent,
Laurie,QC ,2,Full,CampsitePermit,Less than 30ft,
Salsman,NL ,2,Full,CampsitePermit,Single Tent,
Blomidon,NS ,2,Full,CampsitePermit,Less than 20ft,
Battery,ON ,1,Full,CampsitePermit,Less than 30ft,
Cape Chignecto,NB ,2,Full,BackcountryPermit,Single Tent,
Rissers Beach,NS ,2,Full,CampsitePermit,Single Tent,
Mira River,NS ,3,Full,CampsitePermit,Less than 40ft,
Graves Island,NS ,2,Full,CampsitePermit,Less than 20ft,
Battery,ON ,2,Full,CampsitePermit,Less than 30ft,
Mira River,NS ,2,Full,CampsitePermit,Less than 30ft,
The Islands,NS ,2,Full,CampsitePermit,Less than 20ft,
Battery,NS ,2,Full,CampsitePermit,Single Tent,
Thomas Raddall,QC ,5,Full,CampsitePermit,Less than 20ft,
Dollar Lake,NS ,3,Full,CampsitePermit,Single Tent,
Rissers Beach,NS ,3,Full,CampsitePermit,Single Tent,
Mira River,NS ,3,Full,CampsitePermit,Less than 30ft,
Battery,NS ,3,Full,CampsitePermit,Single Tent,
Thomas Raddall,NS ,2,Full,CampsitePermit,Single Tent,
Caribou Munroes,NS ,2,Full,CampsitePermit,Single Tent,
Graves Island,ON ,2,Full,CampsitePermit,Single Tent,
Smileys,NS ,4,Full,CampsitePermit,Less than 30ft,
Cape Chignecto,NS ,2,Full,BackcountryPermit,Single Tent,
Mira River,QC ,2,Full,CampsitePermit,Less than 20ft,
Five Islands,NS ,2,Senior,CampsitePermit,Single Tent,
Mira River,NS ,5,Full,CampsitePermit,Single Tent,
Blomidon,NS ,9,Senior,CampsitePermit,Single Tent,
Caribou Munroes,NL ,2,Full,CampsitePermit,Less than 30ft,
Dollar Lake,NS ,4,Full,CampsitePermit,Single Tent,
Blomidon,NS ,3,Full,CampsitePermit,Single Tent,
Cape Chignecto,NS ,2,Full,BackcountryPermit,Single Tent,
Caribou Munroes,QC ,2,Full,CampsitePermit,Less than 20ft,
Rissers Beach,NS ,4,Full,CampsitePermit,Less than 30ft,
Blomidon,NS ,2,Full,CampsitePermit,Single Tent,
Battery,ON ,2,Full,CampsitePermit,Single Tent,
Laurie,ON ,4,Full,CampsitePermit,Single Tent,
Thomas Raddall,NS ,4,Full,CampsitePermit,Single Tent,
Battery,NS ,4,Full,CampsitePermit,Single Tent,
Graves Island,NS ,5,Full,CampsitePermit,Less than 30ft,
Rissers Beach,NS ,2,Full,CampsitePermit,Less than 20ft,
Amherst Shore,ON ,2,Full,CampsitePermit,Less than 20ft,
Ellenwood Lake,PE ,2,Full,CampsitePermit,Single Tent,
Blomidon,NS ,2,Full,CampsitePermit,Single Tent,
The Islands,ON ,2,Full,CampsitePermit,Less than 20ft,
Rissers Beach,NS ,2,Full,CampsitePermit,Single Tent,
Mira River,NS ,2,Senior,CampsitePermit,Less than 30ft,
Caribou Munroes,NB ,1,Full,CampsitePermit,Less than 20ft,
Thomas Raddall,NS ,6,Full,CampsitePermit,Less than 30ft,
Rissers Beach,NS ,3,Full,CampsitePermit,Less than 30ft,
Graves Island,NB ,1,Full,CampsitePermit,Single Tent,
Battery,ON ,2,Full,CampsitePermit,Single Tent,
Caribou Munroes,NS ,2,Full,CampsitePermit,Single Tent,
Caribou Munroes,ON ,2,Senior,CampsitePermit,Single Tent,
Graves Island,NS ,2,Full,CampsitePermit,Less than 20ft,
Blomidon,NS ,2,Full,CampsitePermit,Less than 30ft,
Caribou Munroes,NB ,2,Full,CampsitePermit,Single Tent,
Whycocomagh,AB ,2,Senior,CampsitePermit,Less than 30ft,
The Islands,NS ,1,Full,CampsitePermit,Less than 20ft,
Mira River,NS ,1,Full,CampsitePermit,Single Tent,
Amherst Shore,NB ,2,Full,CampsitePermit,Less than 20ft,
Blomidon,AB ,3,Full,CampsitePermit,Less than 30ft,
Rissers Beach,NS ,3,Senior,CampsitePermit,Less than 30ft,
Graves Island,NS ,2,Full,CampsitePermit,Less than 30ft,
Amherst Shore,QC ,2,Senior,CampsitePermit,Single Tent,
Graves Island,NS ,2,Full,CampsitePermit,Single Tent,
Porters Lake,NS ,2,Full,CampsitePermit,Single Tent,
Mira River,NS ,4,Full,CampsitePermit,Less than 30ft,
Porters Lake,QC ,2,Full,CampsitePermit,Tents,
Battery,QC ,2,Senior,CampsitePermit,Single Tent,
Caribou Munroes,QC ,6,Full,CampsitePermit,Less than 30ft,
Caribou Munroes,NS ,2,Full,CampsitePermit,Less than 20ft,
Rissers Beach,NS ,6,Full,CampsitePermit,Tents,
The Islands,NB ,2,Full,CampsitePermit,Single Tent,
Caribou Munroes,PE ,2,Full,CampsitePermit,Less than 20ft,
Caribou Munroes,QC ,4,Full,CampsitePermit,Less than 40ft,
Dollar Lake,NS ,2,Senior,CampsitePermit,Single Tent,
Porters Lake,NS ,2,Full,CampsitePermit,Tents,
Laurie,QC ,5,Full,CampsitePermit,Less than 20ft,
Rissers Beach,NS ,2,Senior,CampsitePermit,Less than 20ft,
Blomidon,NS ,2,Full,CampsitePermit,Single Tent,
Rissers Beach,NS ,4,Full,CampsitePermit,Less than 30ft,
Porters Lake,NS ,3,Full,CampsitePermit,Single Tent,
Porters Lake,NS ,2,Full,CampsitePermit,Less than 30ft,
The Islands,NS ,4,Full,CampsitePermit,Less than 20ft,
Graves Island,QC ,2,Senior,CampsitePermit,Single Tent,
Ellenwood Lake,NS ,2,Full,CampsitePermit,Less than 30ft,
Porters Lake,NS ,2,Full,CampsitePermit,Less than 30ft,
Graves Island,NS ,2,Full,CampsitePermit,Less than 20ft,
Blomidon,NS ,2,Full,CampsitePermit,Less than 30ft,
Blomidon,NS ,2,Full,CampsitePermit,Single Tent,
Caribou Munroes,NS ,3,Senior,CampsitePermit,Less than 30ft,
Boylston,ON ,2,Senior,CampsitePermit,Single Tent,
Rissers Beach,NS ,3,Full,CampsitePermit,Less than 40ft,
Five Islands,ON ,4,Full,CampsitePermit,Less than 20ft,
Caribou Munroes,NS ,2,Full,CampsitePermit,Less than 30ft,
Blomidon,NS ,2,Full,CampsitePermit,Single Tent,
Amherst Shore,NS ,2,Full,CampsitePermit,Less than 30ft,
Amherst Shore,AB ,2,Full,CampsitePermit,Greater than 40ft,
Blomidon,ON ,1,Full,CampsitePermit,Single Tent,
Smileys,NS ,4,Full,CampsitePermit,Single Tent,
Caribou Munroes,NS ,2,Full,CampsitePermit,Less than 20ft,
Ellenwood Lake,ON ,2,Full,CampsitePermit,Tents,
Caribou Munroes,NS ,4,Full,CampsitePermit,Single Tent,
Amherst Shore,NS ,4,Full,CampsitePermit,Single Tent,
Cape Chignecto,NB ,2,Senior,BackcountryPermit,Single Tent,
Caribou Munroes,QC ,2,Full,CampsitePermit,Single Tent,
Mira River,QC ,3,Full,CampsitePermit,Single Tent,
Mira River,NS ,2,Full,CampsitePermit,Less than 30ft,
Rissers Beach,NS ,2,Full,CampsitePermit,Less than 20ft,
Mira River,NS ,2,Senior,CampsitePermit,Single Tent,
Five Islands,ON ,2,Full,CampsitePermit,Single Tent,
Graves Island,NS ,1,Full,CampsitePermit,Single Tent,
Rissers Beach,NS ,2,Full,CampsitePermit,Single Tent,
Battery,NS ,2,Full,CampsitePermit,Single Tent,
Whycocomagh,NS ,2,Full,CampsitePermit,Single Tent,
Five Islands,NS ,2,Full,CampsitePermit,Less than 40ft,
Valleyview,NS ,2,Full,CampsitePermit,Less than 30ft,
Porters Lake,QC ,1,Full,CampsitePermit,Single Tent,
Graves Island,NS ,3,Full,CampsitePermit,Less than 30ft,
Five Islands,NS ,2,Full,CampsitePermit,Single Tent,
Porters Lake,ON ,4,Full,CampsitePermit,Less than 20ft,
Ellenwood Lake,NS ,3,Full,CampsitePermit,Single Tent,
Porters Lake,NS ,2,Full,CampsitePermit,Single Tent,
Caribou Munroes,NS ,2,Senior,CampsitePermit,Less than 30ft,
The Islands,BC ,2,Full,CampsitePermit,Less than 30ft,
Graves Island,NS ,2,Full,CampsitePermit,Single Tent,
Thomas Raddall,NS ,4,Full,CampsitePermit,Single Tent,
Smileys,NS ,2,Full,CampsitePermit,Less than 20ft,
Laurie,NS ,3,Full,CampsitePermit,Less than 20ft,
Five Islands,BC ,2,Full,CampsitePermit,Less than 30ft,
Salsman,NS ,4,Full,CampsitePermit,Tents,
Thomas Raddall,NS ,2,Full,CampsitePermit,Less than 30ft,
Graves Island,NS ,4,Full,CampsitePermit,Single Tent,
Blomidon,NS ,2,Full,CampsitePermit,Less than 30ft,
Dollar Lake,NS ,1,Full,CampsitePermit,Single Tent,
Ellenwood Lake,NS ,2,Full,CampsitePermit,Less than 20ft,
Dollar Lake,NS ,4,Full,CampsitePermit,Single Tent,
Graves Island,NS ,1,Full,CampsitePermit,Single Tent,
Rissers Beach,NS ,2,Full,CampsitePermit,Less than 20ft,
Blomidon,NS ,2,Senior,CampsitePermit,Single Tent,
Rissers Beach,NS ,4,Full,CampsitePermit,Single Tent,
Whycocomagh,NS ,2,Full,YurtPermit,Tents,
Caribou Munroes,ON ,2,Senior,CampsitePermit,Less than 30ft,
Caribou Munroes,QC ,2,Senior,CampsitePermit,Less than 30ft,
Smileys,NS ,2,Senior,CampsitePermit,Less than 30ft,
Caribou Munroes,NS ,3,Full,CampsitePermit,Less than 20ft,
Caribou Munroes,NB ,2,Full,CampsitePermit,Single Tent,
Laurie,BC ,2,Full,CampsitePermit,Single Tent,
Whycocomagh,QC ,4,Full,YurtPermit,Tents,
Five Islands,NS ,4,Full,CampsitePermit,Single Tent,
Mira River,QC ,2,Full,CampsitePermit,Single Tent,
Cape Chignecto,NS ,2,Full,BackcountryPermit,Single Tent,
Rissers Beach,NS ,2,Full,CampsitePermit,Less than 40ft,
Graves Island,NS ,2,Full,CampsitePermit,Less than 40ft,
Mira River,NS ,2,Full,CampsitePermit,Single Tent,
Amherst Shore,QC ,2,Full,CampsitePermit,Single Tent,
Thomas Raddall,ON ,6,Senior,CampsitePermit,Single Tent,
Smileys,NS ,4,Full,CampsitePermit,Tents,
Graves Island,NS ,1,Full,CampsitePermit,Single Tent,
Porters Lake,NS ,2,Veteran,CampsitePermit,Greater than 40ft,
Graves Island,NS ,2,Full,CampsitePermit,Single Tent,
Porters Lake,ON ,2,Full,CampsitePermit,Less than 20ft,
Five Islands,NS ,2,Full,CampsitePermit,Single Tent,
Rissers Beach,NS ,2,Full,CampsitePermit,Less than 20ft,
Graves Island,NS ,2,Senior,CampsitePermit,Less than 30ft,
Caribou Munroes,NS ,6,Full,CampsitePermit,Less than 30ft,
Caribou Munroes,NS ,2,Full,CampsitePermit,Less than 30ft,
Rissers Beach,NS ,3,Full,CampsitePermit,Less than 40ft,
Caribou Munroes,NS ,3,Full,CampsitePermit,Less than 30ft,
Five Islands,PE ,2,Full,CampsitePermit,Less than 20ft,
Graves Island,NS ,2,Full,CampsitePermit,Single Tent,
Thomas Raddall,NS ,6,Full,CampsitePermit,Tents,
Dollar Lake,NS ,3,Full,CampsitePermit,Single Tent,
Dollar Lake,NS ,4,Full,CampsitePermit,Less than 20ft,
Mira River,ON ,4,Senior,CampsitePermit,Tents,
Dollar Lake,NS ,2,Full,CampsitePermit,Single Tent,
Smileys,NS ,3,Full,CampsitePermit,Single Tent,
Porters Lake,NS ,2,Full,CampsitePermit,Single Tent,
Mira River,NS ,2,Full,CampsitePermit,Less than 40ft,
Blomidon,QC ,2,Full,CampsitePermit,Less than 20ft,
Rissers Beach,QC ,1,Full,CampsitePermit,Single Tent,
Graves Island,NS ,2,Full,CampsitePermit,Less than 20ft,
Boylston,NB ,1,Full,CampsitePermit,Single Tent,
Mira River,ON ,2,Senior,CampsitePermit,Single Tent,
Dollar Lake,NS ,2,Full,CampsitePermit,Single Tent,
Rissers Beach,NS ,4,Full,CampsitePermit,Less than 20ft,
Rissers Beach,NS ,4,Full,CampsitePermit,Single Tent,
Graves Island,NS ,2,Full,CampsitePermit,Less than 30ft,
Thomas Raddall,NS ,4,Full,CampsitePermit,Less than 20ft,
Graves Island,NS ,3,Full,CampsitePermit,Less than 40ft,
Blomidon,QC ,2,Full,CampsitePermit,Single Tent,
Caribou Munroes,NS ,2,Full,CampsitePermit,Less than 30ft,
Thomas Raddall,NS ,4,Full,CampsitePermit,Single Tent,
Mira River,NS ,2,Senior,CampsitePermit,Less than 30ft,
Amherst Shore,NS ,4,Full,CampsitePermit,Less than 20ft,
Graves Island,NS ,2,Full,CampsitePermit,Less than 30ft,
Ellenwood Lake,NS ,6,Full,CampsitePermit,Less than 30ft,
Blomidon,NS ,2,Full,CampsitePermit,Less than 30ft,
Amherst Shore,NS ,2,Senior,CampsitePermit,Single Tent,
Thomas Raddall,NS ,1,Full,CampsitePermit,Single Tent,
Porters Lake,NS ,2,Full,CampsitePermit,Single Tent,
Thomas Raddall,NS ,5,Full,CampsitePermit,Tents,
Porters Lake,NS ,3,Full,CampsitePermit,Less than 30ft,
Cape Chignecto,NB ,2,Full,BackcountryPermit,Single Tent,
Smileys,NS ,2,Full,CampsitePermit,Less than 30ft,
The Islands,NS ,2,Full,CampsitePermit,Tents,
Laurie,NS ,4,Full,CampsitePermit,Less than 20ft,
Porters Lake,NS ,1,Full,CampsitePermit,Single Tent,
Amherst Shore,NB ,3,Senior,CampsitePermit,Less than 30ft,
Smileys,NS ,2,Full,CampsitePermit,Less than 30ft,
Mira River,NS ,3,Full,CampsitePermit,Less than 40ft,
Laurie,QC ,4,Senior,CampsitePermit,Single Tent,
Amherst Shore,NS ,2,Full,CampsitePermit,Single Tent,
Rissers Beach,NS ,3,Full,CampsitePermit,Less than 20ft,
Caribou Munroes,NS ,5,Full,CampsitePermit,Single Tent,
Dollar Lake,NS ,2,Full,CampsitePermit,Single Tent,
Caribou Munroes,QC ,2,Full,CampsitePermit,Single Tent,
Graves Island,NS ,2,Full,CampsitePermit,Less than 30ft,
Smileys,NS ,2,Veteran,CampsitePermit,Less than 40ft,
Thomas Raddall,QC ,1,Full,CampsitePermit,Single Tent,
Porters Lake,QC ,2,Senior,CampsitePermit,Less than 30ft,
Battery,NS ,4,Full,CampsitePermit,Less than 30ft,
Smileys,NS ,5,Full,CampsitePermit,Less than 30ft,
Five Islands,NS ,2,Full,CampsitePermit,Single Tent,
Dollar Lake,NS ,2,Full,CampsitePermit,Single Tent,
Rissers Beach,NS ,1,Full,CampsitePermit,Single Tent,
Blomidon,NS ,4,Full,CampsitePermit,Single Tent,
Rissers Beach,NS ,2,Full,CampsitePermit,Less than 20ft,
Blomidon,NS ,2,Full,CampsitePermit,Tents,
Valleyview,NS ,2,Full,CampsitePermit,Less than 30ft,
The Islands,NB ,2,Senior,CampsitePermit,Less than 30ft,
Porters Lake,NS ,2,Senior,CampsitePermit,Less than 30ft,
Valleyview,NS ,3,Full,CampsitePermit,Single Tent,
The Islands,BC ,1,Full,CampsitePermit,Less than 30ft,
Boylston,NS ,6,Full,CampsitePermit,Tents,
Caribou Munroes,QC ,2,Full,CampsitePermit,Single Tent,
Amherst Shore,NS ,3,Full,CampsitePermit,Less than 20ft,
Thomas Raddall,NS ,2,Full,CampsitePermit,Single Tent,
The Islands,NS ,4,Full,CampsitePermit,Tents,
Five Islands,QC ,2,Senior,CampsitePermit,Less than 20ft,
Five Islands,BC ,2,Senior,CampsitePermit,Single Tent,
Porters Lake,NS ,3,Full,CampsitePermit,Single Tent,
Rissers Beach,NS ,4,Full,CampsitePermit,Less than 30ft,
Battery,BC ,2,Senior,CampsitePermit,Less than 30ft,
Rissers Beach,NS ,3,Full,CampsitePermit,Single Tent,
Dollar Lake,NS ,4,Full,CampsitePermit,Tents,
Caribou Munroes,SK ,2,Full,CampsitePermit,Less than 20ft,
Rissers Beach,NS ,2,Full,CampsitePermit,Less than 30ft,
Rissers Beach,NS ,5,Full,CampsitePermit,Less than 30ft,
Whycocomagh,NS ,2,Full,YurtPermit,Tents,
Smileys,NS ,3,Full,CampsitePermit,Less than 20ft,
Graves Island,NB ,2,Full,CampsitePermit,Single Tent,
Blomidon,NS ,5,Full,CampsitePermit,Single Tent,
Mira River,NS ,4,Full,CampsitePermit,Single Tent,
Mira River,ON ,5,Full,CampsitePermit,Less than 30ft,
Battery,PE ,1,Full,CampsitePermit,Single Tent,
Whycocomagh,NS ,4,Full,CampsitePermit,Less than 30ft,
Graves Island,NS ,5,Full,CampsitePermit,Less than 30ft,
Thomas Raddall,NS ,2,Full,CampsitePermit,Single Tent,
The Islands,NS ,2,Senior,CampsitePermit,Single Tent,
Blomidon,QC ,2,Full,CampsitePermit,Single Tent,
Whycocomagh,NS ,2,Full,CampsitePermit,Less than 30ft,
Smileys,NS ,2,Full,CampsitePermit,Single Tent,
Five Islands,NS ,3,Full,CampsitePermit,Single Tent,
Graves Island,ON ,4,Senior,CampsitePermit,Less than 30ft,
Dollar Lake,NS ,6,Full,CampsitePermit,Tents,
Five Islands,NB ,2,Full,CampsitePermit,Single Tent,
Dollar Lake,NS ,3,Full,CampsitePermit,Single Tent,
Graves Island,NS ,2,Full,CampsitePermit,Less than 20ft,
Caribou Munroes,NS ,2,Senior,CampsitePermit,Less than 30ft,
Graves Island,NS ,2,Senior,CampsitePermit,Less than 30ft,
Laurie,NS ,6,Full,CampsitePermit,Single Tent,
Salsman,NS ,4,Full,CampsitePermit,Tents,
Thomas Raddall,NS ,2,Full,CampsitePermit,Less than 30ft,
Dollar Lake,NS ,4,Full,CampsitePermit,Single Tent,
Mira River,ON ,3,Full,CampsitePermit,Single Tent,
Battery,NS ,2,Full,CampsitePermit,Single Tent,
Rissers Beach,NS ,2,Full,CampsitePermit,Tents,
Thomas Raddall,NS ,1,Full,CampsitePermit,Single Tent,
Dollar Lake,NS ,2,Senior,CampsitePermit,Single Tent,
Rissers Beach,NS ,4,Full,CampsitePermit,Less than 30ft,
Five Islands,NS ,2,Senior,CampsitePermit,Less than 20ft,
Ellenwood Lake,NS ,4,Full,CampsitePermit,Less than 30ft,
Laurie,NS ,2,Full,CampsitePermit,Single Tent,
Ellenwood Lake,NS ,2,Senior,CampsitePermit,Less than 30ft,
Mira River,NS ,4,Full,CampsitePermit,Less than 30ft,
Laurie,NS ,3,Full,CampsitePermit,Single Tent,
Caribou Munroes,QC ,4,Full,CampsitePermit,Single Tent,
Blomidon,AB ,2,Full,CampsitePermit,Single Tent,
Blomidon,NS ,2,Full,CampsitePermit,Single Tent,
Dollar Lake,NS ,2,Full,CampsitePermit,Single Tent,
Porters Lake,NS ,1,Full,CampsitePermit,Single Tent,
Smileys,NS ,2,Full,CampsitePermit,Less than 40ft,
Laurie,QC ,2,Full,CampsitePermit,Single Tent,
Graves Island,NS ,2,Senior,CampsitePermit,Less than 40ft,
Caribou Munroes,NS ,4,Senior,CampsitePermit,Less than 30ft,
Ellenwood Lake,NS ,5,Full,CampsitePermit,Less than 20ft,
Graves Island,NS ,2,Full,CampsitePermit,Less than 30ft,
Mira River,AB ,2,Full,CampsitePermit,Single Tent,
Valleyview,NS ,1,Senior,CampsitePermit,Single Tent,
Dollar Lake,NS ,4,Full,CampsitePermit,Single Tent,
Thomas Raddall,NS ,1,Full,CampsitePermit,Single Tent,
Graves Island,NS ,1,Full,CampsitePermit,Single Tent,
The Islands,NS ,2,Senior,CampsitePermit,Less than 40ft,
Battery,NS ,2,Full,CampsitePermit,Single Tent,
Salsman,NS ,3,Veteran,CampsitePermit,Greater than 40ft,
Thomas Raddall,NS ,5,Full,CampsitePermit,Less than 20ft,
Graves Island,PE ,3,Full,CampsitePermit,Single Tent,
Thomas Raddall,NS ,4,Full,CampsitePermit,Tents,
Smileys,NS ,4,Full,CampsitePermit,Less than 20ft,
Graves Island,ON ,4,Full,CampsitePermit,Less than 20ft,
Battery,NS ,3,Full,CampsitePermit,Less than 20ft,
Dollar Lake,ON ,2,Senior,CampsitePermit,Single Tent,
Ellenwood Lake,NS ,2,Full,CampsitePermit,Less than 20ft,
Smileys,NS ,3,Full,CampsitePermit,Single Tent,
Ellenwood Lake,NS ,2,Full,CampsitePermit,Single Tent,
Ellenwood Lake,NS ,2,Full,CampsitePermit,Less than 30ft,
Smileys,NS ,6,Full,CampsitePermit,Less than 30ft,
Five Islands,NS ,2,Full,CampsitePermit,Single Tent,
Graves Island,SK ,1,Full,CampsitePermit,Single Tent,
Battery,NS ,4,Full,CampsitePermit,Single Tent,
Rissers Beach,NS ,4,Full,CampsitePermit,Single Tent,
Smileys,NB ,2,Full,CampsitePermit,Single Tent,
Dollar Lake,NS ,2,Full,CampsitePermit,Single Tent,
Graves Island,NS ,1,Full,CampsitePermit,Single Tent,
Ellenwood Lake,NS ,6,Full,CampsitePermit,Tents,
Dollar Lake,NS ,3,Full,CampsitePermit,Single Tent,
Rissers Beach,NS ,2,Full,CampsitePermit,Less than 30ft,
Porters Lake,QC ,2,Full,CampsitePermit,Single Tent,
Mira River,NS ,7,Full,CampsitePermit,Single Tent,
Dollar Lake,NS ,6,Full,CampsitePermit,Single Tent,
Thomas Raddall,ON ,2,Full,CampsitePermit,Single Tent,
Dollar Lake,NS ,4,Full,CampsitePermit,Tents,
Five Islands,NS ,2,Full,CampsitePermit,Single Tent,
Rissers Beach,ON ,2,Full,CampsitePermit,Single Tent,
Caribou Munroes,NS ,4,Senior,CampsitePermit,Less than 20ft,
Graves Island,NS ,2,Full,CampsitePermit,Less than 30ft,
Rissers Beach,NS ,1,Full,CampsitePermit,Single Tent,
Graves Island,NS ,2,Full,CampsitePermit,Less than 30ft,
Graves Island,QC ,4,Full,CampsitePermit,Less than 30ft,
Graves Island,NS ,4,Full,CampsitePermit,Less than 20ft,
Cape Chignecto,NS ,2,Full,BackcountryPermit,Single Tent,
Amherst Shore,BC ,2,Senior,CampsitePermit,Less than 40ft,
Whycocomagh,ON ,4,Full,CampsitePermit,Single Tent,
Porters Lake,NS ,3,Full,CampsitePermit,Single Tent,
Blomidon,NS ,2,Full,CampsitePermit,Single Tent,
Smileys,NS ,2,Full,CampsitePermit,Less than 40ft,
Whycocomagh,NS ,2,Full,CampsitePermit,Single Tent,
Dollar Lake,NS ,6,Full,CampsitePermit,Tents,
Five Islands,NS ,2,Full,CampsitePermit,Single Tent,
Blomidon,NS ,4,Full,CampsitePermit,Less than 30ft,
Blomidon,ON ,2,Senior,CampsitePermit,Less than 20ft,
Laurie,NB ,4,Full,CampsitePermit,Single Tent,
Caribou Munroes,NS ,1,Full,CampsitePermit,Less than 20ft,
Amherst Shore,NB ,2,Senior,CampsitePermit,Less than 30ft,
Thomas Raddall,NS ,2,Full,CampsitePermit,Greater than 40ft,
Five Islands,ON ,2,Senior,CampsitePermit,Less than 20ft,
Laurie,NS ,3,Full,CampsitePermit,Less than 20ft,
Smileys,NS ,2,Full,CampsitePermit,Less than 30ft,
Blomidon,NS ,1,Host,CampsitePermit,Single Tent,
Battery,BC ,2,Full,CampsitePermit,Single Tent,
Five Islands,QC ,2,Full,CampsitePermit,Single Tent,
Mira River,NS ,2,Full,CampsitePermit,Single Tent,
The Islands,NB ,2,Full,CampsitePermit,Single Tent,
Rissers Beach,NS ,6,Full,CampsitePermit,Less than 30ft,
Five Islands,NS ,4,Senior,CampsitePermit,Less than 30ft,
Graves Island,NS ,2,Senior,CampsitePermit,Less than 20ft,
Rissers Beach,NS ,4,Full,CampsitePermit,Less than 20ft,
Graves Island,BC ,1,Full,CampsitePermit,Single Tent,
Graves Island,NS ,6,Full,CampsitePermit,Tents,
Thomas Raddall,QC ,2,Full,CampsitePermit,Single Tent,
Dollar Lake,NS ,3,Full,CampsitePermit,Single Tent,
Rissers Beach,NS ,2,Full,CampsitePermit,Less than 30ft,
Cape Chignecto,NB ,1,Full,BackcountryPermit,Single Tent,
Battery,ON ,2,Full,CampsitePermit,Single Tent,
Salsman,ON ,2,Senior,CampsitePermit,Less than 20ft,
Five Islands,BC ,2,Senior,CampsitePermit,Single Tent,
Battery,ON ,2,Full,CampsitePermit,Single Tent,
Dollar Lake,NS ,2,Full,CampsitePermit,Less than 20ft,
Porters Lake,NS ,3,Full,CampsitePermit,Less than 20ft,
Rissers Beach,NS ,2,Full,CampsitePermit,Less than 20ft,
Thomas Raddall,NS ,3,Full,CampsitePermit,Less than 20ft,
Blomidon,NS ,3,Full,CampsitePermit,Tents,
Rissers Beach,NS ,4,Full,CampsitePermit,Less than 20ft,
Rissers Beach,NS ,5,Full,CampsitePermit,Less than 30ft,
Battery,NS ,2,Full,CampsitePermit,Single Tent,
Caribou Munroes,NS ,4,Full,CampsitePermit,Single Tent,
Smileys,NB ,4,Full,CampsitePermit,Less than 30ft,
Porters Lake,NS ,4,Full,CampsitePermit,Tents,
Laurie,NS ,4,Full,CampsitePermit,Single Tent,
Rissers Beach,NS ,4,Full,CampsitePermit,Less than 20ft,
Dollar Lake,NS ,2,Senior,CampsitePermit,Less than 30ft,
Mira River,BC ,2,Full,CampsitePermit,Less than 30ft,
Rissers Beach,NS ,3,Full,CampsitePermit,Tents,
Thomas Raddall,NS ,2,Full,CampsitePermit,Tents,
Blomidon,NS ,2,Full,CampsitePermit,Single Tent,
Whycocomagh,NS ,2,Senior,CampsitePermit,Less than 20ft,
Smileys,NS ,2,Full,CampsitePermit,Single Tent,
Five Islands,QC ,2,Full,CampsitePermit,Single Tent,
Amherst Shore,NS ,4,Full,CampsitePermit,Less than 20ft,
Ellenwood Lake,NS ,5,Full,CampsitePermit,Single Tent,
Dollar Lake,NS ,4,Full,CampsitePermit,Less than 20ft,
Blomidon,AB ,2,Full,CampsitePermit,Single Tent,
Dollar Lake,NS ,2,Full,CampsitePermit,Single Tent,
Thomas Raddall,NS ,4,Full,CampsitePermit,Less than 20ft,
Whycocomagh,NS ,2,Full,CampsitePermit,Single Tent,
Mira River,NS ,2,Full,CampsitePermit,Single Tent,
Rissers Beach,ON ,2,Full,CampsitePermit,Single Tent,
Dollar Lake,NS ,2,Full,CampsitePermit,Single Tent,
Smileys,NS ,2,Full,CampsitePermit,Less than 30ft,
Battery,NS ,3,Full,CampsitePermit,Single Tent,
Smileys,NS ,2,Full,CampsitePermit,Single Tent,
Laurie,ON ,2,Senior,CampsitePermit,Less than 20ft,
Porters Lake,NS ,4,Full,CampsitePermit,Less than 30ft,
Laurie,NS ,5,Full,CampsitePermit,Tents,
Caribou Munroes,NS ,2,Full,CampsitePermit,Less than 30ft,
Dollar Lake,NS ,4,Full,CampsitePermit,Single Tent,
Five Islands,NS ,2,Full,CampsitePermit,Single Tent,
The Islands,NS ,2,Full,CampsitePermit,Less than 30ft,
Blomidon,NS ,3,Full,CampsitePermit,Single Tent,
Dollar Lake,NS ,4,Full,CampsitePermit,Less than 20ft,
Amherst Shore,NS ,2,Full,CampsitePermit,Single Tent,
Five Islands,NB ,2,Full,CampsitePermit,Single Tent,
Smileys,NS ,2,Full,CampsitePermit,Less than 30ft,
Rissers Beach,NS ,4,Full,CampsitePermit,Single Tent,
Dollar Lake,NS ,4,Full,CampsitePermit,Tents,
Graves Island,NS ,4,Senior,CampsitePermit,Single Tent,
Caribou Munroes,NS ,2,Full,CampsitePermit,Less than 20ft,
Mira River,ON ,2,Full,CampsitePermit,Less than 20ft,
Mira River,NS ,4,Full,CampsitePermit,Single Tent,
Thomas Raddall,NS ,2,Full,CampsitePermit,Single Tent,
Mira River,NS ,4,Full,CampsitePermit,Less than 30ft,
Dollar Lake,NS ,4,Full,CampsitePermit,Tents,
Mira River,NS ,3,Full,CampsitePermit,Less than 20ft,
Mira River,NS ,3,Full,CampsitePermit,Less than 40ft,
Rissers Beach,NS ,2,Full,CampsitePermit,Less than 30ft,
Rissers Beach,ON ,2,Full,CampsitePermit,Less than 20ft,
Caribou Munroes,NS ,4,Full,CampsitePermit,Single Tent,
Laurie,NS ,2,Senior,CampsitePermit,Less than 40ft,
Valleyview,NS ,2,Full,CampsitePermit,Less than 20ft,
Mira River,PE ,2,Full,CampsitePermit,Single Tent,
Whycocomagh,QC ,2,Senior,CampsitePermit,Less than 20ft,
Thomas Raddall,NS ,1,Full,CampsitePermit,Single Tent,
Rissers Beach,ON ,3,Full,CampsitePermit,Single Tent,
Dollar Lake,NS ,6,Full,CampsitePermit,Tents,
Porters Lake,QC ,2,Full,CampsitePermit,Single Tent,
Graves Island,NS ,5,Full,CampsitePermit,Tents,
Porters Lake,NS ,3,Full,CampsitePermit,Less than 40ft,
Laurie,NS ,2,Full,CampsitePermit,Single Tent,
The Islands,NS ,2,Full,CampsitePermit,Less than 20ft,
Porters Lake,NS ,3,Full,CampsitePermit,Single Tent,
Thomas Raddall,ON ,1,Full,CampsitePermit,Single Tent,
Graves Island,NS ,2,Full,CampsitePermit,Less than 30ft,
Dollar Lake,NS ,2,Full,CampsitePermit,Single Tent,
Dollar Lake,NS ,5,Full,CampsitePermit,Single Tent,
Caribou Munroes,NS ,4,Full,CampsitePermit,Tents,
Graves Island,NS ,2,Full,CampsitePermit,Less than 40ft,
Boylston,NS ,1,Full,CampsitePermit,Single Tent,
Laurie,QC ,6,Full,CampsitePermit,Tents,
Porters Lake,ON ,1,Full,CampsitePermit,Less than 20ft,
Blomidon,NS ,2,Full,CampsitePermit,Single Tent,
Blomidon,NS ,1,Full,CampsitePermit,Single Tent,
Smileys,NS ,4,Full,CampsitePermit,Less than 30ft,
Rissers Beach,NS ,4,Full,CampsitePermit,Tents,
Whycocomagh,ON ,2,Full,CampsitePermit,Less than 20ft,
Battery,QC ,2,Full,CampsitePermit,Single Tent,
Porters Lake,NS ,3,Full,CampsitePermit,Single Tent,
Rissers Beach,NS ,2,Full,CampsitePermit,Less than 30ft,
Dollar Lake,NS ,2,Senior,CampsitePermit,Less than 20ft,
Rissers Beach,NS ,2,Senior,CampsitePermit,Less than 20ft,
Battery,QC ,2,Senior,CampsitePermit,Single Tent,
Five Islands,NS ,1,Senior,CampsitePermit,Less than 20ft,
Mira River,NS ,2,Veteran,CampsitePermit,Single Tent,
Rissers Beach,NS ,2,Full,CampsitePermit,Less than 20ft,
Thomas Raddall,NS ,2,Senior,CampsitePermit,Less than 20ft,
Graves Island,NS ,1,Full,CampsitePermit,Less than 40ft,
Thomas Raddall,AB ,2,Full,CampsitePermit,Single Tent,
Graves Island,QC ,2,Full,CampsitePermit,Single Tent,
Mira River,NS ,4,Full,CampsitePermit,Less than 30ft,
Porters Lake,NS ,4,Full,CampsitePermit,Less than 40ft,
Graves Island,NS ,2,Full,CampsitePermit,Less than 40ft,
Rissers Beach,NS ,2,Full,CampsitePermit,Single Tent,
Graves Island,NS ,2,Full,CampsitePermit,Less than 30ft,
Caribou Munroes,NS ,5,Full,CampsitePermit,Single Tent,
Graves Island,NS ,6,Full,CampsitePermit,Tents,
Cape Chignecto,PE ,2,Full,BackcountryPermit,Single Tent,
Porters Lake,NS ,6,Full,CampsitePermit,Tents,
Thomas Raddall,NS ,4,Senior,CampsitePermit,Single Tent,
Rissers Beach,NS ,2,Full,CampsitePermit,Single Tent,
Caribou Munroes,NS ,2,Senior,CampsitePermit,Less than 20ft,
Rissers Beach,NS ,4,Full,CampsitePermit,Less than 30ft,
Graves Island,BC ,4,Senior,CampsitePermit,Less than 20ft,
Caribou Munroes,NS ,2,Full,CampsitePermit,Less than 20ft,
Caribou Munroes,ON ,4,Full,CampsitePermit,Less than 30ft,
Rissers Beach,NS ,4,Full,CampsitePermit,Single Tent,
Smileys,NS ,2,Full,CampsitePermit,Less than 20ft,
Valleyview,NS ,4,Full,CampsitePermit,Less than 20ft,
Thomas Raddall,NS ,4,Full,CampsitePermit,Tents,
Graves Island,NS ,2,Full,CampsitePermit,Less than 20ft,
Five Islands,NL ,4,Full,CampsitePermit,Single Tent,
Blomidon,ON ,4,Full,CampsitePermit,Tents,
Porters Lake,NS ,6,Full,CampsitePermit,Tents,
Graves Island,NS ,2,Full,CampsitePermit,Less than 40ft,
Five Islands,ON ,2,Full,CampsitePermit,Single Tent,
Battery,NS ,3,Full,CampsitePermit,Less than 40ft,
Mira River,QC ,2,Full,CampsitePermit,Less than 30ft,
Rissers Beach,NS ,3,Full,CampsitePermit,Single Tent,
Porters Lake,BC ,5,Full,CampsitePermit,Tents,
The Islands,NS ,2,Full,CampsitePermit,Single Tent,
The Islands,NS ,2,Full,CampsitePermit,Less than 20ft,
Rissers Beach,NS ,6,Full,CampsitePermit,Less than 30ft,
Amherst Shore,NS ,5,Full,CampsitePermit,Tents,
Rissers Beach,NS ,4,Full,CampsitePermit,Single Tent,
Salsman,NS ,2,Full,CampsitePermit,Single Tent,
Rissers Beach,NS ,5,Full,CampsitePermit,Single Tent,
Porters Lake,NB ,2,Full,CampsitePermit,Single Tent,
Graves Island,QC ,2,Senior,CampsitePermit,Single Tent,
Mira River,ON ,3,Full,CampsitePermit,Single Tent,
Graves Island,NS ,2,Senior,CampsitePermit,Less than 40ft,
Laurie,NS ,2,Full,CampsitePermit,Less than 20ft,
Laurie,NS ,4,Full,CampsitePermit,Single Tent,
Rissers Beach,NS ,5,Full,CampsitePermit,Less than 30ft,
Laurie,QC ,3,Veteran,CampsitePermit,Single Tent,
Porters Lake,ON ,3,Full,CampsitePermit,Single Tent,
Cape Chignecto,NB ,2,Full,BackcountryPermit,Single Tent,
Rissers Beach,NS ,5,Full,CampsitePermit,Single Tent,
Battery,ON ,2,Full,CampsitePermit,Single Tent,
Rissers Beach,NS ,4,Full,CampsitePermit,Less than 40ft,
Rissers Beach,NS ,6,Full,CampsitePermit,Tents,
Blomidon,NS ,3,Full,CampsitePermit,Single Tent,
Dollar Lake,NS ,3,Full,CampsitePermit,Less than 20ft,
Graves Island,NS ,2,Full,CampsitePermit,Less than 30ft,
Salsman,NS ,2,Full,CampsitePermit,Single Tent,
Salsman,NS ,2,Full,CampsitePermit,Less than 20ft,
Rissers Beach,QC ,2,Full,CampsitePermit,Single Tent,
Graves Island,ON ,2,Senior,CampsitePermit,Less than 30ft,
Smileys,NS ,4,Full,CampsitePermit,Less than 30ft,
Porters Lake,AB ,2,Full,CampsitePermit,Less than 30ft,
Salsman,NS ,5,Full,CampsitePermit,Tents,
Valleyview,NS ,2,Full,CampsitePermit,Less than 30ft,
Blomidon,QC ,5,Full,CampsitePermit,Single Tent,
Caribou Munroes,ON ,2,Full,CampsitePermit,Single Tent,
Laurie,QC ,2,Full,CampsitePermit,Single Tent,
Smileys,NS ,3,Full,CampsitePermit,Single Tent,
Rissers Beach,NS ,4,FULL,CampsitePermit,Tents,
Ellenwood Lake,NS ,4,Full,CampsitePermit,Single Tent,
Salsman,NS ,5,Senior,CampsitePermit,Less than 30ft,
Dollar Lake,NS ,6,Full,CampsitePermit,Tents,
Laurie,NS ,2,Full,CampsitePermit,Less than 30ft,
Whycocomagh,ON ,2,Full,CampsitePermit,Single Tent,
Laurie,NS ,2,Full,CampsitePermit,Tents,
Caribou Munroes,QC ,2,Full,CampsitePermit,Single Tent,
Thomas Raddall,NS ,3,Full,CampsitePermit,Less than 40ft,
Five Islands,BC ,2,Full,CampsitePermit,Less than 20ft,
Valleyview,NS ,2,Senior,CampsitePermit,Single Tent,
Mira River,ON ,2,Full,CampsitePermit,Single Tent,
The Islands,NS ,4,Full,CampsitePermit,Single Tent,
Thomas Raddall,NS ,3,Full,CampsitePermit,Single Tent,
Battery,PE ,2,Full,CampsitePermit,Single Tent,
Ellenwood Lake,NS ,6,Full,CampsitePermit,Less than 30ft,
Porters Lake,ON ,1,Full,CampsitePermit,Less than 20ft,
Mira River,NS ,2,Full,CampsitePermit,Single Tent,
Graves Island,NS ,3,Full,CampsitePermit,Single Tent,
Porters Lake,NS ,2,Full,CampsitePermit,Less than 30ft,
Porters Lake,NS ,4,Full,CampsitePermit,Single Tent,
The Islands,AB ,2,Full,CampsitePermit,Greater than 40ft,
Mira River,NS ,2,Full,CampsitePermit,Less than 20ft,
Mira River,NS ,4,Senior,CampsitePermit,Less than 20ft,
Amherst Shore,ON ,4,Full,CampsitePermit,Less than 20ft,
Ellenwood Lake,NS ,2,Senior,CampsitePermit,Single Tent,
Mira River,NS ,5,Full,CampsitePermit,Single Tent,
Salsman,NS ,6,Full,CampsitePermit,Less than 20ft,
Mira River,ON ,3,Full,CampsitePermit,Single Tent,
Thomas Raddall,NS ,1,Full,CampsitePermit,Single Tent,
Laurie,NS ,2,Full,CampsitePermit,Single Tent,
Caribou Munroes,NB ,2,Full,CampsitePermit,Less than 40ft,
Rissers Beach,NS ,3,Full,CampsitePermit,Tents,
Graves Island,NS ,2,Senior,CampsitePermit,Less than 20ft,
Blomidon,NS ,6,Full,CampsitePermit,Less than 30ft,
Porters Lake,NS ,2,Veteran,CampsitePermit,Less than 40ft,
Amherst Shore,NS ,2,Senior,CampsitePermit,Single Tent,
Graves Island,NS ,2,Full,CampsitePermit,Less than 20ft,
Rissers Beach,NS ,2,Full,CampsitePermit,Less than 40ft,
Graves Island,NS ,4,Full,CampsitePermit,Less than 30ft,
Graves Island,NS ,2,Senior,CampsitePermit,Less than 30ft,
Blomidon,NS ,2,Full,CampsitePermit,Less than 20ft,
Graves Island,NS ,1,Full,CampsitePermit,Single Tent,
Graves Island,NS ,2,Full,CampsitePermit,Less than 30ft,
Blomidon,NS ,2,Full,CampsitePermit,Single Tent,
Cape Chignecto,NS ,4,Full,BackcountryPermit,Single Tent,
Graves Island,QC ,2,Full,CampsitePermit,Single Tent,
Rissers Beach,NS ,2,Senior,CampsitePermit,Less than 30ft,
Mira River,NS ,2,Full,CampsitePermit,Single Tent,
Rissers Beach,NS ,3,Full,CampsitePermit,Single Tent,
Whycocomagh,NS ,4,Full,CampsitePermit,Tents,
Five Islands,NB ,5,Full,CampsitePermit,Single Tent,
Rissers Beach,NS ,3,Senior,CampsitePermit,Less than 20ft,
Battery,ON ,2,Full,CampsitePermit,Less than 20ft,
Blomidon,NS ,1,Senior,CampsitePermit,Single Tent,
Dollar Lake,NS ,2,Full,CampsitePermit,Single Tent,
Blomidon,PE ,1,Full,CampsitePermit,Single Tent,
Cape Chignecto,NS ,2,Full,BackcountryPermit,Single Tent,
Rissers Beach,NB ,2,Full,CampsitePermit,Single Tent,
Laurie,NS ,4,Full,CampsitePermit,Single Tent,
Blomidon,NB ,6,Full,CampsitePermit,Tents,
Mira River,NB ,2,Senior,CampsitePermit,Single Tent,
Cape Chignecto,NS ,1,Full,BackcountryPermit,Single Tent,
Five Islands,NS ,2,Full,CampsitePermit,Single Tent,
Ellenwood Lake,QC ,2,Full,CampsitePermit,Less than 20ft,
Porters Lake,NS ,2,Full,CampsitePermit,Less than 30ft,
Graves Island,NS ,2,Senior,CampsitePermit,Less than 30ft,
Amherst Shore,ON ,3,Full,CampsitePermit,Single Tent,
Caribou Munroes,NS ,1,Host,CampsitePermit,Less than 20ft,
Thomas Raddall,NS ,2,Full,CampsitePermit,Single Tent,
Rissers Beach,NS ,4,Full,CampsitePermit,Single Tent,
Five Islands,NS ,2,Full,CampsitePermit,Single Tent,
Mira River,NS ,2,Full,CampsitePermit,Single Tent,
Cape Chignecto,NS ,1,Full,BackcountryPermit,Single Tent,
Five Islands,NS ,3,Full,CampsitePermit,Single Tent,
Caribou Munroes,NS ,2,Senior,CampsitePermit,Less than 30ft,
Amherst Shore,SK ,2,Full,CampsitePermit,Single Tent,
Blomidon,ON ,2,Full,CampsitePermit,Less than 30ft,
Graves Island,NS ,2,Senior,CampsitePermit,Less than 20ft,
Whycocomagh,NB ,2,Full,CampsitePermit,Single Tent,
Caribou Munroes,NS ,4,Full,CampsitePermit,Less than 30ft,
Battery,NS ,3,Full,CampsitePermit,Less than 20ft,
Whycocomagh,ON ,2,Full,CampsitePermit,Single Tent,
Thomas Raddall,NS ,1,Full,CampsitePermit,Single Tent,
Blomidon,NS ,3,Full,CampsitePermit,Single Tent,
Rissers Beach,NS ,4,Full,CampsitePermit,Tents,
Rissers Beach,QC ,4,Full,CampsitePermit,Single Tent,
Rissers Beach,NS ,1,Full,CampsitePermit,Single Tent,
Mira River,NS ,2,Full,CampsitePermit,Tents,
Graves Island,NB ,1,Full,CampsitePermit,Single Tent,
Battery,NS ,2,Senior,CampsitePermit,Single Tent,
Valleyview,NS ,1,Veteran,CampsitePermit,Single Tent,
The Islands,NS ,3,Full,CampsitePermit,Tents,
Mira River,ON ,2,Senior,CampsitePermit,Single Tent,
Graves Island,NS ,3,Full,CampsitePermit,Less than 30ft,
The Islands,NS ,5,Full,CampsitePermit,Single Tent,
Cape Chignecto,NB ,2,Full,BackcountryPermit,Single Tent,
Five Islands,NS ,3,Full,CampsitePermit,Single Tent,
Rissers Beach,NS ,2,Full,CampsitePermit,Less than 30ft,
Dollar Lake,NS ,4,Full,CampsitePermit,Tents,
Thomas Raddall,NS ,3,Full,CampsitePermit,Less than 30ft,
Mira River,NS ,4,Full,CampsitePermit,Less than 30ft,
Rissers Beach,NS ,3,Full,CampsitePermit,Less than 20ft,
Rissers Beach,NS ,3,Full,CampsitePermit,Single Tent,
Caribou Munroes,ON ,1,Senior,CampsitePermit,Less than 20ft,
Laurie,NB ,4,Full,CampsitePermit,Single Tent,
Thomas Raddall,NS ,2,Full,CampsitePermit,Single Tent,
Battery,NS ,4,Full,CampsitePermit,Less than 20ft,
Five Islands,PE ,2,Full,CampsitePermit,Single Tent,
Dollar Lake,NS ,4,Full,CampsitePermit,Tents,
Rissers Beach,NS ,5,Full,CampsitePermit,Less than 30ft,
Graves Island,NS ,5,Full,CampsitePermit,Less than 40ft,
Five Islands,NS ,1,Full,CampsitePermit,Less than 20ft,
Rissers Beach,NS ,2,Senior,CampsitePermit,Less than 30ft,
Ellenwood Lake,NS ,4,Full,CampsitePermit,Tents,
Porters Lake,NS ,6,Full,CampsitePermit,Tents,
Ellenwood Lake,NS ,3,Full,CampsitePermit,Single Tent,
Blomidon,ON ,2,Full,CampsitePermit,Single Tent,
Caribou Munroes,NS ,2,Full,CampsitePermit,Less than 30ft,
Five Islands,NS ,2,Full,CampsitePermit,Less than 30ft,
Smileys,NS ,6,Full,CampsitePermit,Less than 20ft,
Dollar Lake,NS ,6,Full,CampsitePermit,Less than 20ft,
Mira River,NS ,5,Full,CampsitePermit,Less than 30ft,
Thomas Raddall,NS ,2,Full,CampsitePermit,Single Tent,
The Islands,NS ,2,Full,CampsitePermit,Less than 40ft,
Whycocomagh,ON ,1,Full,YurtPermit,Tents,
Caribou Munroes,ON ,5,Full,CampsitePermit,Tents,
Dollar Lake,NS ,4,Full,CampsitePermit,Less than 40ft,
Five Islands,NS ,4,Full,CampsitePermit,Less than 30ft,
Rissers Beach,NS ,4,Full,CampsitePermit,Single Tent,
Rissers Beach,NS ,3,FULL,CampsitePermit,Less than 20ft,
Five Islands,QC ,2,Full,CampsitePermit,Less than 20ft,
Caribou Munroes,NS ,2,Full,CampsitePermit,Single Tent,
Graves Island,NS ,4,Full,CampsitePermit,Less than 20ft,
Laurie,NS ,2,Senior,CampsitePermit,Less than 30ft,
Five Islands,NS ,2,Full,CampsitePermit,Less than 20ft,
Mira River,NS ,2,Full,CampsitePermit,Less than 20ft,
Dollar Lake,NS ,5,Full,CampsitePermit,Single Tent,
Laurie,QC ,2,Full,CampsitePermit,Single Tent,
Ellenwood Lake,NS ,3,Full,CampsitePermit,Less than 30ft,
Dollar Lake,NS ,2,Full,CampsitePermit,Single Tent,
Graves Island,NS ,2,Full,CampsitePermit,Less than 30ft,
Mira River,NS ,5,Full,CampsitePermit,Less than 30ft,
Ellenwood Lake,NS ,2,Full,CampsitePermit,Single Tent,
Mira River,NS ,3,Full,CampsitePermit,Less than 30ft,
Blomidon,NS ,4,Full,CampsitePermit,Single Tent,
Rissers Beach,NS ,3,Full,CampsitePermit,Less than 20ft,
The Islands,ON ,1,Full,CampsitePermit,Single Tent,
Rissers Beach,NS ,2,Full,CampsitePermit,Single Tent,
Laurie,NS ,4,Full,CampsitePermit,Less than 20ft,
Laurie,NS ,6,Full,CampsitePermit,Single Tent,
The Islands,NS ,2,Full,CampsitePermit,Less than 20ft,
Smileys,NS ,5,Full,CampsitePermit,Single Tent,
Five Islands,NB ,2,Full,CampsitePermit,Single Tent,
Mira River,NS ,6,Full,CampsitePermit,Less than 40ft,
Blomidon,NS ,5,Full,CampsitePermit,Tents,
Smileys,NS ,2,Senior,CampsitePermit,Less than 40ft,
Graves Island,NS ,2,Full,CampsitePermit,Single Tent,
Rissers Beach,NS ,2,Senior,CampsitePermit,Less than 20ft,
Laurie,NS ,3,Full,CampsitePermit,Less than 20ft,
Rissers Beach,ON ,2,Full,CampsitePermit,Single Tent,
Ellenwood Lake,NS ,2,Veteran,CampsitePermit,Single Tent,
Caribou Munroes,NS ,3,Full,CampsitePermit,Less than 30ft,
Thomas Raddall,ON ,2,Full,CampsitePermit,Single Tent,
Five Islands,NS ,2,Full,CampsitePermit,Tents,
Ellenwood Lake,NS ,2,Full,CampsitePermit,Single Tent,
Graves Island,NS ,2,Full,CampsitePermit,Less than 20ft,
Smileys,NS ,3,Full,CampsitePermit,Tents,
Rissers Beach,YT ,2,Full,CampsitePermit,Single Tent,
Graves Island,NS ,3,Full,CampsitePermit,Less than 20ft,
Caribou Munroes,NS ,4,Full,CampsitePermit,Tents,
Graves Island,NS ,4,Full,CampsitePermit,Less than 40ft,
Graves Island,AB ,2,Full,CampsitePermit,Less than 20ft,
Five Islands,NS ,3,Full,CampsitePermit,Less than 20ft,
Caribou Munroes,ON ,1,Senior,CampsitePermit,Single Tent,
Salsman,NS ,5,Full,CampsitePermit,Less than 40ft,
Caribou Munroes,NS ,4,Full,CampsitePermit,Single Tent,
Blomidon,NS ,6,Full,CampsitePermit,Tents,
Dollar Lake,NS ,3,Full,CampsitePermit,Single Tent,
Porters Lake,NS ,2,Full,CampsitePermit,Less than 20ft,
Laurie,NS ,2,Senior,CampsitePermit,Less than 30ft,
Laurie,NS ,2,Veteran,CampsitePermit,Single Tent,
Amherst Shore,ON ,2,Full,CampsitePermit,Single Tent,
Laurie,NS ,4,Full,CampsitePermit,Less than 30ft,
Blomidon,AB ,1,Full,CampsitePermit,Single Tent,
Whycocomagh,NS ,3,Full,CampsitePermit,Single Tent,
Graves Island,NS ,4,Full,CampsitePermit,Tents,
Five Islands,PE ,1,Full,CampsitePermit,Less than 20ft,
Whycocomagh,NS ,2,Senior,CampsitePermit,Single Tent,
Rissers Beach,ON ,4,Full,CampsitePermit,Less than 40ft,
Whycocomagh,ON ,2,Full,CampsitePermit,Single Tent,
Battery,MB ,2,Senior,CampsitePermit,Single Tent,
Laurie,QC ,2,Full,CampsitePermit,Less than 20ft,
Caribou Munroes,ON ,5,Full,CampsitePermit,Tents,
Rissers Beach,NS ,2,Full,CampsitePermit,Single Tent,
Mira River,QC ,4,Full,CampsitePermit,Single Tent,
Graves Island,AB ,1,Senior,CampsitePermit,Single Tent,
Porters Lake,QC ,1,Full,CampsitePermit,Single Tent,
Caribou Munroes,NS ,4,Full,CampsitePermit,Single Tent,
Smileys,NS ,4,Full,CampsitePermit,Less than 30ft,
Smileys,NB ,5,Full,CampsitePermit,Less than 20ft,
Battery,NS ,2,Full,CampsitePermit,Single Tent,
Rissers Beach,NS ,5,Full,CampsitePermit,Single Tent,
Porters Lake,NS ,2,Full,CampsitePermit,Single Tent,
Graves Island,NS ,2,Full,CampsitePermit,Less than 30ft,
Blomidon,NS ,3,Full,CampsitePermit,Single Tent,
Caribou Munroes,NS ,4,Full,CampsitePermit,Single Tent,
Ellenwood Lake,NS ,2,Full,CampsitePermit,Less than 30ft,
The Islands,NS ,2,Full,CampsitePermit,Less than 20ft,
Amherst Shore,NS ,3,Full,CampsitePermit,Less than 20ft,
Five Islands,NS ,2,Full,CampsitePermit,Single Tent,
Rissers Beach,NB ,1,Full,CampsitePermit,Single Tent,
Porters Lake,NS ,3,Full,CampsitePermit,Single Tent,
Mira River,NS ,3,Full,CampsitePermit,Greater than 40ft,
Cape Chignecto,NB ,2,Full,BackcountryPermit,Single Tent,
Graves Island,NS ,2,Full,CampsitePermit,Less than 30ft,
Graves Island,NS ,2,Senior,CampsitePermit,Less than 20ft,
Mira River,NS ,4,Full,CampsitePermit,Single Tent,
Dollar Lake,NS ,4,Full,CampsitePermit,Less than 30ft,
Five Islands,NS ,5,Full,CampsitePermit,Single Tent,
Battery,NS ,2,Full,CampsitePermit,Less than 20ft,
Amherst Shore,NS ,4,Full,CampsitePermit,Tents,
Battery,ON ,2,Senior,CampsitePermit,Single Tent,
Five Islands,QC ,4,Full,CampsitePermit,Tents,
Blomidon,ON ,2,Full,CampsitePermit,Less than 30ft,
Rissers Beach,NS ,2,Senior,CampsitePermit,Less than 20ft,
Valleyview,NS ,1,Full,CampsitePermit,Single Tent,
Smileys,NS ,2,Full,CampsitePermit,Less than 20ft,
Cape Chignecto,NB ,2,Full,BackcountryPermit,Single Tent,
Thomas Raddall,QC ,2,Full,CampsitePermit,Single Tent,
Laurie,NS ,6,Full,CampsitePermit,Less than 20ft,
Amherst Shore,ON ,2,Full,CampsitePermit,Less than 20ft,
Rissers Beach,NS ,6,Full,CampsitePermit,Tents,
Smileys,NS ,3,Full,CampsitePermit,Single Tent,
Dollar Lake,NS ,5,Full,CampsitePermit,Tents,
The Islands,NS ,4,Full,CampsitePermit,Less than 20ft,
Mira River,NS ,3,Full,CampsitePermit,Less than 30ft,
Whycocomagh,QC ,3,Full,CampsitePermit,Less than 20ft,
Rissers Beach,NS ,3,Full,CampsitePermit,Less than 20ft,
Caribou Munroes,NS ,4,Full,CampsitePermit,Less than 30ft,
Blomidon,NB ,2,Full,CampsitePermit,Single Tent,
Dollar Lake,NS ,2,Full,CampsitePermit,Single Tent,
Five Islands,NB ,2,Senior,CampsitePermit,Single Tent,
Cape Chignecto,NS ,2,Full,BackcountryPermit,Single Tent,
Rissers Beach,NS ,4,Full,CampsitePermit,Less than 40ft,
Salsman,NS ,2,Full,CampsitePermit,Less than 30ft,
Ellenwood Lake,NS ,3,Full,CampsitePermit,Single Tent,
Battery,ON ,5,Full,CampsitePermit,Less than 30ft,
Dollar Lake,NS ,2,Full,CampsitePermit,Less than 20ft,
Graves Island,NS ,6,Full,CampsitePermit,Tents,
Porters Lake,NS ,2,Senior,CampsitePermit,Less than 20ft,
Rissers Beach,ON ,2,Full,CampsitePermit,Single Tent,
Boylston,QC ,1,Full,CampsitePermit,Single Tent,
Thomas Raddall,NS ,3,Full,CampsitePermit,Single Tent,
Thomas Raddall,NS ,3,Full,CampsitePermit,Less than 20ft,
Caribou Munroes,ON ,2,Senior,CampsitePermit,Less than 20ft,
Graves Island,NS ,1,Full,CampsitePermit,Single Tent,
Graves Island,NS ,3,Full,CampsitePermit,Less than 40ft,
Caribou Munroes,NS ,1,Senior,CampsitePermit,Single Tent,
Dollar Lake,NS ,2,Full,CampsitePermit,Single Tent,
Blomidon,NS ,4,Full,CampsitePermit,Tents,
Graves Island,NS ,2,Full,CampsitePermit,Single Tent,
Ellenwood Lake,ON ,2,Full,CampsitePermit,Single Tent,
Blomidon,NS ,2,Full,CampsitePermit,Single Tent,
Mira River,ON ,3,Full,CampsitePermit,Less than 20ft,
Caribou Munroes,NS ,4,Full,CampsitePermit,Less than 20ft,
Mira River,QC ,4,Full,CampsitePermit,Single Tent,
Mira River,NS ,2,Full,CampsitePermit,Less than 30ft,
Thomas Raddall,NS ,2,Full,CampsitePermit,Single Tent,
Porters Lake,NB ,4,Full,CampsitePermit,Single Tent,
Amherst Shore,ON ,7,Full,CampsitePermit,Single Tent,
Valleyview,QC ,2,Senior,CampsitePermit,Less than 20ft,
Blomidon,NS ,2,Veteran,CampsitePermit,Single Tent,
Thomas Raddall,NS ,4,Full,CampsitePermit,Single Tent,
Porters Lake,ON ,2,Senior,CampsitePermit,Less than 20ft,
Graves Island,NS ,2,Full,CampsitePermit,Single Tent,
Rissers Beach,NS ,2,Full,CampsitePermit,Less than 30ft,
Rissers Beach,NS ,2,Full,CampsitePermit,Single Tent,
Valleyview,NS ,2,Senior,CampsitePermit,Single Tent,
Rissers Beach,NS ,2,Full,CampsitePermit,Less than 20ft,
Mira River,NS ,4,Full,CampsitePermit,Single Tent,
Mira River,NS ,4,Full,CampsitePermit,Less than 30ft,
Mira River,NS ,2,Senior,CampsitePermit,Less than 40ft,
Battery,NS ,2,Full,CampsitePermit,Less than 20ft,
The Islands,NS ,4,Full,CampsitePermit,Less than 20ft,
Five Islands,NS ,5,Full,CampsitePermit,Single Tent,
Rissers Beach,NS ,2,Full,CampsitePermit,Less than 20ft,
Dollar Lake,NS ,5,Full,CampsitePermit,Single Tent,
Thomas Raddall,NS ,3,Full,CampsitePermit,Less than 20ft,
Mira River,QC ,2,Full,CampsitePermit,Single Tent,
Caribou Munroes,NS ,3,Full,CampsitePermit,Less than 20ft,
Mira River,QC ,2,Full,CampsitePermit,Less than 30ft,
Thomas Raddall,NS ,2,Full,CampsitePermit,Single Tent,
Graves Island,NS ,2,Full,CampsitePermit,Less than 30ft,
Battery,NS ,4,Full,CampsitePermit,Single Tent,
Porters Lake,NS ,6,Full,CampsitePermit,Tents,
The Islands,NS ,1,Full,CampsitePermit,Single Tent,
Salsman,NS ,3,Full,CampsitePermit,Less than 20ft,
Valleyview,ON ,2,Full,CampsitePermit,Single Tent,
Thomas Raddall,NS ,3,Full,CampsitePermit,Less than 20ft,
Battery,NS ,4,Full,CampsitePermit,Single Tent,
Smileys,NS ,2,Senior,CampsitePermit,Less than 30ft,
The Islands,NS ,3,Full,CampsitePermit,Less than 20ft,
Caribou Munroes,YT ,2,Senior,CampsitePermit,Single Tent,
Laurie,NS ,3,Full,CampsitePermit,Less than 20ft,
Amherst Shore,ON ,2,Full,CampsitePermit,Less than 20ft,
The Islands,NS ,2,Full,CampsitePermit,Less than 20ft,
Graves Island,NS ,2,Full,CampsitePermit,Less than 30ft,
Graves Island,NS ,2,Senior,CampsitePermit,Less than 40ft,
Mira River,QC ,2,Senior,CampsitePermit,Single Tent,
Thomas Raddall,NS ,3,Full,CampsitePermit,Single Tent,
Blomidon,NB ,2,Full,CampsitePermit,Single Tent,
Rissers Beach,QC ,3,Full,CampsitePermit,Less than 20ft,
Smileys,NS ,2,Full,CampsitePermit,Less than 20ft,
Rissers Beach,ON ,3,Full,CampsitePermit,Single Tent,
Graves Island,NS ,1,Full,CampsitePermit,Single Tent,
Dollar Lake,NS ,5,Full,CampsitePermit,Tents,
Blomidon,QC ,2,Full,CampsitePermit,Single Tent,
Rissers Beach,ON ,1,Full,CampsitePermit,Single Tent,
Amherst Shore,NS ,2,Senior,CampsitePermit,Less than 30ft,
Cape Chignecto,NS ,2,Full,BackcountryPermit,Cabin,
Rissers Beach,NS ,4,Full,CampsitePermit,Less than 20ft,
Five Islands,NS ,2,Full,CampsitePermit,Single Tent,
Thomas Raddall,NS ,1,Full,CampsitePermit,Single Tent,
Mira River,SK ,3,Full,CampsitePermit,Single Tent,
Dollar Lake,ON ,5,Full,CampsitePermit,Single Tent,
Laurie,ON ,3,Full,CampsitePermit,Single Tent,
Graves Island,AB ,2,Senior,CampsitePermit,Less than 40ft,
Mira River,NS ,3,Full,CampsitePermit,Less than 20ft,
Caribou Munroes,NS ,2,Senior,CampsitePermit,Single Tent,
Graves Island,ON ,5,Full,CampsitePermit,Less than 30ft,
Caribou Munroes,QC ,2,Full,CampsitePermit,Less than 20ft,
Mira River,QC ,2,Full,CampsitePermit,Single Tent,
Cape Chignecto,NS ,2,Full,BackcountryPermit,Single Tent,
Thomas Raddall,NS ,4,Full,CampsitePermit,Less than 20ft,
Mira River,NS ,4,Full,CampsitePermit,Single Tent,
Graves Island,NS ,2,Full,CampsitePermit,Less than 20ft,
Amherst Shore,NS ,4,Full,CampsitePermit,Less than 20ft,
Mira River,NS ,4,Full,CampsitePermit,Less than 40ft,
Dollar Lake,NS ,2,Full,CampsitePermit,Less than 30ft,
Caribou Munroes,SK ,3,Full,CampsitePermit,Less than 40ft,
Valleyview,NS ,3,Full,CampsitePermit,Less than 20ft,
Smileys,NS ,3,Full,CampsitePermit,Single Tent,
Laurie,NS ,4,Full,CampsitePermit,Tents,
Rissers Beach,NS ,1,Full,CampsitePermit,Single Tent,
Graves Island,NS ,2,Full,CampsitePermit,Less than 20ft,
Porters Lake,NS ,2,Full,CampsitePermit,Less than 30ft,
Cape Chignecto,NB ,2,Full,BackcountryPermit,Single Tent,
Blomidon,NS ,2,Full,CampsitePermit,Less than 30ft,
The Islands,NS ,2,Full,CampsitePermit,Less than 20ft,
Ellenwood Lake,NS ,3,Full,CampsitePermit,Less than 30ft,
Whycocomagh,NS ,2,Full,CampsitePermit,Single Tent,
Five Islands,NB ,2,Full,CampsitePermit,Single Tent,
Smileys,NS ,3,Full,CampsitePermit,Single Tent,
Porters Lake,NS ,2,Full,CampsitePermit,Less than 30ft,
Caribou Munroes,NS ,2,Full,CampsitePermit,Single Tent,
Battery,ON ,3,Full,CampsitePermit,Single Tent,
Amherst Shore,ON ,3,Full,CampsitePermit,Single Tent,
Salsman,NS ,2,Full,CampsitePermit,Less than 20ft,
Caribou Munroes,NS ,2,Full,CampsitePermit,Single Tent,
Thomas Raddall,NS ,5,Full,CampsitePermit,Tents,
Valleyview,NS ,3,Full,CampsitePermit,Single Tent,
Blomidon,NB ,2,Full,CampsitePermit,Single Tent,
Smileys,NS ,5,Full,CampsitePermit,Less than 40ft,
Valleyview,NS ,1,Full,CampsitePermit,Single Tent,
Smileys,NS ,3,Full,CampsitePermit,Less than 20ft,
Dollar Lake,NS ,2,Full,CampsitePermit,Less than 20ft,
Caribou Munroes,NS ,4,Full,CampsitePermit,Single Tent,
Battery,NS ,2,Full,CampsitePermit,Single Tent,
Porters Lake,NS ,1,Full,CampsitePermit,Single Tent,
Thomas Raddall,QC ,2,Full,CampsitePermit,Single Tent,
Caribou Munroes,NS ,3,Full,CampsitePermit,Less than 20ft,
Smileys,NS ,3,Full,CampsitePermit,Less than 20ft,
The Islands,NS ,2,Full,CampsitePermit,Less than 20ft,
Ellenwood Lake,NS ,2,Full,CampsitePermit,Less than 30ft,
Blomidon,NB ,2,Full,CampsitePermit,Single Tent,
Battery,NS ,4,Full,CampsitePermit,Less than 30ft,
Caribou Munroes,NS ,4,Full,CampsitePermit,Less than 20ft,
Battery,NS ,2,Full,CampsitePermit,Single Tent,
The Islands,NS ,2,Full,CampsitePermit,Less than 30ft,
Mira River,NS ,2,Full,CampsitePermit,Single Tent,
Battery,QC ,2,Full,CampsitePermit,Single Tent,
Caribou Munroes,NB ,6,Full,CampsitePermit,Less than 20ft,
Battery,NS ,2,Senior,CampsitePermit,Less than 30ft,
Porters Lake,PE ,2,Senior,CampsitePermit,Less than 20ft,
Five Islands,NS ,2,Full,CampsitePermit,Less than 20ft,
Caribou Munroes,ON ,2,Full,CampsitePermit,Less than 30ft,
Rissers Beach,NS ,3,Full,CampsitePermit,Less than 30ft,
Battery,NS ,4,Senior,CampsitePermit,Less than 20ft,
Battery,NS ,2,Full,CampsitePermit,Single Tent,
Rissers Beach,NS ,2,Senior,CampsitePermit,Less than 30ft,
Laurie,NS ,2,Full,CampsitePermit,Less than 30ft,
Mira River,NS ,2,Full,CampsitePermit,Single Tent,
Dollar Lake,NS ,2,Full,CampsitePermit,Less than 20ft,
Blomidon,NS ,2,Senior,CampsitePermit,Tents,
Five Islands,NS ,3,Senior,CampsitePermit,Less than 20ft,
Five Islands,NS ,2,Full,CampsitePermit,Single Tent,
Smileys,NS ,4,Full,CampsitePermit,Single Tent,
Caribou Munroes,NS ,2,Senior,CampsitePermit,Less than 30ft,
Porters Lake,QC ,3,Full,CampsitePermit,Less than 20ft,
Blomidon,QC ,2,Full,CampsitePermit,Single Tent,
Mira River,NS ,2,Full,CampsitePermit,Less than 20ft,
Battery,ON ,2,Full,CampsitePermit,Single Tent,
Blomidon,NS ,2,Full,CampsitePermit,Less than 30ft,
Porters Lake,NS ,4,Full,CampsitePermit,Less than 30ft,
Caribou Munroes,NS ,3,Senior,CampsitePermit,Less than 20ft,
Ellenwood Lake,NS ,3,Full,CampsitePermit,Less than 30ft,
Five Islands,NS ,3,Full,CampsitePermit,Less than 20ft,
Mira River,NS ,2,Full,CampsitePermit,Single Tent,
Dollar Lake,NS ,4,Full,CampsitePermit,Tents,
Mira River,NS ,5,Full,CampsitePermit,Less than 40ft,
Blomidon,NS ,2,Full,CampsitePermit,Single Tent,
Rissers Beach,NS ,2,Full,CampsitePermit,Less than 30ft,
Mira River,NS ,2,Full,CampsitePermit,Less than 20ft,
Caribou Munroes,NS ,2,Full,CampsitePermit,Single Tent,
Amherst Shore,QC ,1,Full,CampsitePermit,Single Tent,
Rissers Beach,NS ,5,Full,CampsitePermit,Less than 30ft,
Five Islands,NS ,2,Senior,CampsitePermit,Less than 30ft,
Mira River,NS ,2,Full,CampsitePermit,Single Tent,
Laurie,PE ,2,Full,CampsitePermit,Tents,
Mira River,ON ,2,Senior,CampsitePermit,Single Tent,
Porters Lake,NS ,4,Full,CampsitePermit,Single Tent,
Thomas Raddall,NS ,4,Full,CampsitePermit,Less than 20ft,
Porters Lake,NS ,2,Full,CampsitePermit,Single Tent,
Porters Lake,NS ,4,Full,CampsitePermit,Single Tent,
Dollar Lake,NS ,5,Full,CampsitePermit,Tents,
Graves Island,NS ,2,Full,CampsitePermit,Single Tent,
Dollar Lake,NS ,4,Full,CampsitePermit,Single Tent,
Thomas Raddall,NS ,4,Full,CampsitePermit,Tents,
Graves Island,QC ,4,Full,CampsitePermit,Less than 20ft,
Amherst Shore,ON ,4,Full,CampsitePermit,Less than 40ft,
Rissers Beach,NS ,3,Full,CampsitePermit,Less than 30ft,
Smileys,QC ,2,Full,CampsitePermit,Single Tent,
Graves Island,QC ,3,Full,CampsitePermit,Less than 20ft,
Ellenwood Lake,NS ,3,Full,CampsitePermit,Tents,
Rissers Beach,NS ,3,Full,CampsitePermit,Less than 40ft,
Laurie,QC ,6,Full,CampsitePermit,Single Tent,
Caribou Munroes,BC ,2,Full,CampsitePermit,Single Tent,
Porters Lake,ON ,2,Senior,CampsitePermit,Less than 40ft,
Mira River,ON ,2,Senior,CampsitePermit,Single Tent,
Five Islands,NS ,4,Full,CampsitePermit,Single Tent,
Mira River,ON ,2,Senior,CampsitePermit,Less than 30ft,
Caribou Munroes,NS ,2,Senior,CampsitePermit,Less than 30ft,
Battery,NS ,2,Full,CampsitePermit,Single Tent,
Caribou Munroes,NS ,2,Full,CampsitePermit,Less than 20ft,
Ellenwood Lake,NS ,4,Full,CampsitePermit,Less than 20ft,
Caribou Munroes,NS ,3,Full,CampsitePermit,Single Tent,
Caribou Munroes,NS ,3,Full,CampsitePermit,Single Tent,
Amherst Shore,ON ,2,Full,CampsitePermit,Single Tent,
Boylston,ON ,2,Full,CampsitePermit,Single Tent,
Caribou Munroes,ON ,2,Full,CampsitePermit,Single Tent,
Rissers Beach,NS ,4,Full,CampsitePermit,Less than 20ft,
Valleyview,NS ,2,Senior,CampsitePermit,Less than 40ft,
Porters Lake,NS ,5,Full,CampsitePermit,Less than 20ft,
Thomas Raddall,NS ,2,Full,CampsitePermit,Single Tent,
Porters Lake,QC ,3,Full,CampsitePermit,Single Tent,
Five Islands,ON ,2,Full,CampsitePermit,Less than 20ft,
Rissers Beach,BC ,2,Full,CampsitePermit,Less than 30ft,
Porters Lake,QC ,2,Full,CampsitePermit,Less than 30ft,
Rissers Beach,NS ,5,Full,CampsitePermit,Tents,
Blomidon,NS ,2,Full,CampsitePermit,Less than 20ft,
Five Islands,NS ,2,Full,CampsitePermit,Single Tent,
Caribou Munroes,NS ,2,Full,CampsitePermit,Less than 30ft,
Smileys,NS ,4,Full,CampsitePermit,Single Tent,
Mira River,MB ,1,Senior,CampsitePermit,Single Tent,
Valleyview,NS ,2,Senior,CampsitePermit,Single Tent,
Valleyview,NS ,2,Full,CampsitePermit,Single Tent,
Ellenwood Lake,NS ,1,Full,CampsitePermit,Single Tent,
Thomas Raddall,NS ,6,Full,CampsitePermit,Tents,
Porters Lake,NS ,2,Full,CampsitePermit,Single Tent,
Graves Island,NS ,2,Senior,CampsitePermit,Less than 30ft,
Caribou Munroes,NS ,5,Full,CampsitePermit,Less than 40ft,
Dollar Lake,NS ,2,Full,CampsitePermit,Single Tent,
Mira River,NS ,2,Full,CampsitePermit,Single Tent,
Laurie,NS ,6,Full,CampsitePermit,Tents,
Rissers Beach,NS ,2,Full,CampsitePermit,Less than 20ft,
Blomidon,NS ,3,Full,CampsitePermit,Tents,
Blomidon,ON ,3,Full,CampsitePermit,Single Tent,
Valleyview,NS ,4,Full,CampsitePermit,Less than 30ft,
Caribou Munroes,QC ,5,Full,CampsitePermit,Single Tent,
Amherst Shore,NB ,2,Senior,CampsitePermit,Less than 20ft,
Graves Island,NS ,2,Full,CampsitePermit,Less than 40ft,
Amherst Shore,NS ,2,Full,CampsitePermit,Tents,
Caribou Munroes,NS ,2,Senior,CampsitePermit,Less than 20ft,
Thomas Raddall,NS ,2,Full,CampsitePermit,Single Tent,
Mira River,NS ,5,Full,CampsitePermit,Less than 30ft,
Caribou Munroes,NS ,5,Full,CampsitePermit,Less than 20ft,
Thomas Raddall,NS ,2,Senior,CampsitePermit,Less than 20ft,
Amherst Shore,ON ,2,Full,CampsitePermit,Single Tent,
Ellenwood Lake,ON ,2,Full,CampsitePermit,Single Tent,
Dollar Lake,NS ,6,Full,CampsitePermit,Tents,
Ellenwood Lake,NS ,3,Full,CampsitePermit,Less than 20ft,
Blomidon,ON ,2,Full,CampsitePermit,Less than 20ft,
Rissers Beach,NS ,3,Full,CampsitePermit,Greater than 40ft,
Mira River,QC ,2,Full,CampsitePermit,Single Tent,
Caribou Munroes,NS ,6,Full,CampsitePermit,Tents,
Amherst Shore,NS ,2,Full,CampsitePermit,Single Tent,
Battery,NS ,2,Full,CampsitePermit,Single Tent,
Caribou Munroes,ON ,5,Full,CampsitePermit,Less than 40ft,
Amherst Shore,NS ,2,Full,CampsitePermit,Tents,
Rissers Beach,NS ,2,Full,CampsitePermit,Single Tent,
Caribou Munroes,NS ,2,Full,CampsitePermit,Single Tent,
Battery,NS ,2,Full,CampsitePermit,Less than 20ft,
Caribou Munroes,QC ,3,Full,CampsitePermit,Single Tent,
Blomidon,NS ,2,Full,CampsitePermit,Single Tent,
Whycocomagh,NS ,4,Full,CampsitePermit,Less than 20ft,
Mira River,NS ,4,Full,CampsitePermit,Less than 30ft,
Rissers Beach,NS ,6,Full,CampsitePermit,Tents,
Dollar Lake,NS ,3,Full,CampsitePermit,Less than 30ft,
Caribou Munroes,QC ,3,Full,CampsitePermit,Single Tent,
Blomidon,NS ,2,Full,CampsitePermit,Single Tent,
Ellenwood Lake,NS ,4,Full,CampsitePermit,Tents,
Caribou Munroes,NS ,2,Full,CampsitePermit,Single Tent,
Graves Island,AB ,1,Full,CampsitePermit,Single Tent,
Mira River,NS ,4,Full,CampsitePermit,Single Tent,
Graves Island,NS ,5,Full,CampsitePermit,Single Tent,
Mira River,ON ,4,Veteran,CampsitePermit,Single Tent,
Graves Island,NS ,1,Full,CampsitePermit,Single Tent,
Five Islands,NS ,3,Full,CampsitePermit,Less than 20ft,
Thomas Raddall,NS ,4,Full,CampsitePermit,Less than 20ft,
Graves Island,NS ,2,Full,CampsitePermit,Less than 30ft,
Dollar Lake,NS ,5,Full,CampsitePermit,Single Tent,
Smileys,NS ,4,Full,CampsitePermit,Single Tent,
Rissers Beach,NS ,4,Full,CampsitePermit,Less than 30ft,
The Islands,NS ,4,Full,CampsitePermit,Less than 30ft,
Caribou Munroes,NB ,2,Full,CampsitePermit,Less than 30ft,
Thomas Raddall,NS ,2,Full,CampsitePermit,Less than 30ft,
Whycocomagh,NS ,2,Full,CampsitePermit,Single Tent,
Five Islands,NS ,2,Veteran,CampsitePermit,Less than 30ft,
Graves Island,NS ,4,Full,CampsitePermit,Less than 30ft,
Porters Lake,NS ,2,Full,CampsitePermit,Less than 40ft,
Rissers Beach,NS ,4,Full,CampsitePermit,Less than 30ft,
Cape Chignecto,NS ,2,Full,BackcountryPermit,Single Tent,
Porters Lake,NS ,3,Full,CampsitePermit,Single Tent,
Caribou Munroes,NS ,2,Senior,CampsitePermit,Single Tent,
Caribou Munroes,NS ,4,Full,CampsitePermit,Less than 30ft,
Smileys,NS ,6,Full,CampsitePermit,Tents,
Mira River,NS ,4,Full,CampsitePermit,Less than 30ft,
Mira River,NS ,3,Full,CampsitePermit,Less than 20ft,
Mira River,NS ,4,Full,CampsitePermit,Less than 40ft,
Battery,NS ,2,Full,CampsitePermit,Single Tent,
Mira River,QC ,4,Full,CampsitePermit,Single Tent,
Caribou Munroes,NS ,1,Full,CampsitePermit,Single Tent,
Whycocomagh,QC ,5,Full,CampsitePermit,Less than 20ft,
Laurie,NS ,2,Full,CampsitePermit,Less than 20ft,
Dollar Lake,NS ,4,Full,CampsitePermit,Single Tent,
Salsman,NS ,2,Full,CampsitePermit,Single Tent,
Rissers Beach,ON ,4,Full,CampsitePermit,Single Tent,
Dollar Lake,NS ,2,Full,CampsitePermit,Single Tent,
Blomidon,AB ,4,Full,CampsitePermit,Less than 30ft,
Thomas Raddall,NS ,2,Full,CampsitePermit,Single Tent,
Smileys,NS ,2,Full,CampsitePermit,Single Tent,
Rissers Beach,NS ,4,Full,CampsitePermit,Tents,
Smileys,NS ,2,Senior,CampsitePermit,Less than 30ft,
Cape Chignecto,NS ,2,Full,BackcountryPermit,Single Tent,
Rissers Beach,NS ,2,Full,CampsitePermit,Single Tent,
Rissers Beach,NS ,6,Full,CampsitePermit,Single Tent,
Thomas Raddall,NS ,2,Full,CampsitePermit,Single Tent,
Cape Chignecto,NS ,1,Full,BackcountryPermit,Single Tent,
Dollar Lake,NS ,4,Full,CampsitePermit,Less than 20ft,
Graves Island,NS ,2,Full,CampsitePermit,Less than 20ft,
Rissers Beach,NS ,4,Full,CampsitePermit,Tents,
Laurie,NS ,2,Full,CampsitePermit,Less than 30ft,
Ellenwood Lake,NS ,2,Full,CampsitePermit,Less than 20ft,
Mira River,NS ,2,Full,CampsitePermit,Single Tent,
Caribou Munroes,NS ,2,Full,CampsitePermit,Tents,
Laurie,NL ,2,Full,CampsitePermit,Single Tent,
Salsman,NS ,2,Full,CampsitePermit,Less than 30ft,
Thomas Raddall,NS ,4,Full,CampsitePermit,Single Tent,
Smileys,NS ,2,Full,CampsitePermit,Less than 20ft,
Graves Island,NS ,4,Full,CampsitePermit,Less than 30ft,
Blomidon,QC ,1,Full,CampsitePermit,Tents,
Dollar Lake,NS ,2,Full,CampsitePermit,Single Tent,
Graves Island,ON ,1,Full,CampsitePermit,Single Tent,
Thomas Raddall,NS ,4,Full,CampsitePermit,Single Tent,
Thomas Raddall,NB ,2,Full,CampsitePermit,Less than 30ft,
Dollar Lake,NS ,6,Full,CampsitePermit,Tents,
Caribou Munroes,NS ,2,Full,CampsitePermit,Less than 30ft,
Mira River,NS ,6,Full,CampsitePermit,Single Tent,
Caribou Munroes,NS ,5,Full,CampsitePermit,Less than 30ft,
The Islands,NS ,4,Full,CampsitePermit,Less than 20ft,
Mira River,NS ,2,Senior,CampsitePermit,Single Tent,
The Islands,NS ,2,Full,CampsitePermit,Single Tent,
Amherst Shore,ON ,2,Full,CampsitePermit,Single Tent,
Rissers Beach,NS ,3,Full,CampsitePermit,Less than 30ft,
Caribou Munroes,NS ,1,Full,CampsitePermit,Single Tent,
Battery,ON ,2,Full,CampsitePermit,Less than 30ft,
Porters Lake,NL ,2,Senior,CampsitePermit,Less than 30ft,
Rissers Beach,NS ,4,Full,CampsitePermit,Tents,
Mira River,AB ,2,Full,CampsitePermit,Single Tent,
Thomas Raddall,NS ,1,Full,CampsitePermit,Single Tent,
Battery,ON ,3,Full,CampsitePermit,Single Tent,
Mira River,NS ,2,Full,CampsitePermit,Single Tent,
Rissers Beach,NS ,2,Full,CampsitePermit,Single Tent,
Rissers Beach,NS ,2,Veteran,CampsitePermit,Less than 20ft,
Five Islands,NL ,2,Full,CampsitePermit,Less than 30ft,
Porters Lake,NS ,2,Full,CampsitePermit,Less than 30ft,
Ellenwood Lake,NS ,3,Full,CampsitePermit,Tents,
Cape Chignecto,NS ,2,Full,BackcountryPermit,Single Tent,
Rissers Beach,NS ,2,Senior,CampsitePermit,Less than 20ft,
Amherst Shore,NS ,2,Full,CampsitePermit,Single Tent,
Blomidon,QC ,5,Full,CampsitePermit,Single Tent,
Dollar Lake,NS ,6,Full,CampsitePermit,Tents,
Caribou Munroes,NS ,4,Full,CampsitePermit,Less than 40ft,
Blomidon,NS ,3,Full,CampsitePermit,Single Tent,
Cape Chignecto,ON ,2,Full,BackcountryPermit,Single Tent,
Smileys,NS ,4,Full,CampsitePermit,Less than 30ft,
Graves Island,NS ,2,Full,CampsitePermit,Single Tent,
Smileys,NS ,2,Full,CampsitePermit,Less than 30ft,
The Islands,NS ,2,Full,CampsitePermit,Less than 20ft,
Rissers Beach,NS ,2,Senior,CampsitePermit,Less than 30ft,
Amherst Shore,NS ,2,Full,CampsitePermit,Less than 20ft,
Amherst Shore,PE ,1,Full,CampsitePermit,Less than 20ft,
Laurie,ON ,2,Full,CampsitePermit,Single Tent,
Graves Island,NS ,2,Full,CampsitePermit,Tents,
Blomidon,NS ,2,Full,CampsitePermit,Single Tent,
Boylston,NS ,2,Full,CampsitePermit,Single Tent,
Caribou Munroes,NS ,5,Full,CampsitePermit,Less than 20ft,
Graves Island,NS ,6,Full,CampsitePermit,Single Tent,
Mira River,NS ,4,Full,CampsitePermit,Less than 20ft,
Caribou Munroes,NS ,4,Full,CampsitePermit,Single Tent,
Blomidon,NS ,2,Full,CampsitePermit,Single Tent,
Ellenwood Lake,NS ,2,Full,CampsitePermit,Less than 30ft,
Porters Lake,NS ,4,Full,CampsitePermit,Less than 20ft,
Dollar Lake,NS ,3,Full,CampsitePermit,Tents,
Thomas Raddall,NS ,2,Senior,CampsitePermit,Single Tent,
Caribou Munroes,NS ,2,Senior,CampsitePermit,Single Tent,
Blomidon,QC ,2,Full,CampsitePermit,Single Tent,
Battery,NS ,4,Full,CampsitePermit,Single Tent,
Whycocomagh,NS ,4,Full,CampsitePermit,Single Tent,
Thomas Raddall,AB ,2,Full,CampsitePermit,Less than 20ft,
Rissers Beach,NS ,2,Full,CampsitePermit,Less than 30ft,
Thomas Raddall,BC ,2,Full,CampsitePermit,Single Tent,
Mira River,NS ,4,Full,CampsitePermit,Less than 40ft,
Dollar Lake,NS ,3,Full,CampsitePermit,Less than 30ft,
Ellenwood Lake,NS ,3,Full,CampsitePermit,Single Tent,
Mira River,QC ,4,Full,CampsitePermit,Less than 20ft,
Porters Lake,NS ,2,Full,CampsitePermit,Single Tent,
Porters Lake,NS ,2,Full,CampsitePermit,Less than 30ft,
Valleyview,ON ,2,Full,CampsitePermit,Single Tent,
Amherst Shore,QC ,6,Full,CampsitePermit,Tents,
Dollar Lake,NS ,3,Full,CampsitePermit,Single Tent,
Whycocomagh,ON ,2,Senior,CampsitePermit,Less than 20ft,
The Islands,NS ,2,Full,CampsitePermit,Single Tent,
Whycocomagh,ON ,2,Full,CampsitePermit,Less than 20ft,
Graves Island,NS ,6,Full,CampsitePermit,Tents,
Smileys,NS ,2,Full,CampsitePermit,Less than 30ft,
Caribou Munroes,NS ,2,Full,CampsitePermit,Single Tent,
Graves Island,NS ,2,Senior,CampsitePermit,Less than 30ft,
Smileys,NS ,3,Full,CampsitePermit,Less than 30ft,
Ellenwood Lake,NS ,6,Full,CampsitePermit,Single Tent,
Smileys,NS ,5,Full,CampsitePermit,Single Tent,
Ellenwood Lake,NS ,1,Host,CampsitePermit,Single Tent,
Blomidon,NS ,5,Full,CampsitePermit,Tents,
Ellenwood Lake,NS ,2,Full,CampsitePermit,Single Tent,
Caribou Munroes,NS ,2,Full,CampsitePermit,Single Tent,
Graves Island,NS ,2,Full,CampsitePermit,Less than 40ft,
Porters Lake,NS ,1,Full,CampsitePermit,Single Tent,
Mira River,NS ,4,Full,CampsitePermit,Less than 40ft,
Graves Island,NS ,2,Full,CampsitePermit,Tents,
Amherst Shore,NS ,2,Full,CampsitePermit,Less than 20ft,
Blomidon,ON ,2,Full,CampsitePermit,Single Tent,
Thomas Raddall,NS ,2,Full,CampsitePermit,Single Tent,
Whycocomagh,NS ,1,Full,CampsitePermit,Less than 20ft,
Porters Lake,NS ,5,Full,CampsitePermit,Less than 30ft,
Blomidon,NS ,4,Full,CampsitePermit,Tents,
Dollar Lake,NS ,3,Full,CampsitePermit,Single Tent,
Dollar Lake,NS ,2,Full,CampsitePermit,Single Tent,
Amherst Shore,QC ,2,Full,CampsitePermit,Single Tent,
Mira River,NS ,2,Full,CampsitePermit,Less than 20ft,
Rissers Beach,ON ,4,Full,CampsitePermit,Tents,
Blomidon,AB ,2,Full,CampsitePermit,Single Tent,
Porters Lake,NS ,4,Full,CampsitePermit,Tents,
Caribou Munroes,QC ,4,Full,CampsitePermit,Single Tent,
The Islands,NS ,2,Full,CampsitePermit,Single Tent,
Caribou Munroes,NS ,4,Full,CampsitePermit,Less than 30ft,
Cape Chignecto,NS ,2,Full,BackcountryPermit,Single Tent,
Amherst Shore,QC ,2,Senior,CampsitePermit,Single Tent,
Laurie,BC ,4,Full,CampsitePermit,Single Tent,
Amherst Shore,ON ,2,Full,CampsitePermit,Single Tent,
Rissers Beach,NS ,2,Senior,CampsitePermit,Less than 20ft,
Smileys,NS ,3,Full,CampsitePermit,Less than 20ft,
Porters Lake,NB ,2,Full,CampsitePermit,Single Tent,
Blomidon,NB ,4,Full,CampsitePermit,Single Tent,
Caribou Munroes,QC ,4,Full,CampsitePermit,Single Tent,
Rissers Beach,NS ,4,Full,CampsitePermit,Less than 30ft,
Rissers Beach,NS ,2,Full,CampsitePermit,Single Tent,
Five Islands,NS ,2,Full,CampsitePermit,Less than 30ft,
Smileys,NS ,4,Full,CampsitePermit,Single Tent,
Rissers Beach,NS ,4,Full,CampsitePermit,Single Tent,
Five Islands,NB ,4,Full,CampsitePermit,Single Tent,
Rissers Beach,ON ,3,Full,CampsitePermit,Single Tent,
Graves Island,ON ,2,Senior,CampsitePermit,Less than 20ft,
Laurie,NS ,3,Full,CampsitePermit,Single Tent,
Blomidon,NS ,3,Full,CampsitePermit,Less than 30ft,
Whycocomagh,NS ,6,Senior,YurtPermit,Tents,
Rissers Beach,NS ,3,Full,CampsitePermit,Single Tent,
Smileys,NS ,2,Full,CampsitePermit,Less than 20ft,
Cape Chignecto,NB ,2,Full,BackcountryPermit,Single Tent,
Five Islands,QC ,4,Full,CampsitePermit,Single Tent,
Blomidon,NS ,2,Full,CampsitePermit,Single Tent,
Cape Chignecto,NS ,1,Full,BackcountryPermit,Cabin,
Caribou Munroes,NS ,2,Full,CampsitePermit,Less than 30ft,
Cape Chignecto,NB ,1,Full,BackcountryPermit,Single Tent,
Caribou Munroes,ON ,2,Full,CampsitePermit,Single Tent,
Porters Lake,NS ,5,Full,CampsitePermit,Tents,
Rissers Beach,NS ,2,Full,CampsitePermit,Single Tent,
Rissers Beach,NS ,2,Full,CampsitePermit,Less than 20ft,
Thomas Raddall,NS ,6,Full,CampsitePermit,Less than 30ft,
Dollar Lake,NS ,2,Senior,CampsitePermit,Single Tent,
Rissers Beach,BC ,4,Full,CampsitePermit,Single Tent,
The Islands,NS ,3,Full,CampsitePermit,Less than 40ft,
Dollar Lake,NS ,4,Full,CampsitePermit,Single Tent,
Blomidon,BC ,4,Full,CampsitePermit,Less than 30ft,
Rissers Beach,NS ,1,Full,CampsitePermit,Single Tent,
Porters Lake,NS ,2,Full,CampsitePermit,Less than 40ft,
Porters Lake,QC ,2,Full,CampsitePermit,Single Tent,
Caribou Munroes,NS ,2,Full,CampsitePermit,Single Tent,
Rissers Beach,NS ,2,Full,CampsitePermit,Single Tent,
Rissers Beach,NS ,4,Full,CampsitePermit,Less than 30ft,
Graves Island,NS ,2,Full,CampsitePermit,Single Tent,
Caribou Munroes,NS ,6,Full,CampsitePermit,Tents,
Dollar Lake,NS ,4,Full,CampsitePermit,Less than 20ft,
Whycocomagh,AB ,2,Senior,CampsitePermit,Less than 30ft,
Caribou Munroes,NS ,3,Full,CampsitePermit,Less than 30ft,
Laurie,NS ,2,Full,CampsitePermit,Single Tent,
Rissers Beach,NS ,3,Full,CampsitePermit,Less than 20ft,
Rissers Beach,NS ,2,Senior,CampsitePermit,Less than 30ft,
The Islands,NS ,1,Full,CampsitePermit,Less than 20ft,
Rissers Beach,NL ,2,Full,CampsitePermit,Single Tent,
Laurie,NS ,2,Full,CampsitePermit,Less than 40ft,
Blomidon,NS ,3,Full,CampsitePermit,Single Tent,
Laurie,ON ,1,Full,CampsitePermit,Single Tent,
Salsman,NS ,2,Full,CampsitePermit,Single Tent,
Dollar Lake,NS ,4,Full,CampsitePermit,Tents,
Rissers Beach,NS ,2,Full,CampsitePermit,Tents,
Dollar Lake,NS ,3,Full,CampsitePermit,Single Tent,
Dollar Lake,NS ,5,Full,CampsitePermit,Single Tent,
Caribou Munroes,NS ,4,Full,CampsitePermit,Less than 40ft,
Graves Island,NS ,2,Full,CampsitePermit,Less than 30ft,
Amherst Shore,NS ,4,Full,CampsitePermit,Single Tent,
Smileys,NS ,3,Full,CampsitePermit,Less than 40ft,
Mira River,NS ,3,Full,CampsitePermit,Single Tent,
Battery,QC ,2,Full,CampsitePermit,Single Tent,
Rissers Beach,NS ,2,Full,CampsitePermit,Single Tent,
Amherst Shore,ON ,4,Full,CampsitePermit,Single Tent,
Mira River,QC ,1,Full,CampsitePermit,Single Tent,
Graves Island,NS ,2,Full,CampsitePermit,Single Tent,
Graves Island,NS ,3,Full,CampsitePermit,Less than 30ft,
Graves Island,NS ,4,Full,CampsitePermit,Tents,
Blomidon,NB ,2,Full,CampsitePermit,Single Tent,
Thomas Raddall,NS ,3,Full,CampsitePermit,Single Tent,
Dollar Lake,NS ,4,Full,CampsitePermit,Less than 20ft,
Rissers Beach,QC ,2,Full,CampsitePermit,Less than 20ft,
Cape Chignecto,BC ,2,Full,BackcountryPermit,Single Tent,
Caribou Munroes,NS ,4,Full,CampsitePermit,Single Tent,
Thomas Raddall,QC ,4,Full,CampsitePermit,Less than 30ft,
Porters Lake,NS ,2,Full,CampsitePermit,Less than 30ft,
Laurie,NS ,2,Senior,CampsitePermit,Less than 30ft,
Blomidon,QC ,2,Full,CampsitePermit,Tents,
Porters Lake,NS ,6,Full,CampsitePermit,Less than 20ft,
Mira River,NS ,1,Senior,CampsitePermit,Less than 20ft,
Five Islands,NS ,4,Full,CampsitePermit,Single Tent,
Caribou Munroes,QC ,2,Full,CampsitePermit,Single Tent,
Mira River,NS ,2,Senior,CampsitePermit,Less than 20ft,
Graves Island,QC ,3,Full,CampsitePermit,Single Tent,
Dollar Lake,NS ,4,Full,CampsitePermit,Less than 20ft,
Laurie,NS ,3,Full,CampsitePermit,Less than 20ft,
Mira River,NS ,6,Full,CampsitePermit,Single Tent,
Boylston,NS ,2,Full,CampsitePermit,Less than 40ft,
Thomas Raddall,NS ,3,Full,CampsitePermit,Less than 30ft,
Dollar Lake,NS ,1,Full,CampsitePermit,Single Tent,
Ellenwood Lake,BC ,2,Full,CampsitePermit,Single Tent,
Mira River,NS ,4,Full,CampsitePermit,Less than 30ft,
Mira River,NS ,2,Full,CampsitePermit,Single Tent,
Rissers Beach,NS ,5,Full,CampsitePermit,Less than 20ft,
Rissers Beach,NS ,2,Full,CampsitePermit,Less than 20ft,
Porters Lake,NS ,3,Full,CampsitePermit,Tents,
Porters Lake,QC ,2,Full,CampsitePermit,Single Tent,
Boylston,QC ,2,Full,CampsitePermit,Single Tent,
Salsman,BC ,1,Full,CampsitePermit,Less than 20ft,
Caribou Munroes,NS ,2,Full,CampsitePermit,Less than 20ft,
Graves Island,NS ,4,Full,CampsitePermit,Tents,
Cape Chignecto,NS ,4,Full,BackcountryPermit,Single Tent,
The Islands,QC ,1,Full,CampsitePermit,Single Tent,
Smileys,NB ,4,Full,CampsitePermit,Tents,
Mira River,QC ,2,Full,CampsitePermit,Less than 20ft,
Ellenwood Lake,ON ,2,Senior,CampsitePermit,Less than 30ft,
Caribou Munroes,NS ,5,Full,CampsitePermit,Single Tent,
Laurie,NS ,4,Full,CampsitePermit,Less than 30ft,
Mira River,QC ,2,Full,CampsitePermit,Single Tent,
Blomidon,BC ,2,Senior,CampsitePermit,Single Tent,
The Islands,NS ,2,Full,CampsitePermit,Less than 20ft,
Ellenwood Lake,NS ,4,Full,CampsitePermit,Single Tent,
Salsman,ON ,2,Full,CampsitePermit,Less than 30ft,
Rissers Beach,NS ,2,Full,CampsitePermit,Less than 20ft,
Battery,NS ,4,Full,CampsitePermit,Tents,
Mira River,QC ,4,Full,CampsitePermit,Single Tent,
Amherst Shore,QC ,2,Full,CampsitePermit,Single Tent,
Rissers Beach,NS ,3,Full,CampsitePermit,Less than 20ft,
Graves Island,NS ,3,Full,CampsitePermit,Less than 40ft,
Smileys,NS ,2,Full,CampsitePermit,Single Tent,
Ellenwood Lake,NS ,2,FULL,CampsitePermit,Single Tent,
Battery,ON ,2,Full,CampsitePermit,Single Tent,
Caribou Munroes,NS ,4,Full,CampsitePermit,Less than 20ft,
Thomas Raddall,NS ,2,Full,CampsitePermit,Less than 20ft,
Dollar Lake,NS ,5,Full,CampsitePermit,Less than 30ft,
Caribou Munroes,NS ,3,Senior,CampsitePermit,Less than 30ft,
Graves Island,NS ,2,Senior,CampsitePermit,Less than 30ft,
Caribou Munroes,NS ,2,Full,CampsitePermit,Less than 30ft,
Laurie,QC ,2,Full,CampsitePermit,Single Tent,
Blomidon,NS ,2,Full,CampsitePermit,Less than 20ft,
The Islands,NS ,2,Full,CampsitePermit,Less than 20ft,
Porters Lake,AB ,2,Full,CampsitePermit,Single Tent,
Amherst Shore,NS ,3,Full,CampsitePermit,Single Tent,
Amherst Shore,PE ,2,Full,CampsitePermit,Less than 30ft,
Amherst Shore,NS ,4,Full,CampsitePermit,Less than 30ft,
Graves Island,NS ,2,Full,CampsitePermit,Less than 20ft,
Five Islands,NS ,5,Full,CampsitePermit,Less than 20ft,
Amherst Shore,NS ,2,Full,CampsitePermit,Single Tent,
Graves Island,NS ,2,Full,CampsitePermit,Less than 30ft,
Graves Island,NS ,2,Full,CampsitePermit,Less than 20ft,
Caribou Munroes,NS ,2,Full,CampsitePermit,Tents,
Rissers Beach,NS ,2,Full,CampsitePermit,Single Tent,
Blomidon,NS ,3,Full,CampsitePermit,Less than 20ft,
Porters Lake,NS ,2,Full,CampsitePermit,Single Tent,
Porters Lake,NS ,4,Full,CampsitePermit,Single Tent,
Boylston,NS ,2,Full,CampsitePermit,Less than 30ft,
Porters Lake,QC ,5,Full,CampsitePermit,Single Tent,
Amherst Shore,QC ,2,Full,CampsitePermit,Single Tent,
Mira River,NS ,2,Full,CampsitePermit,Single Tent,
Cape Chignecto,NS ,2,Full,BackcountryPermit,Single Tent,
Valleyview,ON ,2,Full,CampsitePermit,Single Tent,
Graves Island,QC ,3,Full,CampsitePermit,Less than 20ft,
Porters Lake,NS ,2,Full,CampsitePermit,Less than 20ft,
Blomidon,NS ,3,Full,CampsitePermit,Single Tent,
Graves Island,NS ,2,Full,CampsitePermit,Less than 40ft,
Mira River,NS ,4,Full,CampsitePermit,Less than 30ft,
Cape Chignecto,NB ,1,Full,BackcountryPermit,Single Tent,
Five Islands,NS ,2,Full,CampsitePermit,Single Tent,
Smileys,NS ,2,Full,CampsitePermit,Single Tent,
Rissers Beach,NS ,1,Full,CampsitePermit,Single Tent,
Amherst Shore,NS ,4,Full,CampsitePermit,Single Tent,
Laurie,QC ,2,Full,CampsitePermit,Single Tent,
The Islands,NS ,2,Senior,CampsitePermit,Less than 40ft,
Mira River,NS ,2,Full,CampsitePermit,Less than 20ft,
Salsman,NS ,2,Full,CampsitePermit,Less than 30ft,
Caribou Munroes,SK ,3,Senior,CampsitePermit,Single Tent,
Five Islands,NS ,3,Full,CampsitePermit,Less than 30ft,
Blomidon,NS ,4,Full,CampsitePermit,Less than 20ft,
Thomas Raddall,NS ,2,Senior,CampsitePermit,Less than 30ft,
Whycocomagh,ON ,2,Full,CampsitePermit,Less than 30ft,
Porters Lake,NS ,2,Full,CampsitePermit,Single Tent,
Graves Island,NS ,2,Full,CampsitePermit,Single Tent,
Rissers Beach,NS ,4,Full,CampsitePermit,Single Tent,
Boylston,NB ,2,Full,CampsitePermit,Single Tent,
Mira River,QC ,2,Full,CampsitePermit,Less than 30ft,
Porters Lake,NS ,3,Full,CampsitePermit,Single Tent,
Rissers Beach,NS ,4,Full,CampsitePermit,Less than 30ft,
Battery,ON ,3,Full,CampsitePermit,Single Tent,
Graves Island,NS ,2,Senior,CampsitePermit,Less than 20ft,
Battery,ON ,2,Full,CampsitePermit,Single Tent,
Cape Chignecto,NS ,1,Full,BackcountryPermit,Single Tent,
Thomas Raddall,NS ,2,Full,CampsitePermit,Single Tent,
Mira River,NS ,6,Full,CampsitePermit,Less than 30ft,
Graves Island,NS ,4,Full,CampsitePermit,Less than 40ft,
Graves Island,NS ,2,Full,CampsitePermit,Less than 20ft,
Five Islands,ON ,2,Full,CampsitePermit,Tents,
Graves Island,NS ,2,Full,CampsitePermit,Single Tent,
Blomidon,QC ,2,Full,CampsitePermit,Single Tent,
Graves Island,NS ,2,Full,CampsitePermit,Less than 40ft,
Amherst Shore,NS ,2,Full,CampsitePermit,Less than 20ft,
Amherst Shore,ON ,2,Senior,CampsitePermit,Single Tent,
Laurie,NS ,3,Full,CampsitePermit,Less than 20ft,
Rissers Beach,NS ,4,Full,CampsitePermit,Less than 30ft,
Porters Lake,NS ,3,Veteran,CampsitePermit,Less than 30ft,
Rissers Beach,NS ,4,Full,CampsitePermit,Less than 30ft,
Caribou Munroes,QC ,2,Full,CampsitePermit,Single Tent,
Ellenwood Lake,NS ,3,Full,CampsitePermit,Less than 30ft,
Rissers Beach,NS ,1,Full,CampsitePermit,Less than 30ft,
Rissers Beach,NS ,6,Full,CampsitePermit,Tents,
Whycocomagh,NS ,4,Full,YurtPermit,Tents,
Whycocomagh,ON ,4,Full,CampsitePermit,Tents,
Caribou Munroes,NS ,2,Full,CampsitePermit,Single Tent,
Porters Lake,NS ,4,Full,CampsitePermit,Tents,
Valleyview,ON ,5,Full,CampsitePermit,Less than 30ft,
Five Islands,PE ,2,Full,CampsitePermit,Single Tent,
Dollar Lake,NS ,4,Full,CampsitePermit,Single Tent,
Five Islands,ON ,2,Full,CampsitePermit,Less than 30ft,
Rissers Beach,NS ,3,Full,CampsitePermit,Less than 30ft,
Caribou Munroes,NS ,2,Senior,CampsitePermit,Single Tent,
Battery,NS ,4,Full,CampsitePermit,Single Tent,
Mira River,NS ,1,Full,CampsitePermit,Less than 20ft,
Blomidon,NS ,2,Full,CampsitePermit,Single Tent,
Blomidon,NS ,2,Full,CampsitePermit,Single Tent,
Porters Lake,NS ,2,Full,CampsitePermit,Less than 30ft,
Rissers Beach,NS ,4,Full,CampsitePermit,Single Tent,
Amherst Shore,NS ,4,Senior,CampsitePermit,Less than 30ft,
Ellenwood Lake,NS ,4,Full,CampsitePermit,Single Tent,
Dollar Lake,NS ,5,Full,CampsitePermit,Tents,
Thomas Raddall,NB ,3,Full,CampsitePermit,Less than 20ft,
Smileys,NS ,2,Senior,CampsitePermit,Less than 20ft,
The Islands,NS ,2,Full,CampsitePermit,Single Tent,
Caribou Munroes,NS ,2,Full,CampsitePermit,Less than 20ft,
Mira River,QC ,2,Full,CampsitePermit,Less than 20ft,
Ellenwood Lake,NS ,6,Full,CampsitePermit,Tents,
Graves Island,ON ,1,Senior,CampsitePermit,Single Tent,
Ellenwood Lake,NS ,3,Full,CampsitePermit,Less than 20ft,
Dollar Lake,NS ,2,Full,CampsitePermit,Less than 20ft,
Battery,ON ,2,Senior,CampsitePermit,Single Tent,
Five Islands,ON ,4,Full,CampsitePermit,Less than 20ft,
Thomas Raddall,NS ,3,Full,CampsitePermit,Less than 30ft,
Five Islands,NS ,2,Full,CampsitePermit,Single Tent,
Rissers Beach,NS ,2,Full,CampsitePermit,Less than 20ft,
Mira River,ON ,2,Full,CampsitePermit,Single Tent,
Rissers Beach,NS ,2,Full,CampsitePermit,Less than 20ft,
Smileys,ON ,2,Senior,CampsitePermit,Less than 30ft,
Smileys,NS ,4,Full,CampsitePermit,Less than 40ft,
Smileys,NS ,2,Full,CampsitePermit,Single Tent,
Mira River,NS ,6,Full,CampsitePermit,Less than 30ft,
Caribou Munroes,NS ,4,Full,CampsitePermit,Less than 30ft,
Battery,NS ,2,Senior,CampsitePermit,Less than 30ft,
Amherst Shore,NS ,2,Full,CampsitePermit,Single Tent,
Rissers Beach,NS ,4,Full,CampsitePermit,Less than 20ft,
Graves Island,NS ,2,Full,CampsitePermit,Single Tent,
Mira River,NS ,4,Full,CampsitePermit,Single Tent,
Mira River,NS ,2,Senior,CampsitePermit,Less than 20ft,
Battery,ON ,3,FULL,CampsitePermit,Greater than 40ft,
Ellenwood Lake,NS ,3,Full,CampsitePermit,Less than 30ft,
Rissers Beach,NS ,4,Full,CampsitePermit,Single Tent,
Battery,NB ,2,Senior,CampsitePermit,Single Tent,
Dollar Lake,NS ,2,Senior,CampsitePermit,Single Tent,
Caribou Munroes,NS ,2,Full,CampsitePermit,Less than 30ft,
Five Islands,NS ,4,Full,CampsitePermit,Tents,
Battery,NS ,4,Full,CampsitePermit,Tents,
Rissers Beach,NS ,3,Full,CampsitePermit,Less than 20ft,
Whycocomagh,ON ,2,Full,CampsitePermit,Single Tent,
Rissers Beach,NS ,3,Full,CampsitePermit,Single Tent,
Smileys,NS ,2,Full,CampsitePermit,Less than 30ft,
Graves Island,NS ,2,Full,CampsitePermit,Single Tent,
Salsman,NS ,4,Full,CampsitePermit,Less than 30ft,
Rissers Beach,NS ,2,Full,CampsitePermit,Less than 30ft,
Blomidon,NS ,4,Full,CampsitePermit,Tents,
Smileys,NS ,5,Full,CampsitePermit,Single Tent,
Dollar Lake,NS ,4,Full,CampsitePermit,Less than 20ft,
Dollar Lake,NS ,6,Full,CampsitePermit,Tents,
Ellenwood Lake,NS ,2,Full,CampsitePermit,Less than 20ft,
Battery,QC ,1,Senior,CampsitePermit,Single Tent,
Porters Lake,QC ,1,Full,CampsitePermit,Single Tent,
Porters Lake,NS ,2,Full,CampsitePermit,Less than 20ft,
Rissers Beach,NS ,6,Full,CampsitePermit,Greater than 40ft,
Valleyview,NS ,1,Full,CampsitePermit,Single Tent,
Thomas Raddall,NS ,3,Full,CampsitePermit,Less than 30ft,
Ellenwood Lake,QC ,2,Full,CampsitePermit,Single Tent,
Mira River,NS ,3,Full,CampsitePermit,Less than 30ft,
Whycocomagh,NS ,1,Full,CampsitePermit,Single Tent,
Ellenwood Lake,NS ,4,Full,CampsitePermit,Less than 20ft,
Dollar Lake,NS ,2,Full,CampsitePermit,Single Tent,
Dollar Lake,NS ,2,Full,CampsitePermit,Less than 30ft,
Thomas Raddall,ON ,2,Full,CampsitePermit,Single Tent,
Mira River,NS ,5,Full,CampsitePermit,Single Tent,
Smileys,NS ,4,Full,CampsitePermit,Less than 20ft,
Blomidon,MB ,1,Full,CampsitePermit,Single Tent,
Graves Island,ON ,5,Full,CampsitePermit,Single Tent,
Graves Island,QC ,3,Full,CampsitePermit,Single Tent,
Thomas Raddall,NB ,2,Full,CampsitePermit,Single Tent,
Battery,NS ,2,Full,CampsitePermit,Tents,
Amherst Shore,NS ,2,Full,CampsitePermit,Single Tent,
Dollar Lake,NB ,3,Full,CampsitePermit,Single Tent,
Caribou Munroes,NS ,3,Full,CampsitePermit,Less than 30ft,
Valleyview,NS ,2,Senior,CampsitePermit,Less than 30ft,
Caribou Munroes,NS ,2,Full,CampsitePermit,Single Tent,
Battery,NS ,2,Full,CampsitePermit,Less than 30ft,
Rissers Beach,NS ,4,Full,CampsitePermit,Less than 20ft,
Porters Lake,NS ,3,Full,CampsitePermit,Single Tent,
Ellenwood Lake,NS ,2,Full,CampsitePermit,Single Tent,
Thomas Raddall,NS ,2,Full,CampsitePermit,Single Tent,
Laurie,NS ,7,Full,CampsitePermit,Tents,
Amherst Shore,NS ,4,Full,CampsitePermit,Less than 30ft,
Valleyview,ON ,2,Full,CampsitePermit,Less than 20ft,
Rissers Beach,NS ,2,Full,CampsitePermit,Less than 30ft,
Graves Island,NS ,2,Full,CampsitePermit,Less than 20ft,
Thomas Raddall,NS ,2,Full,CampsitePermit,Less than 30ft,
Dollar Lake,NB ,4,Full,CampsitePermit,Single Tent,
Mira River,NS ,3,Full,CampsitePermit,Single Tent,
Laurie,NS ,4,Full,CampsitePermit,Single Tent,
Whycocomagh,NS ,2,Full,CampsitePermit,Less than 40ft,
Caribou Munroes,NB ,2,Full,CampsitePermit,Single Tent,
Mira River,NS ,4,Full,CampsitePermit,Single Tent,
Mira River,NS ,4,Full,CampsitePermit,Less than 40ft,
Dollar Lake,NS ,4,Full,CampsitePermit,Single Tent,
Caribou Munroes,ON ,4,Full,CampsitePermit,Tents,
Rissers Beach,NS ,4,Full,CampsitePermit,Single Tent,
Five Islands,NS ,4,Full,CampsitePermit,Single Tent,
Amherst Shore,ON ,4,Full,CampsitePermit,Single Tent,
Smileys,NS ,3,Full,CampsitePermit,Less than 20ft,
Mira River,QC ,3,Full,CampsitePermit,Less than 30ft,
Porters Lake,NS ,2,Full,CampsitePermit,Less than 20ft,
Battery,ON ,2,Full,CampsitePermit,Single Tent,
Caribou Munroes,NS ,2,Full,CampsitePermit,Single Tent,
Smileys,NS ,2,Full,CampsitePermit,Single Tent,
Mira River,NS ,3,Full,CampsitePermit,Single Tent,
Laurie,NS ,4,Full,CampsitePermit,Single Tent,
Rissers Beach,NS ,2,Full,CampsitePermit,Less than 30ft,
Ellenwood Lake,NS ,1,Full,CampsitePermit,Single Tent,
Blomidon,NS ,4,Full,CampsitePermit,Single Tent,
Amherst Shore,QC ,2,Full,CampsitePermit,Single Tent,
The Islands,QC ,1,Full,CampsitePermit,Single Tent,
Mira River,QC ,2,Full,CampsitePermit,Single Tent,
Porters Lake,NS ,4,Full,CampsitePermit,Tents,
Graves Island,NS ,1,Senior,CampsitePermit,Single Tent,
Battery,NS ,1,Full,CampsitePermit,Single Tent,
Graves Island,NS ,3,Full,CampsitePermit,Less than 30ft,
Porters Lake,NS ,5,Full,CampsitePermit,Single Tent,
Amherst Shore,NS ,4,Full,CampsitePermit,Tents,
Caribou Munroes,NS ,2,Senior,CampsitePermit,Greater than 40ft,
Blomidon,NS ,2,Full,CampsitePermit,Single Tent,
Blomidon,NS ,2,Full,CampsitePermit,Single Tent,
Cape Chignecto,NS ,2,Full,BackcountryPermit,Single Tent,
Blomidon,NS ,4,Full,CampsitePermit,Less than 20ft,
Caribou Munroes,NS ,2,Full,CampsitePermit,Less than 40ft,
Caribou Munroes,NS ,4,Full,CampsitePermit,Single Tent,
Mira River,BC ,2,Full,CampsitePermit,Single Tent,
Mira River,QC ,2,Full,CampsitePermit,Less than 30ft,
Graves Island,NS ,4,Full,CampsitePermit,Less than 30ft,
Thomas Raddall,NS ,3,Full,CampsitePermit,Less than 30ft,
Caribou Munroes,QC ,2,Full,CampsitePermit,Single Tent,
Rissers Beach,NS ,2,Full,CampsitePermit,Less than 30ft,
Graves Island,NB ,3,Full,CampsitePermit,Tents,
Thomas Raddall,NS ,5,Full,CampsitePermit,Less than 30ft,
Caribou Munroes,NS ,3,Senior,CampsitePermit,Single Tent,
Blomidon,NS ,4,Full,CampsitePermit,Single Tent,
Whycocomagh,AB ,1,Full,CampsitePermit,Single Tent,
Graves Island,NS ,1,Senior,CampsitePermit,Single Tent,
Whycocomagh,NS ,1,Senior,CampsitePermit,Single Tent,
Laurie,NS ,2,Full,CampsitePermit,Less than 20ft,
Five Islands,NS ,2,Full,CampsitePermit,Single Tent,
Ellenwood Lake,NS ,2,Full,CampsitePermit,Less than 20ft,
Rissers Beach,NS ,3,Full,CampsitePermit,Less than 30ft,
Five Islands,QC ,3,Full,CampsitePermit,Single Tent,
Rissers Beach,NS ,3,Full,CampsitePermit,Less than 20ft,
Boylston,NS ,2,Full,CampsitePermit,Single Tent,
Thomas Raddall,NS ,4,Full,CampsitePermit,Less than 20ft,
Valleyview,NS ,4,Full,CampsitePermit,Less than 20ft,
Rissers Beach,NS ,6,Full,CampsitePermit,Tents,
Whycocomagh,ON ,1,Full,CampsitePermit,Single Tent,
Laurie,QC ,1,Veteran,CampsitePermit,Single Tent,
Dollar Lake,NS ,5,Full,CampsitePermit,Tents,
Five Islands,NS ,2,Full,CampsitePermit,Single Tent,
Blomidon,NS ,4,Full,CampsitePermit,Tents,
Caribou Munroes,NS ,2,Full,CampsitePermit,Less than 20ft,
Porters Lake,QC ,2,Full,CampsitePermit,Less than 30ft,
Thomas Raddall,NS ,2,Full,CampsitePermit,Less than 20ft,
Mira River,QC ,2,Full,CampsitePermit,Single Tent,
Dollar Lake,NS ,3,Full,CampsitePermit,Tents,
Salsman,NS ,2,Senior,CampsitePermit,Less than 20ft,
Graves Island,NS ,2,Full,CampsitePermit,Single Tent,
Five Islands,NB ,2,Full,CampsitePermit,Single Tent,
Mira River,NS ,3,Full,CampsitePermit,Single Tent,
The Islands,NS ,2,Full,CampsitePermit,Single Tent,
Rissers Beach,NS ,2,Full,CampsitePermit,Less than 20ft,
Valleyview,NS ,2,Full,CampsitePermit,Single Tent,
Blomidon,ON ,2,Full,CampsitePermit,Single Tent,
Dollar Lake,NS ,2,Full,CampsitePermit,Less than 30ft,
Porters Lake,NS ,3,Full,CampsitePermit,Single Tent,
Amherst Shore,NS ,1,Veteran,CampsitePermit,Less than 30ft,
Boylston,ON ,2,Full,CampsitePermit,Single Tent,
Whycocomagh,QC ,2,Full,CampsitePermit,Single Tent,
Graves Island,NS ,2,Senior,CampsitePermit,Less than 30ft,
Rissers Beach,NS ,3,Veteran,CampsitePermit,Less than 20ft,
Blomidon,NS ,2,Full,CampsitePermit,Less than 40ft,
Laurie,BC ,1,Full,CampsitePermit,Single Tent,
Dollar Lake,NS ,4,Full,CampsitePermit,Tents,
Caribou Munroes,NS ,2,Full,CampsitePermit,Single Tent,
Caribou Munroes,ON ,3,Full,CampsitePermit,Less than 30ft,
Caribou Munroes,NS ,5,Full,CampsitePermit,Less than 30ft,
Rissers Beach,NS ,3,Full,CampsitePermit,Tents,
Rissers Beach,NS ,4,Veteran,CampsitePermit,Less than 30ft,
Smileys,NS ,4,Full,CampsitePermit,Tents,
Rissers Beach,NS ,6,Full,CampsitePermit,Tents,
Blomidon,NS ,2,Full,CampsitePermit,Single Tent,
Blomidon,NS ,2,Full,CampsitePermit,Single Tent,
Amherst Shore,ON ,2,Full,CampsitePermit,Single Tent,
Rissers Beach,NS ,2,Full,CampsitePermit,Less than 30ft,
Porters Lake,NS ,2,Full,CampsitePermit,Single Tent,
Battery,ON ,2,Full,CampsitePermit,Less than 30ft,
Thomas Raddall,NS ,2,Full,CampsitePermit,Single Tent,
Rissers Beach,NS ,3,Full,CampsitePermit,Tents,
Rissers Beach,NS ,4,Full,CampsitePermit,Less than 40ft,
Mira River,NS ,4,Full,CampsitePermit,Less than 30ft,
Mira River,NS ,4,Full,CampsitePermit,Single Tent,
Thomas Raddall,NB ,3,Full,CampsitePermit,Single Tent,
Blomidon,QC ,2,Full,CampsitePermit,Single Tent,
Rissers Beach,NS ,3,Full,CampsitePermit,Single Tent,
Mira River,NS ,5,Full,CampsitePermit,Less than 30ft,
Five Islands,ON ,6,Full,CampsitePermit,Single Tent,
Blomidon,NS ,2,Full,CampsitePermit,Single Tent,
Mira River,NS ,4,Full,CampsitePermit,Less than 20ft,
Whycocomagh,NS ,4,Senior,CampsitePermit,Less than 30ft,
Whycocomagh,NS ,2,Full,CampsitePermit,Single Tent,
Graves Island,AB ,1,Full,CampsitePermit,Less than 30ft,
Laurie,NS ,4,Full,CampsitePermit,Tents,
Thomas Raddall,NS ,6,Full,CampsitePermit,Tents,
Rissers Beach,NS ,2,Full,CampsitePermit,Single Tent,
Laurie,NS ,3,Full,CampsitePermit,Single Tent,
Cape Chignecto,NS ,1,Full,BackcountryPermit,Single Tent,
Blomidon,NS ,2,Full,CampsitePermit,Less than 20ft,
Mira River,NS ,4,Full,CampsitePermit,Less than 20ft,
Ellenwood Lake,QC ,4,Full,CampsitePermit,Less than 20ft,
Rissers Beach,NS ,2,Senior,CampsitePermit,Less than 20ft,
Caribou Munroes,QC ,2,Full,CampsitePermit,Single Tent,
Dollar Lake,NS ,2,Full,CampsitePermit,Single Tent,
Graves Island,NS ,2,Full,CampsitePermit,Less than 30ft,
Rissers Beach,NS ,2,Senior,CampsitePermit,Single Tent,
Cape Chignecto,NS ,4,Full,BackcountryPermit,Single Tent,
Mira River,NS ,2,Full,CampsitePermit,Single Tent,
Porters Lake,ON ,2,Full,CampsitePermit,Single Tent,
Rissers Beach,NS ,2,Full,CampsitePermit,Less than 30ft,
Thomas Raddall,NS ,2,Full,CampsitePermit,Single Tent,
Dollar Lake,NS ,6,Full,CampsitePermit,Tents,
Caribou Munroes,NS ,2,Full,CampsitePermit,Single Tent,
Porters Lake,QC ,2,Full,CampsitePermit,Single Tent,
Five Islands,NB ,5,Full,CampsitePermit,Single Tent,
Caribou Munroes,ON ,4,Full,CampsitePermit,Tents,
Smileys,NS ,4,Full,CampsitePermit,Tents,
Blomidon,NS ,4,Full,CampsitePermit,Single Tent,
Salsman,NS ,4,Full,CampsitePermit,Less than 20ft,
Boylston,NS ,2,Veteran,CampsitePermit,Tents,
Five Islands,NS ,1,Senior,CampsitePermit,Single Tent,
Laurie,NS ,5,Full,CampsitePermit,Tents,
Rissers Beach,NS ,4,Full,CampsitePermit,Less than 30ft,
Rissers Beach,NS ,2,Full,CampsitePermit,Single Tent,
Thomas Raddall,NS ,6,Full,CampsitePermit,Tents,
Boylston,NS ,6,Full,CampsitePermit,Tents,
Thomas Raddall,NS ,2,Full,CampsitePermit,Less than 30ft,
Blomidon,NS ,5,Full,CampsitePermit,Less than 20ft,
Blomidon,NS ,6,Full,CampsitePermit,Tents,
The Islands,NS ,3,Full,CampsitePermit,Single Tent,
Mira River,NS ,4,Full,CampsitePermit,Single Tent,
Blomidon,ON ,2,Full,CampsitePermit,Single Tent,
Caribou Munroes,NS ,6,Senior,CampsitePermit,Less than 20ft,
Ellenwood Lake,NS ,4,Full,CampsitePermit,Tents,
Five Islands,NS ,1,Full,CampsitePermit,Single Tent,
Caribou Munroes,ON ,3,Full,CampsitePermit,Single Tent,
The Islands,NS ,2,Full,CampsitePermit,Single Tent,
Battery,QC ,2,Full,CampsitePermit,Single Tent,
Blomidon,NS ,2,Full,CampsitePermit,Less than 20ft,
Blomidon,NS ,1,Full,CampsitePermit,Single Tent,
Whycocomagh,NB ,2,Full,CampsitePermit,Single Tent,
Battery,NS ,2,Full,CampsitePermit,Single Tent,
Whycocomagh,NS ,2,Senior,CampsitePermit,Single Tent,
Ellenwood Lake,NS ,4,Full,CampsitePermit,Single Tent,
Graves Island,ON ,2,Full,CampsitePermit,Less than 20ft,
Battery,ON ,3,Senior,CampsitePermit,Single Tent,
Mira River,BC ,2,Senior,CampsitePermit,Less than 20ft,
Graves Island,NS ,4,Full,CampsitePermit,Less than 40ft,
Rissers Beach,NS ,2,Full,CampsitePermit,Single Tent,
Graves Island,NS ,2,Full,CampsitePermit,Less than 20ft,
Valleyview,NS ,2,Full,CampsitePermit,Single Tent,
Graves Island,QC ,3,Full,CampsitePermit,Single Tent,
Dollar Lake,NS ,3,Full,CampsitePermit,Single Tent,
Dollar Lake,NS ,2,Full,CampsitePermit,Less than 30ft,
Thomas Raddall,NS ,2,Full,CampsitePermit,Less than 40ft,
Mira River,NS ,2,Full,CampsitePermit,Single Tent,
Graves Island,NS ,4,Full,CampsitePermit,Single Tent,
Graves Island,NS ,4,Senior,CampsitePermit,Less than 30ft,
Smileys,NS ,2,Full,CampsitePermit,Less than 30ft,
Rissers Beach,NS ,3,Full,CampsitePermit,Single Tent,
Caribou Munroes,NS ,3,Full,CampsitePermit,Less than 40ft,
Porters Lake,NS ,2,Full,CampsitePermit,Single Tent,
Mira River,NS ,5,Full,CampsitePermit,Single Tent,
Amherst Shore,ON ,2,Senior,CampsitePermit,Single Tent,
Graves Island,ON ,2,Full,CampsitePermit,Less than 20ft,
Whycocomagh,BC ,2,Senior,CampsitePermit,Less than 20ft,
Smileys,NS ,4,Full,CampsitePermit,Tents,
Rissers Beach,NS ,1,Full,CampsitePermit,Single Tent,
Caribou Munroes,ON ,2,Full,CampsitePermit,Single Tent,
Graves Island,QC ,2,Senior,CampsitePermit,Tents,
Rissers Beach,NS ,6,Full,CampsitePermit,Tents,
Battery,NS ,6,Full,CampsitePermit,Tents,
Cape Chignecto,NS ,2,Full,BackcountryPermit,Single Tent,
Battery,NS ,3,Full,CampsitePermit,Single Tent,
Five Islands,QC ,2,Full,CampsitePermit,Single Tent,
Five Islands,NS ,2,Full,CampsitePermit,Single Tent,
Battery,NS ,2,Full,CampsitePermit,Less than 30ft,
Mira River,BC ,2,Senior,CampsitePermit,Less than 20ft,
Smileys,NS ,2,Full,CampsitePermit,Less than 40ft,
Thomas Raddall,NS ,2,Full,CampsitePermit,Single Tent,
Graves Island,NS ,2,Full,CampsitePermit,Single Tent,
The Islands,NS ,6,Full,CampsitePermit,Single Tent,
Thomas Raddall,NS ,2,Full,CampsitePermit,Single Tent,
Amherst Shore,ON ,2,Full,CampsitePermit,Less than 20ft,
Blomidon,NS ,2,Senior,CampsitePermit,Less than 40ft,
Dollar Lake,AB ,1,Full,CampsitePermit,Single Tent,
Caribou Munroes,BC ,2,Senior,CampsitePermit,Less than 20ft,
Smileys,NS ,3,Full,CampsitePermit,Less than 20ft,
Mira River,NB ,4,Full,CampsitePermit,Single Tent,
Thomas Raddall,NS ,4,Full,CampsitePermit,Single Tent,
Mira River,NS ,4,Full,CampsitePermit,Less than 30ft,
Thomas Raddall,NS ,2,Full,CampsitePermit,Less than 30ft,
Rissers Beach,NS ,2,Full,CampsitePermit,Less than 30ft,
Valleyview,NS ,1,Full,CampsitePermit,Single Tent,
Mira River,NS ,4,Full,CampsitePermit,Single Tent,
Valleyview,NS ,2,Senior,CampsitePermit,Single Tent,
Laurie,NS ,4,Full,CampsitePermit,Less than 20ft,
Mira River,NS ,5,Full,CampsitePermit,Single Tent,
Graves Island,NS ,2,Full,CampsitePermit,Less than 30ft,
Rissers Beach,NS ,6,Full,CampsitePermit,Less than 30ft,
Porters Lake,NS ,3,Full,CampsitePermit,Less than 40ft,
Battery,NS ,2,Full,CampsitePermit,Less than 20ft,
Dollar Lake,QC ,2,Full,CampsitePermit,Single Tent,
Rissers Beach,QC ,2,Full,CampsitePermit,Less than 20ft,
Rissers Beach,NS ,2,Full,CampsitePermit,Single Tent,
Rissers Beach,NS ,5,Full,CampsitePermit,Tents,
Caribou Munroes,NS ,2,Full,CampsitePermit,Less than 30ft,
Mira River,ON ,4,Full,CampsitePermit,Less than 20ft,
Graves Island,NS ,4,Full,CampsitePermit,Less than 30ft,
Battery,ON ,2,Full,CampsitePermit,Single Tent,
Caribou Munroes,NS ,2,Full,CampsitePermit,Single Tent,
Porters Lake,NS ,4,Full,CampsitePermit,Single Tent,
Amherst Shore,NS ,2,Full,CampsitePermit,Single Tent,
Caribou Munroes,NS ,2,Full,CampsitePermit,Less than 30ft,
Battery,ON ,2,Full,CampsitePermit,Single Tent,
Mira River,QC ,2,Full,CampsitePermit,Single Tent,
Graves Island,NS ,1,Senior,CampsitePermit,Single Tent,
Laurie,NS ,6,Full,CampsitePermit,Tents,
Battery,NS ,2,Full,CampsitePermit,Single Tent,
Rissers Beach,NS ,4,Full,CampsitePermit,Single Tent,
Mira River,ON ,2,Full,CampsitePermit,Single Tent,
Laurie,NS ,2,Full,CampsitePermit,Less than 20ft,
Five Islands,NS ,2,Full,CampsitePermit,Less than 20ft,
Caribou Munroes,ON ,2,Senior,CampsitePermit,Single Tent,
Dollar Lake,NS ,3,Full,CampsitePermit,Single Tent,
Battery,QC ,2,Senior,CampsitePermit,Single Tent,
Mira River,NL ,4,Full,CampsitePermit,Single Tent,
Ellenwood Lake,NS ,3,Full,CampsitePermit,Less than 30ft,
Thomas Raddall,NB ,3,Full,CampsitePermit,Less than 30ft,
Graves Island,NS ,4,Full,CampsitePermit,Less than 20ft,
Caribou Munroes,NS ,1,Full,CampsitePermit,Less than 20ft,
Battery,NS ,2,Full,CampsitePermit,Less than 30ft,
Mira River,ON ,2,Full,CampsitePermit,Single Tent,
Smileys,NS ,4,Full,CampsitePermit,Single Tent,
Caribou Munroes,NS ,2,Full,CampsitePermit,Less than 30ft,
Mira River,NS ,2,Full,CampsitePermit,Less than 30ft,
Dollar Lake,NS ,6,Full,CampsitePermit,Tents,
Mira River,NS ,3,Full,CampsitePermit,Less than 20ft,
Whycocomagh,BC ,2,Senior,CampsitePermit,Less than 40ft,
Ellenwood Lake,NS ,4,Full,CampsitePermit,Less than 30ft,
Thomas Raddall,NS ,5,Full,CampsitePermit,Less than 20ft,
Rissers Beach,NS ,2,Full,CampsitePermit,Single Tent,
Porters Lake,NS ,2,Full,CampsitePermit,Less than 40ft,
Valleyview,NS ,3,Full,CampsitePermit,Less than 40ft,
Caribou Munroes,NS ,6,Full,CampsitePermit,Less than 20ft,
Caribou Munroes,BC ,2,Full,CampsitePermit,Single Tent,
Caribou Munroes,QC ,2,Full,CampsitePermit,Single Tent,
Valleyview,NS ,4,Full,CampsitePermit,Less than 20ft,
Smileys,NS ,4,Full,CampsitePermit,Less than 30ft,
Caribou Munroes,NS ,2,Full,CampsitePermit,Less than 20ft,
Whycocomagh,ON ,2,Full,CampsitePermit,Less than 20ft,
Battery,QC ,3,Full,CampsitePermit,Less than 20ft,
Blomidon,NS ,4,Full,CampsitePermit,Less than 20ft,
Caribou Munroes,NS ,2,Full,CampsitePermit,Single Tent,
Ellenwood Lake,NS ,1,Full,CampsitePermit,Single Tent,
Rissers Beach,NS ,4,Full,CampsitePermit,Less than 20ft,
Salsman,NS ,2,Full,CampsitePermit,Single Tent,
Salsman,NS ,2,Full,CampsitePermit,Less than 30ft,
Rissers Beach,NS ,3,Full,CampsitePermit,Less than 30ft,
The Islands,NS ,2,Full,CampsitePermit,Single Tent,
Rissers Beach,NS ,3,Full,CampsitePermit,Less than 20ft,
Mira River,ON ,2,Full,CampsitePermit,Single Tent,
Smileys,NS ,4,Full,CampsitePermit,Less than 40ft,
Mira River,NS ,6,Full,CampsitePermit,Single Tent,
Graves Island,NS ,5,Full,CampsitePermit,Single Tent,
Whycocomagh,AB ,3,Full,CampsitePermit,Single Tent,
Mira River,BC ,2,Senior,CampsitePermit,Less than 40ft,
Mira River,NS ,2,Full,CampsitePermit,Single Tent,
Graves Island,NS ,2,Senior,CampsitePermit,Less than 40ft,
Graves Island,NS ,5,Full,CampsitePermit,Tents,
Rissers Beach,QC ,1,Full,CampsitePermit,Single Tent,
Five Islands,NS ,2,Full,CampsitePermit,Tents,
Valleyview,NS ,3,Full,CampsitePermit,Single Tent,
Graves Island,NS ,3,Full,CampsitePermit,Less than 30ft,
Rissers Beach,NS ,5,Full,CampsitePermit,Tents,
Blomidon,NS ,2,Full,CampsitePermit,Less than 20ft,
Battery,NS ,4,Full,CampsitePermit,Less than 20ft,
Porters Lake,NS ,4,Full,CampsitePermit,Tents,
Porters Lake,NB ,2,Full,CampsitePermit,Single Tent,
Amherst Shore,QC ,2,Full,CampsitePermit,Single Tent,
Thomas Raddall,NS ,5,Full,CampsitePermit,Less than 30ft,
Rissers Beach,NS ,5,Full,CampsitePermit,Single Tent,
Rissers Beach,NS ,5,Full,CampsitePermit,Less than 20ft,
Mira River,NS ,6,Full,CampsitePermit,Less than 40ft,
Salsman,NS ,4,Full,CampsitePermit,Tents,
Battery,NS ,4,Full,CampsitePermit,Tents,
Caribou Munroes,NS ,6,Senior,CampsitePermit,Less than 40ft,
Caribou Munroes,NB ,2,Senior,CampsitePermit,Single Tent,
Dollar Lake,ON ,2,Senior,CampsitePermit,Single Tent,
Rissers Beach,NS ,4,Full,CampsitePermit,Single Tent,
Caribou Munroes,NS ,2,Full,CampsitePermit,Less than 20ft,
Caribou Munroes,NS ,2,Senior,CampsitePermit,Single Tent,
Amherst Shore,NS ,2,Veteran,CampsitePermit,Single Tent,
Thomas Raddall,QC ,4,Full,CampsitePermit,Single Tent,
Valleyview,NS ,1,Senior,CampsitePermit,Single Tent,
Rissers Beach,NS ,4,Full,CampsitePermit,Tents,
Laurie,NS ,4,Full,CampsitePermit,Less than 20ft,
Caribou Munroes,NS ,4,Full,CampsitePermit,Single Tent,
Graves Island,NB ,2,Full,CampsitePermit,Single Tent,
Graves Island,NS ,4,Full,CampsitePermit,Single Tent,
Amherst Shore,NS ,1,Senior,CampsitePermit,Single Tent,
Thomas Raddall,NS ,4,Full,CampsitePermit,Less than 30ft,
Caribou Munroes,NB ,4,Full,CampsitePermit,Less than 40ft,
Five Islands,NS ,2,Full,CampsitePermit,Single Tent,
The Islands,NS ,2,Senior,CampsitePermit,Less than 30ft,
Graves Island,ON ,2,Senior,CampsitePermit,Less than 30ft,
Caribou Munroes,ON ,4,Full,CampsitePermit,Single Tent,
Graves Island,NS ,3,Senior,CampsitePermit,Tents,
Laurie,ON ,3,Full,CampsitePermit,Less than 20ft,
Mira River,NS ,3,Full,CampsitePermit,Single Tent,
Laurie,NS ,4,Full,CampsitePermit,Tents,
Thomas Raddall,NS ,5,Full,CampsitePermit,Single Tent,
Graves Island,NS ,4,Full,CampsitePermit,Tents,
Caribou Munroes,NS ,5,Full,CampsitePermit,Tents,
Salsman,NS ,3,Full,CampsitePermit,Single Tent,
Whycocomagh,NS ,4,Full,CampsitePermit,Tents,
Rissers Beach,NL ,2,Full,CampsitePermit,Single Tent,
Laurie,NS ,4,Full,CampsitePermit,Less than 30ft,
Salsman,AB ,4,Full,CampsitePermit,Less than 30ft,
Smileys,NS ,2,Full,CampsitePermit,Less than 30ft,
Smileys,NS ,6,Full,CampsitePermit,Single Tent,
Mira River,NS ,2,Full,CampsitePermit,Less than 30ft,
Mira River,NS ,6,Full,CampsitePermit,Less than 40ft,
The Islands,NS ,2,Full,CampsitePermit,Single Tent,
Blomidon,NS ,6,Full,CampsitePermit,Tents,
Rissers Beach,NS ,2,Full,CampsitePermit,Single Tent,
Battery,NS ,4,Full,CampsitePermit,Less than 40ft,
Five Islands,NS ,2,Full,CampsitePermit,Single Tent,
Whycocomagh,QC ,1,Full,CampsitePermit,Single Tent,
Battery,NS ,2,Senior,CampsitePermit,Less than 30ft,
Smileys,NS ,2,Full,CampsitePermit,Less than 30ft,
Rissers Beach,NS ,2,Full,CampsitePermit,Less than 20ft,
Rissers Beach,NS ,2,Full,CampsitePermit,Less than 20ft,
Porters Lake,NS ,6,Full,CampsitePermit,Tents,
Ellenwood Lake,ON ,2,Senior,CampsitePermit,Less than 20ft,
Rissers Beach,NS ,2,Full,CampsitePermit,Single Tent,
Rissers Beach,NS ,6,Full,CampsitePermit,Tents,
Rissers Beach,NS ,4,Full,CampsitePermit,Single Tent,
Graves Island,NS ,2,Full,CampsitePermit,Less than 20ft,
Caribou Munroes,NS ,4,Full,CampsitePermit,Tents,
Blomidon,NS ,4,Full,CampsitePermit,Tents,
Five Islands,NS ,2,Full,CampsitePermit,Less than 30ft,
Cape Chignecto,NS ,2,Full,BackcountryPermit,Single Tent,
Porters Lake,NS ,2,Veteran,CampsitePermit,Single Tent,
Porters Lake,NS ,2,Senior,CampsitePermit,Less than 20ft,
Laurie,NS ,2,Full,CampsitePermit,Tents,
Rissers Beach,NS ,3,Full,CampsitePermit,Less than 30ft,
Blomidon,QC ,4,Full,CampsitePermit,Single Tent,
Porters Lake,NS ,6,Full,CampsitePermit,Tents,
Dollar Lake,NS ,3,Full,CampsitePermit,Single Tent,
Salsman,NS ,3,Full,CampsitePermit,Less than 30ft,
Rissers Beach,NS ,2,Full,CampsitePermit,Greater than 40ft,
Five Islands,NS ,1,Senior,CampsitePermit,Single Tent,
Battery,QC ,2,Senior,CampsitePermit,Single Tent,
The Islands,NS ,2,Full,CampsitePermit,Single Tent,
Five Islands,QC ,2,Full,CampsitePermit,Less than 30ft,
Dollar Lake,NS ,4,Full,CampsitePermit,Single Tent,
Thomas Raddall,AB ,1,Full,CampsitePermit,Single Tent,
Dollar Lake,NS ,2,Senior,CampsitePermit,Less than 20ft,
Battery,ON ,2,Full,CampsitePermit,Single Tent,
Graves Island,NS ,4,Full,CampsitePermit,Tents,
Rissers Beach,NS ,3,Full,CampsitePermit,Less than 30ft,
Smileys,NS ,5,Full,CampsitePermit,Tents,
Ellenwood Lake,NS ,5,Full,CampsitePermit,Tents,
Battery,QC ,2,Senior,CampsitePermit,Single Tent,
Ellenwood Lake,NS ,4,Full,CampsitePermit,Less than 20ft,
Ellenwood Lake,QC ,2,Full,CampsitePermit,Less than 20ft,
Caribou Munroes,NS ,2,Full,CampsitePermit,Single Tent,
Ellenwood Lake,NS ,2,Full,CampsitePermit,Less than 20ft,
Rissers Beach,NS ,4,Full,CampsitePermit,Less than 20ft,
Porters Lake,NS ,1,Full,CampsitePermit,Single Tent,
Ellenwood Lake,NS ,4,Full,CampsitePermit,Less than 30ft,
Graves Island,NS ,6,Full,CampsitePermit,Single Tent,
Caribou Munroes,NS ,2,Senior,CampsitePermit,Less than 30ft,
Thomas Raddall,NS ,3,Full,CampsitePermit,Single Tent,
Laurie,QC ,2,Full,CampsitePermit,Single Tent,
Five Islands,BC ,2,Senior,CampsitePermit,Single Tent,
Rissers Beach,NS ,2,Senior,CampsitePermit,Less than 20ft,
Blomidon,NS ,4,Full,CampsitePermit,Single Tent,
Caribou Munroes,ON ,2,Full,CampsitePermit,Single Tent,
Graves Island,QC ,2,Full,CampsitePermit,Single Tent,
Dollar Lake,NS ,4,Full,CampsitePermit,Less than 30ft,
Blomidon,NS ,3,Full,CampsitePermit,Single Tent,
Rissers Beach,NS ,6,Full,CampsitePermit,Tents,
Dollar Lake,NS ,3,Full,CampsitePermit,Tents,
Boylston,NS ,2,Full,CampsitePermit,Single Tent,
Laurie,NS ,4,Full,CampsitePermit,Less than 30ft,
Graves Island,NS ,2,Full,CampsitePermit,Less than 20ft,
The Islands,ON ,2,Full,CampsitePermit,Less than 30ft,
Porters Lake,QC ,2,Full,CampsitePermit,Single Tent,
Blomidon,NS ,1,Full,CampsitePermit,Single Tent,
Cape Chignecto,ON ,2,Full,BackcountryPermit,Single Tent,
Whycocomagh,ON ,2,Full,CampsitePermit,Less than 20ft,
Battery,NS ,2,Full,CampsitePermit,Single Tent,
Five Islands,NB ,2,Full,CampsitePermit,Single Tent,
Whycocomagh,NS ,1,Senior,CampsitePermit,Less than 20ft,
Dollar Lake,NS ,3,Full,CampsitePermit,Single Tent,
Battery,NB ,6,Full,CampsitePermit,Single Tent,
Blomidon,NS ,2,Full,CampsitePermit,Single Tent,
Five Islands,NS ,4,Veteran,CampsitePermit,Tents,
Graves Island,NS ,2,Full,CampsitePermit,Less than 30ft,
Rissers Beach,NS ,4,Full,CampsitePermit,Less than 30ft,
Blomidon,NS ,4,Full,CampsitePermit,Tents,
Caribou Munroes,NS ,2,Full,CampsitePermit,Less than 20ft,
Mira River,NS ,4,Full,CampsitePermit,Less than 30ft,
Blomidon,NS ,4,Full,CampsitePermit,Less than 20ft,
Mira River,NS ,6,Full,CampsitePermit,Single Tent,
Caribou Munroes,NS ,2,Full,CampsitePermit,Single Tent,
Porters Lake,ON ,2,Full,CampsitePermit,Single Tent,
Caribou Munroes,NS ,2,Full,CampsitePermit,Less than 20ft,
Dollar Lake,NS ,2,Full,CampsitePermit,Single Tent,
Caribou Munroes,QC ,2,Full,CampsitePermit,Single Tent,
Laurie,NS ,2,Full,CampsitePermit,Less than 20ft,
Dollar Lake,NS ,3,Full,CampsitePermit,Less than 20ft,
Ellenwood Lake,NS ,2,Full,CampsitePermit,Less than 20ft,
Thomas Raddall,NS ,2,Full,CampsitePermit,Less than 30ft,
Battery,NS ,5,Full,CampsitePermit,Tents,
Smileys,NS ,4,Full,CampsitePermit,Less than 20ft,
Rissers Beach,NS ,4,Full,CampsitePermit,Tents,
Blomidon,NS ,2,Full,CampsitePermit,Single Tent,
Ellenwood Lake,NS ,7,Full,CampsitePermit,Tents,
Five Islands,ON ,4,Full,CampsitePermit,Single Tent,
Five Islands,NS ,4,Full,CampsitePermit,Tents,
Porters Lake,ON ,2,Full,CampsitePermit,Single Tent,
Caribou Munroes,NB ,5,Full,CampsitePermit,Single Tent,
Dollar Lake,NS ,2,Full,CampsitePermit,Single Tent,
Mira River,NS ,4,Full,CampsitePermit,Less than 30ft,
Five Islands,NS ,4,Full,CampsitePermit,Less than 30ft,
Amherst Shore,ON ,2,Full,CampsitePermit,Less than 30ft,
Five Islands,PE ,2,Full,CampsitePermit,Single Tent,
The Islands,QC ,2,Full,CampsitePermit,Single Tent,
Laurie,NS ,5,Full,CampsitePermit,Tents,
Smileys,NS ,2,Full,CampsitePermit,Less than 30ft,
Thomas Raddall,NS ,5,Full,CampsitePermit,Single Tent,
Ellenwood Lake,NS ,2,Full,CampsitePermit,Single Tent,
Caribou Munroes,NS ,2,Senior,CampsitePermit,Less than 20ft,
Five Islands,ON ,3,Full,CampsitePermit,Tents,
Porters Lake,NS ,2,Senior,CampsitePermit,Less than 40ft,
Mira River,NS ,2,Full,CampsitePermit,Single Tent,
Rissers Beach,NS ,5,Full,CampsitePermit,Less than 20ft,
Rissers Beach,NS ,6,Full,CampsitePermit,Tents,
Dollar Lake,NS ,3,Full,CampsitePermit,Tents,
Five Islands,PE ,3,Full,CampsitePermit,Single Tent,
Battery,QC ,3,Full,CampsitePermit,Less than 20ft,
The Islands,NS ,2,Full,CampsitePermit,Less than 30ft,
Salsman,NS ,2,Full,CampsitePermit,Less than 20ft,
Dollar Lake,NS ,5,Full,CampsitePermit,Single Tent,
Whycocomagh,ON ,2,Full,CampsitePermit,Single Tent,
Cape Chignecto,NS ,3,Full,BackcountryPermit,Single Tent,
Porters Lake,NS ,2,Full,CampsitePermit,Single Tent,
Laurie,NS ,2,Full,CampsitePermit,Less than 20ft,
Dollar Lake,NS ,2,Full,CampsitePermit,Single Tent,
Laurie,NS ,4,Full,CampsitePermit,Less than 40ft,
Caribou Munroes,NS ,4,Full,CampsitePermit,Single Tent,
Graves Island,ON ,2,Full,CampsitePermit,Single Tent,
Caribou Munroes,QC ,3,Full,CampsitePermit,Single Tent,
Battery,BC ,2,Senior,CampsitePermit,Single Tent,
Smileys,ON ,4,Full,CampsitePermit,Single Tent,
Five Islands,QC ,2,Full,CampsitePermit,Single Tent,
Mira River,NS ,2,Host,CampsitePermit,Less than 30ft,
Caribou Munroes,QC ,4,Full,CampsitePermit,Single Tent,
Thomas Raddall,NS ,2,Full,CampsitePermit,Less than 30ft,
Laurie,NS ,5,Full,CampsitePermit,Single Tent,
Rissers Beach,NS ,4,Full,CampsitePermit,Less than 30ft,
Ellenwood Lake,ON ,1,Full,CampsitePermit,Single Tent,
Porters Lake,NS ,1,Full,CampsitePermit,Single Tent,
Amherst Shore,QC ,2,Senior,CampsitePermit,Less than 20ft,
Blomidon,NS ,4,Full,CampsitePermit,Tents,
Blomidon,NS ,4,Full,CampsitePermit,Less than 20ft,
Blomidon,NS ,3,Full,CampsitePermit,Less than 20ft,
Ellenwood Lake,NS ,2,Full,CampsitePermit,Less than 20ft,
Blomidon,NS ,3,Full,CampsitePermit,Single Tent,
Rissers Beach,NS ,4,Full,CampsitePermit,Single Tent,
Valleyview,NS ,4,Full,CampsitePermit,Single Tent,
Porters Lake,NL ,2,Full,CampsitePermit,Less than 40ft,
Thomas Raddall,NS ,1,Full,CampsitePermit,Single Tent,
The Islands,NS ,4,Full,CampsitePermit,Single Tent,
Amherst Shore,NS ,5,Full,CampsitePermit,Single Tent,
Rissers Beach,NS ,5,Full,CampsitePermit,Less than 40ft,
Ellenwood Lake,NS ,2,Full,CampsitePermit,Single Tent,
Graves Island,NS ,3,Full,CampsitePermit,Tents,
Mira River,NS ,6,Full,CampsitePermit,Less than 30ft,
Graves Island,NS ,2,Full,CampsitePermit,Less than 30ft,
Mira River,ON ,4,Full,CampsitePermit,Single Tent,
Amherst Shore,ON ,2,Full,CampsitePermit,Less than 30ft,
Dollar Lake,NS ,5,Full,CampsitePermit,Tents,
Graves Island,QC ,4,Full,CampsitePermit,Less than 40ft,
Rissers Beach,NS ,4,Full,CampsitePermit,Single Tent,
Rissers Beach,NS ,4,Full,CampsitePermit,Single Tent,
Mira River,ON ,3,Full,CampsitePermit,Single Tent,
Whycocomagh,AB ,2,Senior,CampsitePermit,Less than 30ft,
Mira River,NS ,4,Full,CampsitePermit,Less than 40ft,
Porters Lake,QC ,1,Full,CampsitePermit,Single Tent,
Smileys,NS ,4,Full,CampsitePermit,Tents,
Graves Island,NS ,2,Full,CampsitePermit,Less than 40ft,
Cape Chignecto,NS ,2,Full,BackcountryPermit,Single Tent,
Boylston,BC ,4,Full,CampsitePermit,Single Tent,
Graves Island,ON ,1,Full,CampsitePermit,Single Tent,
Rissers Beach,ON ,2,Full,CampsitePermit,Single Tent,
Rissers Beach,NS ,2,Full,CampsitePermit,Less than 30ft,
Whycocomagh,NS ,2,Full,CampsitePermit,Less than 20ft,
Graves Island,NS ,4,Full,CampsitePermit,Less than 30ft,
Amherst Shore,NS ,4,Full,CampsitePermit,Tents,
Graves Island,NS ,2,Full,CampsitePermit,Single Tent,
Porters Lake,NS ,4,Full,CampsitePermit,Less than 30ft,
Porters Lake,NS ,2,Full,CampsitePermit,Single Tent,
Salsman,NS ,2,Full,CampsitePermit,Single Tent,
Dollar Lake,NS ,2,Full,CampsitePermit,Single Tent,
Dollar Lake,NS ,4,Full,CampsitePermit,Less than 20ft,
Caribou Munroes,NS ,5,Full,CampsitePermit,Tents,
Caribou Munroes,NS ,2,Full,CampsitePermit,Single Tent,
Rissers Beach,BC ,4,Full,CampsitePermit,Tents,
Battery,BC ,2,Full,CampsitePermit,Less than 40ft,
Graves Island,NB ,2,Full,CampsitePermit,Less than 30ft,
Laurie,NS ,3,Full,CampsitePermit,Single Tent,
Five Islands,NS ,2,Full,CampsitePermit,Less than 20ft,
Ellenwood Lake,NS ,2,Full,CampsitePermit,Less than 30ft,
Whycocomagh,NS ,6,Full,YurtPermit,Tents,
The Islands,NS ,5,Full,CampsitePermit,Single Tent,
Ellenwood Lake,NS ,5,Full,CampsitePermit,Tents,
Mira River,NS ,9,Full,CampsitePermit,Single Tent,
The Islands,NS ,1,Full,CampsitePermit,Tents,
Five Islands,BC ,2,Senior,CampsitePermit,Less than 20ft,
Thomas Raddall,NS ,4,Full,CampsitePermit,Single Tent,
Porters Lake,NS ,2,Full,CampsitePermit,Less than 30ft,
Cape Chignecto,BC ,4,Full,BackcountryPermit,Single Tent,
Caribou Munroes,NS ,2,Senior,CampsitePermit,Less than 20ft,
Mira River,NS ,5,Full,CampsitePermit,Less than 30ft,
Blomidon,PE ,2,Full,CampsitePermit,Single Tent,
Graves Island,NS ,2,Full,CampsitePermit,Less than 20ft,
Five Islands,ON ,4,Full,CampsitePermit,Single Tent,
Amherst Shore,NS ,4,Full,CampsitePermit,Less than 20ft,
Graves Island,NS ,3,Full,CampsitePermit,Less than 20ft,
Battery,NS ,2,Full,CampsitePermit,Less than 20ft,
The Islands,NS ,2,Senior,CampsitePermit,Less than 40ft,
Five Islands,NS ,3,Full,CampsitePermit,Tents,
Blomidon,NS ,2,Full,CampsitePermit,Single Tent,
Ellenwood Lake,NS ,5,Full,CampsitePermit,Less than 30ft,
Battery,NB ,4,Full,CampsitePermit,Single Tent,
Graves Island,NS ,2,Full,CampsitePermit,Less than 20ft,
Five Islands,QC ,3,Full,CampsitePermit,Single Tent,
Thomas Raddall,NS ,2,Full,CampsitePermit,Single Tent,
Mira River,NS ,5,Full,CampsitePermit,Single Tent,
The Islands,QC ,2,Full,CampsitePermit,Single Tent,
Rissers Beach,NS ,4,Full,CampsitePermit,Less than 20ft,
Graves Island,ON ,4,Full,CampsitePermit,Less than 30ft,
Dollar Lake,NS ,2,Full,CampsitePermit,Less than 30ft,
Thomas Raddall,NS ,3,Full,CampsitePermit,Less than 30ft,
Smileys,NS ,6,Full,CampsitePermit,Single Tent,
Cape Chignecto,NS ,2,Full,BackcountryPermit,Single Tent,
Battery,ON ,3,Full,CampsitePermit,Single Tent,
Salsman,NS ,2,Full,CampsitePermit,Less than 20ft,
Graves Island,NS ,1,Full,CampsitePermit,Single Tent,
Five Islands,NS ,3,Full,CampsitePermit,Tents,
Thomas Raddall,NS ,1,Full,CampsitePermit,Single Tent,
Whycocomagh,NS ,2,Full,YurtPermit,Tents,
Whycocomagh,ON ,3,Full,CampsitePermit,Single Tent,
The Islands,NS ,3,Full,CampsitePermit,Less than 20ft,
Thomas Raddall,NS ,2,Full,CampsitePermit,Single Tent,
Thomas Raddall,NS ,5,Full,CampsitePermit,Single Tent,
Mira River,NS ,4,Full,CampsitePermit,Less than 30ft,
Dollar Lake,NS ,4,Full,CampsitePermit,Single Tent,
Blomidon,NS ,2,Full,CampsitePermit,Less than 30ft,
Mira River,QC ,2,Senior,CampsitePermit,Less than 20ft,
Dollar Lake,NS ,3,Full,CampsitePermit,Tents,
Dollar Lake,NS ,2,Senior,CampsitePermit,Less than 30ft,
Graves Island,ON ,1,Full,CampsitePermit,Single Tent,
Whycocomagh,NS ,4,Full,CampsitePermit,Single Tent,
Thomas Raddall,NS ,2,Full,CampsitePermit,Single Tent,
Salsman,NS ,2,Senior,CampsitePermit,Single Tent,
Five Islands,NS ,2,Full,CampsitePermit,Single Tent,
Porters Lake,NS ,2,Full,CampsitePermit,Tents,
Blomidon,ON ,2,Full,CampsitePermit,Single Tent,
Thomas Raddall,NS ,2,Full,CampsitePermit,Single Tent,
Porters Lake,NS ,3,Full,CampsitePermit,Less than 30ft,
Blomidon,NS ,4,Full,CampsitePermit,Single Tent,
Battery,QC ,2,Full,CampsitePermit,Single Tent,
Graves Island,NS ,4,Full,CampsitePermit,Less than 30ft,
Porters Lake,NS ,2,Full,CampsitePermit,Less than 30ft,
Dollar Lake,NS ,5,Full,CampsitePermit,Single Tent,
Valleyview,NS ,2,Senior,CampsitePermit,Less than 20ft,
Dollar Lake,NS ,6,Full,CampsitePermit,Tents,
Laurie,NS ,2,Full,CampsitePermit,Single Tent,
Dollar Lake,NS ,2,Full,CampsitePermit,Tents,
Boylston,NS ,2,Full,CampsitePermit,Less than 20ft,
Battery,ON ,1,Full,CampsitePermit,Single Tent,
Dollar Lake,NS ,3,Full,CampsitePermit,Tents,
Mira River,NS ,2,Full,CampsitePermit,Less than 20ft,
Salsman,ON ,2,Full,CampsitePermit,Less than 30ft,
Porters Lake,ON ,2,Full,CampsitePermit,Less than 20ft,
Dollar Lake,NS ,6,Veteran,CampsitePermit,Tents,
Graves Island,QC ,1,Full,CampsitePermit,Single Tent,
Battery,NS ,1,Senior,CampsitePermit,Less than 20ft,
Thomas Raddall,NS ,5,Full,CampsitePermit,Tents,
Rissers Beach,NS ,4,Full,CampsitePermit,Less than 30ft,
Rissers Beach,NS ,6,Full,CampsitePermit,Less than 30ft,
Blomidon,NS ,4,Full,CampsitePermit,Tents,
Mira River,NS ,5,Full,CampsitePermit,Tents,
Blomidon,NS ,2,Full,CampsitePermit,Single Tent,
The Islands,NS ,3,Full,CampsitePermit,Less than 20ft,
Amherst Shore,ON ,2,Senior,CampsitePermit,Less than 20ft,
Dollar Lake,NS ,2,Full,CampsitePermit,Less than 20ft,
Rissers Beach,NS ,2,Full,CampsitePermit,Single Tent,
Dollar Lake,NS ,4,Full,CampsitePermit,Less than 20ft,
Battery,AB ,7,Veteran,CampsitePermit,Single Tent,
Mira River,NS ,2,Full,CampsitePermit,Less than 40ft,
Porters Lake,NS ,3,Full,CampsitePermit,Less than 30ft,
Mira River,ON ,2,Senior,CampsitePermit,Less than 20ft,
Rissers Beach,NS ,2,Senior,CampsitePermit,Less than 30ft,
Blomidon,NS ,1,Full,CampsitePermit,Single Tent,
Rissers Beach,NS ,4,Full,CampsitePermit,Single Tent,
Graves Island,NS ,4,Full,CampsitePermit,Less than 30ft,
Dollar Lake,NS ,5,Full,CampsitePermit,Single Tent,
Graves Island,NS ,6,Full,CampsitePermit,Tents,
Caribou Munroes,ON ,2,Senior,CampsitePermit,Less than 20ft,
Porters Lake,NS ,6,Full,CampsitePermit,Tents,
Cape Chignecto,NS ,1,Full,BackcountryPermit,Single Tent,
Mira River,NS ,4,Full,CampsitePermit,Less than 20ft,
Porters Lake,ON ,1,Full,CampsitePermit,Less than 20ft,
Rissers Beach,NS ,4,Full,CampsitePermit,Less than 30ft,
Graves Island,NS ,3,Full,CampsitePermit,Less than 20ft,
Caribou Munroes,ON ,4,Full,CampsitePermit,Less than 40ft,
Five Islands,QC ,4,Full,CampsitePermit,Single Tent,
Battery,QC ,2,Full,CampsitePermit,Single Tent,
Caribou Munroes,NS ,3,Full,CampsitePermit,Less than 20ft,
Porters Lake,NS ,3,Full,CampsitePermit,Single Tent,
Smileys,NS ,2,Senior,CampsitePermit,Less than 30ft,
Blomidon,QC ,2,Full,CampsitePermit,Less than 30ft,
Thomas Raddall,QC ,4,Full,CampsitePermit,Single Tent,
Blomidon,AB ,2,Full,CampsitePermit,Single Tent,
Mira River,YT ,2,Full,CampsitePermit,Less than 30ft,
Cape Chignecto,NB ,1,Full,BackcountryPermit,Single Tent,
Blomidon,NS ,4,Full,CampsitePermit,Single Tent,
Graves Island,QC ,2,Full,CampsitePermit,Less than 20ft,
Valleyview,NS ,2,Full,CampsitePermit,Less than 30ft,
Amherst Shore,NS ,2,Senior,CampsitePermit,Single Tent,
Rissers Beach,NS ,2,Full,CampsitePermit,Single Tent,
Porters Lake,NS ,4,Full,CampsitePermit,Less than 30ft,
The Islands,NS ,3,Full,CampsitePermit,Single Tent,
Ellenwood Lake,NS ,5,Full,CampsitePermit,Less than 30ft,
Porters Lake,NS ,2,Full,CampsitePermit,Single Tent,
Graves Island,NS ,1,Senior,CampsitePermit,Single Tent,
Smileys,NS ,5,Full,CampsitePermit,Tents,
Rissers Beach,NS ,2,Senior,CampsitePermit,Less than 40ft,
Porters Lake,NS ,2,Full,CampsitePermit,Single Tent,
Dollar Lake,NS ,3,Full,CampsitePermit,Less than 30ft,
Graves Island,NS ,4,Full,CampsitePermit,Less than 30ft,
Porters Lake,QC ,2,Full,CampsitePermit,Single Tent,
Mira River,NS ,5,Full,CampsitePermit,Less than 20ft,
Graves Island,ON ,2,Senior,CampsitePermit,Single Tent,
Mira River,ON ,2,Senior,CampsitePermit,Less than 20ft,
Graves Island,NS ,2,Full,CampsitePermit,Less than 40ft,
Porters Lake,NS ,2,Full,CampsitePermit,Tents,
Amherst Shore,NB ,2,Full,CampsitePermit,Less than 20ft,
Blomidon,NS ,4,Full,CampsitePermit,Less than 20ft,
Graves Island,NS ,2,Full,CampsitePermit,Less than 30ft,
Graves Island,NS ,2,Full,CampsitePermit,Tents,
Cape Chignecto,NS ,2,Full,BackcountryPermit,Single Tent,
Smileys,QC ,2,Full,CampsitePermit,Less than 20ft,
Thomas Raddall,QC ,2,Full,CampsitePermit,Single Tent,
Caribou Munroes,NS ,2,Full,CampsitePermit,Less than 30ft,
Rissers Beach,NS ,6,Full,CampsitePermit,Less than 20ft,
Five Islands,QC ,2,Full,CampsitePermit,Less than 40ft,
Mira River,SK ,2,Full,CampsitePermit,Single Tent,
Ellenwood Lake,ON ,2,Senior,CampsitePermit,Single Tent,
Battery,QC ,2,Full,CampsitePermit,Single Tent,
Thomas Raddall,NB ,2,Full,CampsitePermit,Single Tent,
Blomidon,ON ,2,Full,CampsitePermit,Single Tent,
Rissers Beach,NS ,2,Full,CampsitePermit,Less than 30ft,
Smileys,NS ,5,Full,CampsitePermit,Single Tent,
Graves Island,NS ,2,Full,CampsitePermit,Single Tent,
Mira River,NB ,4,Veteran,CampsitePermit,Tents,
Dollar Lake,NS ,4,Full,CampsitePermit,Less than 30ft,
Caribou Munroes,NS ,2,Full,CampsitePermit,Less than 30ft,
Graves Island,NS ,4,Full,CampsitePermit,Less than 20ft,
Rissers Beach,NS ,2,Full,CampsitePermit,Less than 20ft,
Five Islands,NS ,2,Full,CampsitePermit,Less than 30ft,
Dollar Lake,NS ,4,Full,CampsitePermit,Single Tent,
Amherst Shore,QC ,2,Full,CampsitePermit,Less than 30ft,
Graves Island,NS ,2,Full,CampsitePermit,Single Tent,
Mira River,NS ,2,Full,CampsitePermit,Less than 20ft,
Graves Island,ON ,3,Full,CampsitePermit,Less than 20ft,
Dollar Lake,NS ,2,Full,CampsitePermit,Less than 30ft,
Porters Lake,ON ,4,Full,CampsitePermit,Less than 40ft,
Caribou Munroes,AB ,4,Full,CampsitePermit,Single Tent,
Caribou Munroes,NS ,2,Full,CampsitePermit,Less than 20ft,
Porters Lake,QC ,2,Full,CampsitePermit,Single Tent,
Porters Lake,NS ,2,Full,CampsitePermit,Less than 30ft,
Rissers Beach,NS ,4,Full,CampsitePermit,Tents,
Ellenwood Lake,NS ,2,Full,CampsitePermit,Single Tent,
Mira River,NS ,2,Full,CampsitePermit,Single Tent,
Porters Lake,QC ,2,Full,CampsitePermit,Single Tent,
Amherst Shore,NB ,1,Full,CampsitePermit,Single Tent,
Thomas Raddall,NS ,2,Full,CampsitePermit,Less than 30ft,
Caribou Munroes,QC ,1,Full,CampsitePermit,Single Tent,
Laurie,ON ,2,Full,CampsitePermit,Single Tent,
Caribou Munroes,NS ,5,Full,CampsitePermit,Tents,
Amherst Shore,QC ,2,Full,CampsitePermit,Single Tent,
Blomidon,NS ,2,Full,CampsitePermit,Single Tent,
Porters Lake,QC ,2,Full,CampsitePermit,Less than 30ft,
Whycocomagh,NS ,2,Full,CampsitePermit,Single Tent,
Rissers Beach,NS ,4,Full,CampsitePermit,Less than 30ft,
Five Islands,NS ,1,Full,CampsitePermit,Less than 40ft,
Ellenwood Lake,NS ,5,Full,CampsitePermit,Less than 40ft,
Caribou Munroes,QC ,2,Full,CampsitePermit,Less than 40ft,
Mira River,NS ,4,Full,CampsitePermit,Less than 40ft,
Rissers Beach,QC ,3,Full,CampsitePermit,Single Tent,
Graves Island,QC ,2,Full,CampsitePermit,Single Tent,
Five Islands,NS ,2,Full,CampsitePermit,Single Tent,
Graves Island,NS ,5,Full,CampsitePermit,Less than 30ft,
Caribou Munroes,NS ,4,Full,CampsitePermit,Tents,
Battery,QC ,2,Full,CampsitePermit,Less than 20ft,
Dollar Lake,NS ,4,Full,CampsitePermit,Less than 20ft,
Amherst Shore,ON ,2,Full,CampsitePermit,Single Tent,
Thomas Raddall,NS ,1,Full,CampsitePermit,Single Tent,
Cape Chignecto,NS ,2,Full,BackcountryPermit,Single Tent,
Dollar Lake,NS ,2,Full,CampsitePermit,Less than 20ft,
Graves Island,NS ,6,Full,CampsitePermit,Less than 30ft,
Porters Lake,AB ,1,Full,CampsitePermit,Single Tent,
The Islands,NS ,2,Full,CampsitePermit,Single Tent,
Rissers Beach,NS ,4,Full,CampsitePermit,Less than 20ft,
Amherst Shore,NS ,2,Full,CampsitePermit,Less than 40ft,
Whycocomagh,QC ,1,Senior,CampsitePermit,Single Tent,
Ellenwood Lake,NS ,4,Full,CampsitePermit,Single Tent,
Mira River,MB ,2,Senior,CampsitePermit,Single Tent,
Rissers Beach,NS ,4,Full,CampsitePermit,Less than 40ft,
Rissers Beach,NS ,2,Full,CampsitePermit,Less than 20ft,
Graves Island,NS ,1,Full,CampsitePermit,Less than 20ft,
Rissers Beach,NS ,2,Full,CampsitePermit,Less than 40ft,
Rissers Beach,NS ,4,Full,CampsitePermit,Single Tent,
Laurie,NS ,4,Full,CampsitePermit,Single Tent,
Porters Lake,NS ,4,Full,CampsitePermit,Tents,
Caribou Munroes,NS ,5,Full,CampsitePermit,Less than 30ft,
Graves Island,NS ,1,Full,CampsitePermit,Single Tent,
Ellenwood Lake,NS ,4,Full,CampsitePermit,Less than 40ft,
Graves Island,ON ,4,Full,CampsitePermit,Tents,
Laurie,NS ,2,Full,CampsitePermit,Less than 20ft,
The Islands,NS ,2,Full,CampsitePermit,Less than 20ft,
Graves Island,NS ,2,Full,CampsitePermit,Single Tent,
Whycocomagh,NS ,2,Veteran,CampsitePermit,Single Tent,
Thomas Raddall,NS ,4,Full,CampsitePermit,Less than 20ft,
Dollar Lake,NS ,3,Veteran,CampsitePermit,Less than 20ft,
Rissers Beach,NS ,2,Full,CampsitePermit,Single Tent,
Mira River,NS ,5,Full,CampsitePermit,Less than 30ft,
Mira River,NS ,4,Full,CampsitePermit,Less than 30ft,
Blomidon,NS ,2,Full,CampsitePermit,Single Tent,
Graves Island,NS ,3,Full,CampsitePermit,Less than 30ft,
Blomidon,NS ,4,Full,CampsitePermit,Less than 20ft,
Laurie,NS ,3,Full,CampsitePermit,Single Tent,
Thomas Raddall,NS ,2,Full,CampsitePermit,Single Tent,
Porters Lake,NS ,2,Full,CampsitePermit,Single Tent,
Battery,QC ,1,Full,CampsitePermit,Single Tent,
Mira River,NS ,4,Full,CampsitePermit,Less than 20ft,
Caribou Munroes,NS ,3,Full,CampsitePermit,Tents,
Amherst Shore,NS ,2,Full,CampsitePermit,Single Tent,
Cape Chignecto,NB ,7,Full,BackcountryPermit,Cabin,
The Islands,NS ,2,Full,CampsitePermit,Single Tent,
Five Islands,NS ,2,Full,CampsitePermit,Single Tent,
Caribou Munroes,NS ,2,Full,CampsitePermit,Less than 30ft,
Caribou Munroes,NS ,4,Full,CampsitePermit,Less than 30ft,
Whycocomagh,NS ,3,Full,CampsitePermit,Single Tent,
The Islands,NB ,2,Full,CampsitePermit,Single Tent,
Salsman,NS ,2,Senior,CampsitePermit,Less than 20ft,
Laurie,NS ,3,Full,CampsitePermit,Single Tent,
Caribou Munroes,NS ,2,Full,CampsitePermit,Less than 30ft,
Ellenwood Lake,NS ,1,Full,CampsitePermit,Single Tent,
Porters Lake,NS ,2,Senior,CampsitePermit,Less than 40ft,
Blomidon,NS ,3,Full,CampsitePermit,Single Tent,
Five Islands,ON ,1,Full,CampsitePermit,Single Tent,
Rissers Beach,NS ,4,Full,CampsitePermit,Tents,
Rissers Beach,NS ,2,Senior,CampsitePermit,Less than 20ft,
Whycocomagh,ON ,2,Full,YurtPermit,Tents,
Five Islands,ON ,2,Full,CampsitePermit,Single Tent,
Smileys,NS ,2,Full,CampsitePermit,Less than 30ft,
Cape Chignecto,NS ,1,Full,BackcountryPermit,Single Tent,
Dollar Lake,NS ,4,Full,CampsitePermit,Less than 20ft,
Laurie,NS ,6,Full,CampsitePermit,Tents,
Smileys,NS ,2,Full,CampsitePermit,Single Tent,
Ellenwood Lake,NS ,2,Full,CampsitePermit,Single Tent,
Smileys,NS ,1,Full,CampsitePermit,Less than 40ft,
The Islands,ON ,2,Full,CampsitePermit,Single Tent,
Dollar Lake,NS ,6,Full,CampsitePermit,Tents,
Amherst Shore,QC ,4,Full,CampsitePermit,Single Tent,
Graves Island,NS ,3,Full,CampsitePermit,Less than 30ft,
Graves Island,NS ,3,Full,CampsitePermit,Less than 20ft,
Blomidon,BC ,3,Full,CampsitePermit,Single Tent,
Ellenwood Lake,BC ,2,Full,CampsitePermit,Single Tent,
Graves Island,NS ,2,Senior,CampsitePermit,Less than 30ft,
Caribou Munroes,NS ,4,Full,CampsitePermit,Tents,
Porters Lake,NS ,4,Full,CampsitePermit,Single Tent,
Five Islands,NS ,2,Full,CampsitePermit,Single Tent,
Mira River,NS ,4,Full,CampsitePermit,Less than 20ft,
Mira River,NS ,4,Full,CampsitePermit,Less than 30ft,
Caribou Munroes,QC ,2,Full,CampsitePermit,Single Tent,
Caribou Munroes,NS ,6,Senior,CampsitePermit,Tents,
Dollar Lake,NS ,3,Full,CampsitePermit,Single Tent,
Laurie,AB ,6,Full,CampsitePermit,Less than 20ft,
Porters Lake,NS ,3,Full,CampsitePermit,Single Tent,
Dollar Lake,NS ,5,Full,CampsitePermit,Single Tent,
Caribou Munroes,NS ,2,Full,CampsitePermit,Single Tent,
Blomidon,QC ,4,Full,CampsitePermit,Single Tent,
Dollar Lake,NS ,2,Full,CampsitePermit,Single Tent,
Graves Island,NS ,2,Full,CampsitePermit,Less than 30ft,
Blomidon,NS ,4,Full,CampsitePermit,Single Tent,
Battery,NS ,2,Full,CampsitePermit,Single Tent,
Laurie,NS ,4,Full,CampsitePermit,Less than 30ft,
Graves Island,NS ,4,Full,CampsitePermit,Tents,
Laurie,NS ,2,Veteran,CampsitePermit,Less than 30ft,
Rissers Beach,NS ,4,Full,CampsitePermit,Less than 20ft,
Ellenwood Lake,NS ,2,Full,CampsitePermit,Less than 20ft,
Dollar Lake,NS ,3,Full,CampsitePermit,Tents,
Amherst Shore,QC ,2,Full,CampsitePermit,Single Tent,
The Islands,NS ,2,Full,CampsitePermit,Single Tent,
Rissers Beach,NS ,2,Full,CampsitePermit,Less than 40ft,
Five Islands,NS ,3,Full,CampsitePermit,Less than 20ft,
Five Islands,NS ,2,Full,CampsitePermit,Single Tent,
Amherst Shore,QC ,2,Full,CampsitePermit,Single Tent,
Rissers Beach,NS ,2,Full,CampsitePermit,Less than 30ft,
Rissers Beach,NS ,2,Full,CampsitePermit,Less than 20ft,
Whycocomagh,NS ,5,Full,CampsitePermit,Single Tent,
Caribou Munroes,QC ,2,Full,CampsitePermit,Less than 20ft,
Dollar Lake,NS ,4,Full,CampsitePermit,Less than 30ft,
Blomidon,NS ,2,Full,CampsitePermit,Single Tent,
Battery,NB ,1,Full,CampsitePermit,Single Tent,
Graves Island,NS ,6,Full,CampsitePermit,Tents,
Caribou Munroes,AB ,2,Full,CampsitePermit,Single Tent,
Graves Island,QC ,4,Full,CampsitePermit,Less than 20ft,
Salsman,NS ,2,Full,CampsitePermit,Tents,
Mira River,NS ,2,Senior,CampsitePermit,Less than 30ft,
Rissers Beach,NS ,3,Full,CampsitePermit,Single Tent,
Battery,NS ,2,Full,CampsitePermit,Single Tent,
Five Islands,NS ,2,Full,CampsitePermit,Single Tent,
Rissers Beach,NS ,5,Full,CampsitePermit,Less than 30ft,
Dollar Lake,NS ,3,Full,CampsitePermit,Single Tent,
Graves Island,NS ,2,Full,CampsitePermit,Less than 30ft,
Mira River,NS ,4,Full,CampsitePermit,Single Tent,
Rissers Beach,NS ,5,Full,CampsitePermit,Single Tent,
Caribou Munroes,NS ,5,Full,CampsitePermit,Less than 30ft,
Blomidon,NS ,2,Full,CampsitePermit,Less than 30ft,
Five Islands,ON ,2,Senior,CampsitePermit,Less than 20ft,
Caribou Munroes,NS ,1,Senior,CampsitePermit,Less than 20ft,
Rissers Beach,NS ,2,Full,CampsitePermit,Single Tent,
Amherst Shore,AB ,2,Senior,CampsitePermit,Less than 30ft,
Porters Lake,NS ,3,Full,CampsitePermit,Less than 30ft,
Porters Lake,NS ,4,Full,CampsitePermit,Single Tent,
Dollar Lake,NS ,6,Full,CampsitePermit,Less than 20ft,
Five Islands,NS ,4,Full,CampsitePermit,Single Tent,
Ellenwood Lake,NS ,3,Full,CampsitePermit,Single Tent,
Laurie,NS ,4,Full,CampsitePermit,Less than 20ft,
Mira River,NS ,2,Full,CampsitePermit,Less than 20ft,
Graves Island,NS ,2,Full,CampsitePermit,Less than 40ft,
Laurie,NS ,4,Full,CampsitePermit,Single Tent,
Graves Island,NS ,2,Full,CampsitePermit,Less than 20ft,
Rissers Beach,NS ,2,Full,CampsitePermit,Less than 20ft,
Graves Island,NS ,4,Full,CampsitePermit,Less than 40ft,
Cape Chignecto,NS ,2,Full,BackcountryPermit,Single Tent,
Smileys,NS ,2,Full,CampsitePermit,Less than 20ft,
Caribou Munroes,NS ,2,Senior,CampsitePermit,Less than 20ft,
Blomidon,NS ,2,Senior,CampsitePermit,Less than 20ft,
Battery,ON ,1,Senior,CampsitePermit,Single Tent,
Blomidon,NS ,6,Full,CampsitePermit,Less than 20ft,
Smileys,NS ,1,Full,CampsitePermit,Single Tent,
Whycocomagh,NS ,2,Senior,CampsitePermit,Less than 30ft,
Caribou Munroes,NS ,2,Full,CampsitePermit,Less than 40ft,
Valleyview,NS ,1,Senior,CampsitePermit,Less than 30ft,
Porters Lake,NS ,4,Full,CampsitePermit,Less than 30ft,
Five Islands,NS ,4,Full,CampsitePermit,Single Tent,
Laurie,NS ,4,Full,CampsitePermit,Tents,
Mira River,NS ,4,Full,CampsitePermit,Less than 30ft,
Rissers Beach,AB ,2,Full,CampsitePermit,Less than 40ft,
Battery,NS ,2,Full,CampsitePermit,Less than 20ft,
Salsman,NS ,2,Full,CampsitePermit,Single Tent,
Mira River,QC ,2,Senior,CampsitePermit,Less than 20ft,
Cape Chignecto,NS ,3,Full,BackcountryPermit,Single Tent,
Graves Island,NS ,4,Senior,CampsitePermit,Less than 30ft,
Blomidon,NS ,4,Full,CampsitePermit,Single Tent,
Ellenwood Lake,NS ,2,Full,CampsitePermit,Single Tent,
Rissers Beach,NS ,2,Full,CampsitePermit,Less than 30ft,
Rissers Beach,NS ,3,Full,CampsitePermit,Less than 30ft,
Ellenwood Lake,NS ,2,Full,CampsitePermit,Less than 20ft,
Rissers Beach,NS ,3,Full,CampsitePermit,Less than 20ft,
Blomidon,NS ,2,Full,CampsitePermit,Less than 30ft,
Ellenwood Lake,NS ,6,Full,CampsitePermit,Less than 20ft,
Laurie,NS ,4,Full,CampsitePermit,Less than 20ft,
Battery,ON ,4,Full,CampsitePermit,Single Tent,
Battery,NS ,6,Full,CampsitePermit,Tents,
Caribou Munroes,NS ,4,Full,CampsitePermit,Less than 30ft,
Amherst Shore,NS ,5,Full,CampsitePermit,Less than 30ft,
Battery,ON ,4,Full,CampsitePermit,Less than 20ft,
Thomas Raddall,NS ,1,Full,CampsitePermit,Single Tent,
Valleyview,NS ,2,Full,CampsitePermit,Less than 20ft,
Smileys,NS ,2,Full,CampsitePermit,Less than 30ft,
Caribou Munroes,NS ,4,Full,CampsitePermit,Single Tent,
Porters Lake,NS ,4,Full,CampsitePermit,Less than 30ft,
Blomidon,NS ,2,Full,CampsitePermit,Single Tent,
Caribou Munroes,ON ,2,Full,CampsitePermit,Single Tent,
Mira River,ON ,1,Full,CampsitePermit,Single Tent,
Caribou Munroes,ON ,6,Full,CampsitePermit,Tents,
Blomidon,NS ,2,Full,CampsitePermit,Single Tent,
Dollar Lake,NS ,3,Full,CampsitePermit,Single Tent,
Ellenwood Lake,NS ,5,Full,CampsitePermit,Tents,
Graves Island,ON ,5,Full,CampsitePermit,Less than 30ft,
Graves Island,NS ,3,Full,CampsitePermit,Less than 20ft,
Caribou Munroes,NS ,2,Senior,CampsitePermit,Single Tent,
Laurie,NS ,2,Full,CampsitePermit,Single Tent,
Battery,NS ,2,Full,CampsitePermit,Less than 20ft,
Five Islands,ON ,2,Full,CampsitePermit,Single Tent,
Laurie,NS ,2,Full,CampsitePermit,Less than 20ft,
Whycocomagh,NS ,2,Senior,CampsitePermit,Less than 30ft,
The Islands,NS ,2,Full,CampsitePermit,Less than 30ft,
Caribou Munroes,NB ,2,Full,CampsitePermit,Single Tent,
Graves Island,QC ,3,Full,CampsitePermit,Less than 40ft,
Battery,NS ,2,Senior,CampsitePermit,Single Tent,
Laurie,NS ,4,Full,CampsitePermit,Single Tent,
Thomas Raddall,QC ,2,Full,CampsitePermit,Single Tent,
Caribou Munroes,NS ,5,Full,CampsitePermit,Less than 20ft,
Mira River,BC ,1,Full,CampsitePermit,Single Tent,
Blomidon,NS ,4,Full,CampsitePermit,Tents,
Rissers Beach,NS ,1,Full,CampsitePermit,Less than 20ft,
Thomas Raddall,SK ,1,Full,CampsitePermit,Single Tent,
Dollar Lake,NS ,2,Full,CampsitePermit,Single Tent,
Rissers Beach,NS ,4,Full,CampsitePermit,Less than 30ft,
Mira River,NL ,3,Full,CampsitePermit,Less than 20ft,
Battery,QC ,2,Full,CampsitePermit,Single Tent,
Rissers Beach,NS ,2,Full,CampsitePermit,Single Tent,
Valleyview,ON ,3,Full,CampsitePermit,Single Tent,
Rissers Beach,NS ,2,Full,CampsitePermit,Less than 30ft,
Caribou Munroes,NS ,2,Full,CampsitePermit,Less than 20ft,
Thomas Raddall,MB ,2,Senior,CampsitePermit,Tents,
Rissers Beach,NS ,2,Full,CampsitePermit,Single Tent,
Graves Island,NS ,2,Full,CampsitePermit,Less than 30ft,
Dollar Lake,NS ,3,Full,CampsitePermit,Single Tent,
Mira River,NS ,3,Full,CampsitePermit,Less than 40ft,
Caribou Munroes,NS ,3,Full,CampsitePermit,Single Tent,
Valleyview,QC ,5,Full,CampsitePermit,Single Tent,
Dollar Lake,NS ,6,Full,CampsitePermit,Single Tent,
Ellenwood Lake,NS ,4,Full,CampsitePermit,Single Tent,
Battery,ON ,2,Full,CampsitePermit,Single Tent,
Cape Chignecto,NS ,1,Full,BackcountryPermit,Single Tent,
Mira River,NS ,5,Full,CampsitePermit,Less than 40ft,
Battery,NS ,4,Full,CampsitePermit,Single Tent,
Thomas Raddall,NS ,2,Senior,CampsitePermit,Less than 30ft,
Five Islands,QC ,2,Full,CampsitePermit,Less than 20ft,
Thomas Raddall,BC ,5,Full,CampsitePermit,Tents,
Caribou Munroes,QC ,3,Full,CampsitePermit,Less than 20ft,
Battery,NS ,2,Senior,CampsitePermit,Single Tent,
Ellenwood Lake,NS ,5,Full,CampsitePermit,Single Tent,
Laurie,ON ,1,Full,CampsitePermit,Single Tent,
Whycocomagh,ON ,2,Senior,CampsitePermit,Single Tent,
Rissers Beach,NS ,4,Full,CampsitePermit,Single Tent,
Mira River,QC ,3,Full,CampsitePermit,Less than 30ft,
Porters Lake,NS ,6,Full,CampsitePermit,Single Tent,
Blomidon,NS ,2,Full,CampsitePermit,Single Tent,
Thomas Raddall,NS ,5,Full,CampsitePermit,Single Tent,
Whycocomagh,NS ,4,Full,CampsitePermit,Less than 40ft,
Blomidon,NS ,4,Full,CampsitePermit,Less than 20ft,
Rissers Beach,NS ,2,Full,CampsitePermit,Single Tent,
Blomidon,PE ,1,Veteran,CampsitePermit,Single Tent,
Valleyview,PE ,2,Full,CampsitePermit,Single Tent,
Rissers Beach,NS ,4,Full,CampsitePermit,Less than 30ft,
Five Islands,NS ,3,Senior,CampsitePermit,Less than 20ft,
Porters Lake,QC ,2,Full,CampsitePermit,Single Tent,
Rissers Beach,NS ,3,Full,CampsitePermit,Single Tent,
Caribou Munroes,NS ,7,Full,CampsitePermit,Tents,
Battery,NS ,5,Full,CampsitePermit,Less than 30ft,
Graves Island,NS ,3,Full,CampsitePermit,Less than 30ft,
Salsman,NS ,4,Full,CampsitePermit,Tents,
Amherst Shore,ON ,2,Full,CampsitePermit,Single Tent,
Graves Island,NS ,2,Full,CampsitePermit,Single Tent,
Blomidon,NS ,1,Full,CampsitePermit,Single Tent,
Dollar Lake,NS ,4,Full,CampsitePermit,Single Tent,
Laurie,NS ,4,Veteran,CampsitePermit,Tents,
Five Islands,NS ,3,Full,CampsitePermit,Single Tent,
Caribou Munroes,NS ,4,Full,CampsitePermit,Single Tent,
Smileys,NS ,2,Full,CampsitePermit,Less than 20ft,
Five Islands,BC ,1,Full,CampsitePermit,Less than 20ft,
Rissers Beach,QC ,2,Full,CampsitePermit,Less than 20ft,
Mira River,ON ,3,Full,CampsitePermit,Single Tent,
Smileys,NS ,4,Full,CampsitePermit,Less than 30ft,
Graves Island,NS ,2,Full,CampsitePermit,Single Tent,
Rissers Beach,NS ,2,Full,CampsitePermit,Less than 20ft,
Porters Lake,NS ,2,Full,CampsitePermit,Less than 30ft,
Graves Island,NS ,1,Full,CampsitePermit,Single Tent,
Porters Lake,NS ,4,Full,CampsitePermit,Less than 30ft,
Caribou Munroes,NS ,4,Full,CampsitePermit,Tents,
Whycocomagh,NS ,2,Full,CampsitePermit,Single Tent,
The Islands,NS ,2,Full,CampsitePermit,Less than 30ft,
Thomas Raddall,NS ,3,Full,CampsitePermit,Single Tent,
Graves Island,NS ,2,Full,CampsitePermit,Less than 30ft,
Smileys,ON ,3,Full,CampsitePermit,Single Tent,
Porters Lake,BC ,4,Full,CampsitePermit,Less than 20ft,
Whycocomagh,QC ,2,Full,CampsitePermit,Single Tent,
Mira River,NS ,3,Senior,CampsitePermit,Less than 40ft,
Ellenwood Lake,NS ,4,Full,CampsitePermit,Single Tent,
Mira River,BC ,2,Full,CampsitePermit,Single Tent,
Porters Lake,NS ,4,Full,CampsitePermit,Less than 20ft,
Mira River,NS ,2,Full,CampsitePermit,Less than 20ft,
Blomidon,NS ,2,Full,CampsitePermit,Single Tent,
Battery,ON ,2,Full,CampsitePermit,Less than 20ft,
Blomidon,NB ,2,Full,CampsitePermit,Single Tent,
Caribou Munroes,QC ,4,Full,CampsitePermit,Single Tent,
Rissers Beach,NS ,4,Full,CampsitePermit,Tents,
Battery,ON ,5,Full,CampsitePermit,Single Tent,
Porters Lake,NB ,2,Full,CampsitePermit,Single Tent,
Dollar Lake,NS ,2,Full,CampsitePermit,Single Tent,
Battery,QC ,2,Senior,CampsitePermit,Less than 20ft,
Battery,ON ,3,Full,CampsitePermit,Single Tent,
Mira River,NS ,5,Full,CampsitePermit,Less than 40ft,
Caribou Munroes,NS ,2,Full,CampsitePermit,Single Tent,
Amherst Shore,NS ,2,Host,CampsitePermit,Less than 40ft,
Five Islands,ON ,2,Senior,CampsitePermit,Less than 20ft,
Rissers Beach,NS ,2,Full,CampsitePermit,Tents,
Whycocomagh,QC ,1,Full,CampsitePermit,Single Tent,
Graves Island,NS ,2,Senior,CampsitePermit,Less than 30ft,
Porters Lake,QC ,2,Full,CampsitePermit,Single Tent,
Thomas Raddall,NS ,3,Full,CampsitePermit,Single Tent,
The Islands,QC ,2,Full,CampsitePermit,Less than 20ft,
Mira River,ON ,2,Full,CampsitePermit,Single Tent,
Mira River,QC ,2,Full,CampsitePermit,Single Tent,
Graves Island,NS ,2,Senior,CampsitePermit,Less than 30ft,
Five Islands,NS ,4,Full,CampsitePermit,Single Tent,
Laurie,MB ,2,Full,CampsitePermit,Single Tent,
Laurie,BC ,1,Full,CampsitePermit,Single Tent,
Dollar Lake,NS ,5,Full,CampsitePermit,Single Tent,
Graves Island,BC ,4,Full,CampsitePermit,Less than 30ft,
Whycocomagh,BC ,2,Senior,CampsitePermit,Less than 20ft,
Porters Lake,NS ,3,Full,CampsitePermit,Single Tent,
Rissers Beach,QC ,1,Senior,CampsitePermit,Less than 20ft,
Graves Island,NS ,2,Full,CampsitePermit,Less than 20ft,
Dollar Lake,NS ,4,Full,CampsitePermit,Tents,
Caribou Munroes,NS ,4,Full,CampsitePermit,Less than 20ft,
Blomidon,NS ,2,Full,CampsitePermit,Single Tent,
The Islands,NS ,4,Senior,CampsitePermit,Less than 20ft,
Mira River,NS ,2,Full,CampsitePermit,Single Tent,
Salsman,ON ,4,Full,CampsitePermit,Single Tent,
Caribou Munroes,NS ,4,Full,CampsitePermit,Single Tent,
Smileys,NS ,2,Senior,CampsitePermit,Less than 30ft,
Ellenwood Lake,NS ,2,Full,CampsitePermit,Less than 20ft,
Blomidon,QC ,3,Full,CampsitePermit,Less than 20ft,
Caribou Munroes,NS ,2,Full,CampsitePermit,Single Tent,
Ellenwood Lake,NS ,2,Full,CampsitePermit,Less than 20ft,
Rissers Beach,NS ,3,Full,CampsitePermit,Less than 40ft,
Dollar Lake,QC ,2,Full,CampsitePermit,Single Tent,
Rissers Beach,NS ,2,Full,CampsitePermit,Single Tent,
Dollar Lake,NS ,2,Full,CampsitePermit,Single Tent,
Cape Chignecto,NS ,2,Full,BackcountryPermit,Single Tent,
Caribou Munroes,NS ,2,Full,CampsitePermit,Less than 40ft,
Five Islands,NS ,2,Senior,CampsitePermit,Less than 20ft,
Battery,BC ,2,Full,CampsitePermit,Less than 20ft,
Amherst Shore,NS ,2,Senior,CampsitePermit,Less than 30ft,
Smileys,NS ,3,Senior,CampsitePermit,Less than 30ft,
Smileys,NS ,3,Full,CampsitePermit,Single Tent,
Blomidon,QC ,2,Full,CampsitePermit,Single Tent,
Graves Island,QC ,2,Full,CampsitePermit,Single Tent,
Cape Chignecto,QC ,2,Full,BackcountryPermit,Single Tent,
The Islands,NS ,4,Full,CampsitePermit,Less than 20ft,
Battery,NS ,2,Full,CampsitePermit,Single Tent,
Ellenwood Lake,NS ,4,Full,CampsitePermit,Single Tent,
Smileys,NS ,4,Full,CampsitePermit,Less than 20ft,
Caribou Munroes,NS ,4,Full,CampsitePermit,Less than 30ft,
Battery,PE ,2,Full,CampsitePermit,Less than 20ft,
Blomidon,NS ,2,Full,CampsitePermit,Single Tent,
Dollar Lake,NS ,4,Full,CampsitePermit,Single Tent,
Five Islands,QC ,4,Full,CampsitePermit,Tents,
Mira River,ON ,2,Senior,CampsitePermit,Less than 20ft,
Caribou Munroes,NS ,6,Full,CampsitePermit,Less than 20ft,
Blomidon,QC ,2,Full,CampsitePermit,Single Tent,
Porters Lake,NS ,2,Full,CampsitePermit,Single Tent,
Porters Lake,NS ,2,Senior,CampsitePermit,Single Tent,
Ellenwood Lake,QC ,1,Full,CampsitePermit,Single Tent,
Rissers Beach,NS ,3,Full,CampsitePermit,Less than 30ft,
Thomas Raddall,NS ,6,Full,CampsitePermit,Tents,
Mira River,NS ,4,Full,CampsitePermit,Single Tent,
Rissers Beach,NS ,3,Full,CampsitePermit,Less than 30ft,
Battery,NB ,2,Senior,CampsitePermit,Single Tent,
Dollar Lake,NS ,7,Full,CampsitePermit,Tents,
Thomas Raddall,NS ,2,Full,CampsitePermit,Less than 20ft,
Whycocomagh,NS ,2,Senior,CampsitePermit,Less than 30ft,
Caribou Munroes,ON ,1,Senior,CampsitePermit,Single Tent,
Ellenwood Lake,NS ,6,Full,CampsitePermit,Single Tent,
Caribou Munroes,NS ,2,Full,CampsitePermit,Less than 40ft,
Valleyview,ON ,2,Senior,CampsitePermit,Single Tent,
Graves Island,NS ,1,Full,CampsitePermit,Single Tent,
Caribou Munroes,NS ,5,Full,CampsitePermit,Single Tent,
Battery,QC ,2,Full,CampsitePermit,Less than 20ft,
Salsman,NS ,6,Full,CampsitePermit,Tents,
Five Islands,NB ,3,Full,CampsitePermit,Single Tent,
Mira River,NS ,3,Full,CampsitePermit,Single Tent,
Porters Lake,NS ,2,Full,CampsitePermit,Single Tent,
Blomidon,NS ,2,Full,CampsitePermit,Single Tent,
Caribou Munroes,NS ,2,Full,CampsitePermit,Single Tent,
Graves Island,NS ,2,Full,CampsitePermit,Less than 40ft,
Battery,NS ,2,Full,CampsitePermit,Single Tent,
Ellenwood Lake,NS ,4,Full,CampsitePermit,Less than 20ft,
Blomidon,NS ,2,Senior,CampsitePermit,Single Tent,
Graves Island,NS ,4,Full,CampsitePermit,Less than 30ft,
Caribou Munroes,NS ,4,Full,CampsitePermit,Tents,
Salsman,NS ,2,Senior,CampsitePermit,Less than 20ft,
Five Islands,NS ,3,Full,CampsitePermit,Single Tent,
Blomidon,NS ,4,Full,CampsitePermit,Less than 30ft,
Amherst Shore,QC ,2,Senior,CampsitePermit,Less than 20ft,
Thomas Raddall,NS ,2,Full,CampsitePermit,Single Tent,
Thomas Raddall,NS ,2,Full,CampsitePermit,Less than 30ft,
Caribou Munroes,NS ,5,Full,CampsitePermit,Less than 30ft,
Dollar Lake,NS ,5,Full,CampsitePermit,Single Tent,
Battery,NS ,4,Full,CampsitePermit,Less than 20ft,
Amherst Shore,NS ,4,Full,CampsitePermit,Less than 20ft,
Blomidon,NS ,2,Full,CampsitePermit,Single Tent,
Mira River,ON ,2,Senior,CampsitePermit,Single Tent,
Five Islands,NS ,2,Full,CampsitePermit,Less than 20ft,
Ellenwood Lake,NS ,4,Full,CampsitePermit,Single Tent,
Porters Lake,NS ,2,Full,CampsitePermit,Single Tent,
Dollar Lake,NS ,5,Full,CampsitePermit,Single Tent,
Caribou Munroes,QC ,2,Full,CampsitePermit,Single Tent,
Blomidon,QC ,2,Full,CampsitePermit,Single Tent,
Valleyview,ON ,2,Full,CampsitePermit,Single Tent,
Valleyview,NS ,2,Veteran,CampsitePermit,Less than 30ft,
Thomas Raddall,NB ,4,Full,CampsitePermit,Single Tent,
Smileys,NS ,4,Full,CampsitePermit,Tents,
Dollar Lake,NS ,4,Full,CampsitePermit,Single Tent,
Rissers Beach,NS ,2,Full,CampsitePermit,Less than 20ft,
Caribou Munroes,NS ,3,Full,CampsitePermit,Single Tent,
Five Islands,AB ,2,Senior,CampsitePermit,Less than 20ft,
Graves Island,NS ,2,Full,CampsitePermit,Single Tent,
Mira River,NS ,3,Full,CampsitePermit,Single Tent,
Rissers Beach,NS ,2,Full,CampsitePermit,Less than 40ft,
Caribou Munroes,ON ,6,Full,CampsitePermit,Tents,
Porters Lake,NS ,5,Full,CampsitePermit,Single Tent,
Porters Lake,NS ,5,Full,CampsitePermit,Single Tent,
Five Islands,NS ,2,Senior,CampsitePermit,Single Tent,
Porters Lake,NS ,1,Full,CampsitePermit,Single Tent,
Blomidon,NS ,2,Senior,CampsitePermit,Less than 40ft,
Graves Island,NS ,2,Full,CampsitePermit,Less than 30ft,
Graves Island,NS ,4,Full,CampsitePermit,Tents,
Graves Island,NB ,2,Senior,CampsitePermit,Single Tent,
Mira River,ON ,1,Full,CampsitePermit,Single Tent,
Amherst Shore,NS ,2,Full,CampsitePermit,Single Tent,
Smileys,NS ,2,Full,CampsitePermit,Single Tent,
Amherst Shore,ON ,1,Full,CampsitePermit,Single Tent,
Smileys,NS ,3,Full,CampsitePermit,Single Tent,
Porters Lake,QC ,6,Full,CampsitePermit,Less than 30ft,
Blomidon,PE ,3,Full,CampsitePermit,Less than 20ft,
Mira River,NS ,2,Full,CampsitePermit,Less than 20ft,
The Islands,AB ,2,Full,CampsitePermit,Less than 30ft,
Blomidon,NS ,5,Full,CampsitePermit,Less than 30ft,
Blomidon,QC ,2,Senior,CampsitePermit,Less than 30ft,
Rissers Beach,QC ,2,Full,CampsitePermit,Single Tent,
Battery,NS ,2,Full,CampsitePermit,Single Tent,
Blomidon,NS ,2,Full,CampsitePermit,Single Tent,
Dollar Lake,NS ,4,Full,CampsitePermit,Single Tent,
Blomidon,NS ,2,Full,CampsitePermit,Less than 20ft,
Mira River,NS ,6,Full,CampsitePermit,Less than 30ft,
Blomidon,NS ,2,Full,CampsitePermit,Single Tent,
Laurie,QC ,4,Full,CampsitePermit,Less than 30ft,
Rissers Beach,NS ,4,Full,CampsitePermit,Tents,
Rissers Beach,NS ,4,Full,CampsitePermit,Less than 20ft,
Amherst Shore,NS ,2,Senior,CampsitePermit,Less than 30ft,
Caribou Munroes,NS ,3,Full,CampsitePermit,Less than 20ft,
Ellenwood Lake,NS ,2,Full,CampsitePermit,Single Tent,
Mira River,NS ,2,Full,CampsitePermit,Single Tent,
Dollar Lake,NS ,3,Full,CampsitePermit,Single Tent,
Battery,NS ,2,Full,CampsitePermit,Single Tent,
Valleyview,QC ,2,Full,CampsitePermit,Single Tent,
The Islands,NS ,2,Full,CampsitePermit,Single Tent,
Dollar Lake,NS ,2,Full,CampsitePermit,Less than 20ft,
Blomidon,NS ,1,Full,CampsitePermit,Single Tent,
Caribou Munroes,NS ,4,Senior,CampsitePermit,Single Tent,
Caribou Munroes,NS ,4,Full,CampsitePermit,Less than 30ft,
Graves Island,QC ,1,Full,CampsitePermit,Single Tent,
Laurie,NS ,1,Full,CampsitePermit,Single Tent,
Graves Island,NS ,2,Full,CampsitePermit,Single Tent,
Rissers Beach,NS ,4,Full,CampsitePermit,Single Tent,
Mira River,NL ,1,Full,CampsitePermit,Less than 20ft,
Thomas Raddall,NS ,2,Full,CampsitePermit,Single Tent,
Blomidon,NS ,2,Full,CampsitePermit,Single Tent,
Rissers Beach,NS ,4,Full,CampsitePermit,Less than 30ft,
Amherst Shore,NS ,3,Full,CampsitePermit,Single Tent,
Rissers Beach,NS ,2,Full,CampsitePermit,Single Tent,
Five Islands,NS ,2,Senior,CampsitePermit,Less than 20ft,
Mira River,NS ,4,Full,CampsitePermit,Less than 30ft,
Mira River,ON ,2,Full,CampsitePermit,Single Tent,
Five Islands,NS ,2,Full,CampsitePermit,Single Tent,
Mira River,NS ,4,Full,CampsitePermit,Less than 30ft,
Salsman,NS ,2,Full,CampsitePermit,Single Tent,
Graves Island,ON ,1,Full,CampsitePermit,Single Tent,
Smileys,NS ,2,Full,CampsitePermit,Single Tent,
Blomidon,NS ,3,Full,CampsitePermit,Single Tent,
Rissers Beach,NS ,2,Full,CampsitePermit,Single Tent,
Caribou Munroes,QC ,2,Full,CampsitePermit,Less than 20ft,
Thomas Raddall,NS ,1,Full,CampsitePermit,Single Tent,
The Islands,NS ,2,Senior,CampsitePermit,Single Tent,
Graves Island,NS ,2,Full,CampsitePermit,Less than 30ft,
Rissers Beach,NS ,3,Full,CampsitePermit,Less than 20ft,
Five Islands,NB ,4,Full,CampsitePermit,Less than 30ft,
Thomas Raddall,NS ,3,Full,CampsitePermit,Less than 30ft,
Graves Island,NB ,4,Veteran,CampsitePermit,Tents,
Five Islands,NS ,2,Senior,CampsitePermit,Less than 30ft,
Thomas Raddall,ON ,1,Full,CampsitePermit,Single Tent,
Caribou Munroes,SK ,3,Full,CampsitePermit,Less than 20ft,
Caribou Munroes,ON ,3,Full,CampsitePermit,Single Tent,
Laurie,NS ,5,Full,CampsitePermit,Less than 20ft,
Graves Island,NS ,6,Full,CampsitePermit,Less than 30ft,
Battery,QC ,2,Full,CampsitePermit,Single Tent,
Porters Lake,NS ,1,Full,CampsitePermit,Single Tent,
Graves Island,ON ,2,Senior,CampsitePermit,Less than 20ft,
Amherst Shore,ON ,2,Senior,CampsitePermit,Less than 20ft,
Rissers Beach,NS ,2,Full,CampsitePermit,Single Tent,
Porters Lake,NS ,2,Full,CampsitePermit,Single Tent,
Graves Island,NS ,2,Senior,CampsitePermit,Single Tent,
Porters Lake,ON ,2,Full,CampsitePermit,Single Tent,
Blomidon,NS ,1,Full,CampsitePermit,Single Tent,
Porters Lake,NS ,3,Full,CampsitePermit,Single Tent,
Dollar Lake,PE ,2,Full,CampsitePermit,Tents,
Blomidon,NS ,5,Full,CampsitePermit,Tents,
Caribou Munroes,NS ,2,Full,CampsitePermit,Less than 20ft,
Caribou Munroes,NB ,2,Full,CampsitePermit,Less than 30ft,
Dollar Lake,NS ,3,Full,CampsitePermit,Single Tent,
Blomidon,NS ,5,Full,CampsitePermit,Single Tent,
Rissers Beach,NS ,2,Senior,CampsitePermit,Less than 30ft,
Caribou Munroes,ON ,2,Full,CampsitePermit,Single Tent,
Ellenwood Lake,NS ,5,Full,CampsitePermit,Tents,
Rissers Beach,NS ,4,Full,CampsitePermit,Single Tent,
Porters Lake,NS ,4,Full,CampsitePermit,Less than 20ft,
Graves Island,NS ,5,Full,CampsitePermit,Single Tent,
Laurie,NS ,3,Full,CampsitePermit,Less than 20ft,
Graves Island,NS ,3,Senior,CampsitePermit,Less than 20ft,
Five Islands,BC ,3,Senior,CampsitePermit,Less than 20ft,
Rissers Beach,NS ,4,Full,CampsitePermit,Tents,
Battery,NS ,3,Full,CampsitePermit,Less than 20ft,
Salsman,ON ,2,Senior,CampsitePermit,Less than 40ft,
Rissers Beach,ON ,4,Full,CampsitePermit,Tents,
Thomas Raddall,NS ,2,Full,CampsitePermit,Single Tent,
Blomidon,NS ,3,Full,CampsitePermit,Single Tent,
Porters Lake,NS ,1,Full,CampsitePermit,Single Tent,
Caribou Munroes,BC ,2,Full,CampsitePermit,Less than 20ft,
Whycocomagh,NS ,6,Full,CampsitePermit,Less than 30ft,
Graves Island,NS ,1,Full,CampsitePermit,Single Tent,
Amherst Shore,AB ,1,Full,CampsitePermit,Less than 40ft,
Mira River,NS ,2,Full,CampsitePermit,Single Tent,
Cape Chignecto,NS ,5,Full,BackcountryPermit,Single Tent,
Blomidon,NS ,2,Veteran,CampsitePermit,Single Tent,
Five Islands,NB ,6,Senior,CampsitePermit,Tents,
Amherst Shore,NS ,6,Full,CampsitePermit,Tents,
Graves Island,NS ,2,Senior,CampsitePermit,Less than 30ft,
Porters Lake,NS ,6,Full,CampsitePermit,Tents,
Valleyview,NS ,2,Full,CampsitePermit,Single Tent,
Valleyview,NS ,2,Senior,CampsitePermit,Single Tent,
Porters Lake,NS ,6,Full,CampsitePermit,Tents,
Caribou Munroes,NS ,5,Full,CampsitePermit,Less than 20ft,
Ellenwood Lake,QC ,1,Full,CampsitePermit,Less than 20ft,
Rissers Beach,NS ,2,Full,CampsitePermit,Single Tent,
Laurie,NS ,6,Full,CampsitePermit,Tents,
Caribou Munroes,NS ,1,Full,CampsitePermit,Less than 20ft,
Smileys,NS ,2,Veteran,CampsitePermit,Less than 30ft,
Rissers Beach,NS ,2,Senior,CampsitePermit,Less than 30ft,
Blomidon,NS ,2,Full,CampsitePermit,Single Tent,
Caribou Munroes,NS ,2,Full,CampsitePermit,Less than 20ft,
Dollar Lake,NS ,4,Full,CampsitePermit,Less than 30ft,
Caribou Munroes,NS ,5,Full,CampsitePermit,Less than 30ft,
Smileys,NS ,4,Full,CampsitePermit,Less than 30ft,
Five Islands,NS ,4,Senior,CampsitePermit,Single Tent,
Graves Island,ON ,2,Full,CampsitePermit,Single Tent,
Rissers Beach,NS ,6,Full,CampsitePermit,Less than 20ft,
The Islands,NS ,2,Full,CampsitePermit,Single Tent,
Five Islands,AB ,1,Full,CampsitePermit,Single Tent,
Five Islands,QC ,2,Full,CampsitePermit,Less than 30ft,
Rissers Beach,ON ,2,Full,CampsitePermit,Single Tent,
Laurie,QC ,4,Full,CampsitePermit,Single Tent,
Graves Island,NS ,3,Full,CampsitePermit,Less than 30ft,
Caribou Munroes,ON ,2,Full,CampsitePermit,Less than 30ft,
Rissers Beach,QC ,2,Full,CampsitePermit,Single Tent,
Smileys,NS ,2,Full,CampsitePermit,Less than 20ft,
Mira River,NS ,4,Full,CampsitePermit,Tents,
Porters Lake,NS ,2,Full,CampsitePermit,Single Tent,
Thomas Raddall,QC ,2,Full,CampsitePermit,Single Tent,
Valleyview,QC ,2,Full,CampsitePermit,Single Tent,
Whycocomagh,QC ,2,Full,CampsitePermit,Single Tent,
Salsman,NS ,2,Full,CampsitePermit,Less than 30ft,
Amherst Shore,ON ,2,Full,CampsitePermit,Single Tent,
Caribou Munroes,AB ,4,Senior,CampsitePermit,Less than 30ft,
Blomidon,NS ,2,Full,CampsitePermit,Single Tent,
Amherst Shore,NS ,2,Full,CampsitePermit,Less than 20ft,
Mira River,NS ,6,Full,CampsitePermit,Less than 20ft,
Thomas Raddall,ON ,1,Full,CampsitePermit,Single Tent,
Porters Lake,ON ,2,Full,CampsitePermit,Single Tent,
Blomidon,NS ,2,Full,CampsitePermit,Single Tent,
Rissers Beach,NS ,2,Senior,CampsitePermit,Less than 30ft,
Blomidon,NS ,4,Full,CampsitePermit,Less than 40ft,
Dollar Lake,NS ,5,Full,CampsitePermit,Less than 30ft,
Caribou Munroes,NS ,4,Full,CampsitePermit,Less than 20ft,
Thomas Raddall,NS ,4,Full,CampsitePermit,Less than 30ft,
Thomas Raddall,NS ,2,Full,CampsitePermit,Single Tent,
Caribou Munroes,NS ,3,Full,CampsitePermit,Tents,
Graves Island,NS ,2,Full,CampsitePermit,Less than 20ft,
Battery,QC ,2,Senior,CampsitePermit,Less than 20ft,
Rissers Beach,NS ,2,FULL,CampsitePermit,Single Tent,
Porters Lake,NS ,3,Full,CampsitePermit,Less than 20ft,
Mira River,ON ,1,Senior,CampsitePermit,Single Tent,
Laurie,ON ,5,Full,CampsitePermit,Single Tent,
Mira River,QC ,2,Full,CampsitePermit,Less than 30ft,
Graves Island,ON ,2,Full,CampsitePermit,Single Tent,
Battery,NS ,1,Full,CampsitePermit,Single Tent,
Whycocomagh,NS ,3,Full,CampsitePermit,Less than 40ft,
Dollar Lake,NS ,2,Full,CampsitePermit,Single Tent,
Thomas Raddall,QC ,3,Full,CampsitePermit,Less than 20ft,
Five Islands,ON ,2,Full,CampsitePermit,Less than 30ft,
Laurie,NS ,2,Full,CampsitePermit,Single Tent,
Blomidon,NS ,2,Senior,CampsitePermit,Less than 20ft,
Amherst Shore,ON ,3,Full,CampsitePermit,Single Tent,
Porters Lake,NS ,2,Full,CampsitePermit,Tents,
Rissers Beach,NS ,2,Full,CampsitePermit,Less than 20ft,
Graves Island,NS ,2,Full,CampsitePermit,Less than 40ft,
Blomidon,NS ,2,Full,CampsitePermit,Less than 20ft,
Mira River,NS ,2,Senior,CampsitePermit,Less than 30ft,
Caribou Munroes,NS ,3,Senior,CampsitePermit,Less than 30ft,
Graves Island,NS ,2,Full,CampsitePermit,Less than 30ft,
Five Islands,NB ,6,Full,CampsitePermit,Tents,
Caribou Munroes,QC ,4,Full,CampsitePermit,Single Tent,
Whycocomagh,QC ,2,Full,CampsitePermit,Less than 20ft,
Dollar Lake,NS ,3,Full,CampsitePermit,Tents,
Whycocomagh,NS ,3,Full,CampsitePermit,Single Tent,
Rissers Beach,NS ,1,Full,CampsitePermit,Single Tent,
Thomas Raddall,NS ,6,Full,CampsitePermit,Less than 20ft,
Battery,AB ,2,Senior,CampsitePermit,Single Tent,
The Islands,NS ,2,Full,CampsitePermit,Less than 20ft,
Mira River,NS ,6,Full,CampsitePermit,Less than 20ft,
Battery,NS ,2,Full,CampsitePermit,Single Tent,
Rissers Beach,NS ,3,Full,CampsitePermit,Less than 30ft,
Mira River,NS ,6,Full,CampsitePermit,Less than 30ft,
Rissers Beach,NS ,1,Full,CampsitePermit,Less than 30ft,
Battery,QC ,4,Full,CampsitePermit,Single Tent,
Rissers Beach,NB ,2,Full,CampsitePermit,Less than 40ft,
Thomas Raddall,NS ,4,Full,CampsitePermit,Less than 20ft,
Laurie,NS ,6,Full,CampsitePermit,Less than 20ft,
Thomas Raddall,NS ,2,Full,CampsitePermit,Less than 30ft,
Ellenwood Lake,NS ,2,Full,CampsitePermit,Single Tent,
Rissers Beach,NS ,1,Full,CampsitePermit,Single Tent,
Rissers Beach,NS ,3,Full,CampsitePermit,Single Tent,
Mira River,NS ,8,Full,CampsitePermit,Tents,
Cape Chignecto,BC ,2,Full,BackcountryPermit,Single Tent,
Dollar Lake,NS ,2,Full,CampsitePermit,Single Tent,
Mira River,NS ,4,Full,CampsitePermit,Less than 30ft,
Battery,NS ,1,Senior,CampsitePermit,Single Tent,
Dollar Lake,NS ,4,Full,CampsitePermit,Less than 20ft,
Smileys,NS ,3,Full,CampsitePermit,Single Tent,
Smileys,NS ,2,Full,CampsitePermit,Less than 30ft,
Five Islands,NS ,6,Full,CampsitePermit,Single Tent,
Blomidon,NS ,4,Full,CampsitePermit,Single Tent,
Amherst Shore,NS ,3,Full,CampsitePermit,Less than 20ft,
Blomidon,NB ,2,Full,CampsitePermit,Single Tent,
Caribou Munroes,NS ,4,Senior,CampsitePermit,Less than 30ft,
Graves Island,NS ,2,Full,CampsitePermit,Single Tent,
Rissers Beach,NS ,2,Full,CampsitePermit,Single Tent,
Laurie,NS ,4,Full,CampsitePermit,Single Tent,
Graves Island,NS ,2,Full,CampsitePermit,Less than 30ft,
Graves Island,NS ,5,Full,CampsitePermit,Less than 20ft,
Valleyview,NS ,2,Full,CampsitePermit,Single Tent,
Dollar Lake,NS ,6,Full,CampsitePermit,Less than 20ft,
Laurie,NS ,6,Full,CampsitePermit,Less than 40ft,
Blomidon,QC ,2,Senior,CampsitePermit,Single Tent,
Mira River,QC ,7,Full,CampsitePermit,Single Tent,
Caribou Munroes,NB ,2,Full,CampsitePermit,Less than 30ft,
Graves Island,NS ,3,Full,CampsitePermit,Less than 40ft,
Smileys,NS ,4,Full,CampsitePermit,Less than 30ft,
Ellenwood Lake,NS ,4,Senior,CampsitePermit,Tents,
Smileys,NS ,6,Full,CampsitePermit,Less than 40ft,
Dollar Lake,NS ,5,Full,CampsitePermit,Tents,
Mira River,NS ,5,Full,CampsitePermit,Less than 30ft,
Caribou Munroes,NS ,6,Full,CampsitePermit,Less than 20ft,
Mira River,NS ,4,Full,CampsitePermit,Less than 30ft,
Porters Lake,NS ,2,Full,CampsitePermit,Single Tent,
Graves Island,NS ,4,Full,CampsitePermit,Tents,
Laurie,NS ,3,Full,CampsitePermit,Single Tent,
Porters Lake,ON ,1,Full,CampsitePermit,Single Tent,
Salsman,QC ,2,Full,CampsitePermit,Less than 20ft,
Rissers Beach,NS ,2,Senior,CampsitePermit,Less than 30ft,
Whycocomagh,ON ,2,Full,CampsitePermit,Single Tent,
Mira River,BC ,4,Full,CampsitePermit,Less than 30ft,
Valleyview,NS ,2,Full,CampsitePermit,Single Tent,
Whycocomagh,ON ,3,Full,CampsitePermit,Less than 30ft,
Porters Lake,NS ,2,Full,CampsitePermit,Single Tent,
Rissers Beach,NS ,2,Senior,CampsitePermit,Less than 40ft,
Graves Island,NS ,3,Full,CampsitePermit,Single Tent,
Blomidon,NB ,2,Full,CampsitePermit,Single Tent,
Ellenwood Lake,NS ,3,Full,CampsitePermit,Less than 30ft,
Dollar Lake,NS ,1,Full,CampsitePermit,Single Tent,
Graves Island,NS ,2,Full,CampsitePermit,Less than 20ft,
Blomidon,NS ,1,Full,CampsitePermit,Single Tent,
Graves Island,NS ,4,Full,CampsitePermit,Less than 30ft,
Thomas Raddall,NS ,3,Full,CampsitePermit,Less than 20ft,
Thomas Raddall,NS ,1,Full,CampsitePermit,Single Tent,
Whycocomagh,QC ,4,Full,CampsitePermit,Less than 30ft,
Mira River,NS ,9,Full,CampsitePermit,Single Tent,
Rissers Beach,NS ,2,Senior,CampsitePermit,Less than 30ft,
Mira River,NS ,2,Full,CampsitePermit,Single Tent,
Blomidon,QC ,2,Full,CampsitePermit,Less than 20ft,
Boylston,NS ,1,Full,CampsitePermit,Single Tent,
Porters Lake,NS ,2,Veteran,CampsitePermit,Single Tent,
Cape Chignecto,NS ,1,Veteran,BackcountryPermit,Single Tent,
The Islands,NS ,3,Full,CampsitePermit,Less than 20ft,
Graves Island,QC ,1,Full,CampsitePermit,Single Tent,
Laurie,NS ,2,Full,CampsitePermit,Less than 30ft,
Mira River,NS ,6,Full,CampsitePermit,Tents,
Amherst Shore,AB ,4,Full,CampsitePermit,Less than 30ft,
Porters Lake,NS ,3,Full,CampsitePermit,Single Tent,
Amherst Shore,NS ,4,Full,CampsitePermit,Single Tent,
Graves Island,ON ,2,Full,CampsitePermit,Single Tent,
Valleyview,NB ,2,Full,CampsitePermit,Single Tent,
Caribou Munroes,QC ,4,Full,CampsitePermit,Single Tent,
Graves Island,NS ,2,Senior,CampsitePermit,Less than 20ft,
Mira River,BC ,2,Senior,CampsitePermit,Less than 20ft,
Whycocomagh,NS ,4,Full,YurtPermit,Tents,
Caribou Munroes,NS ,2,Full,CampsitePermit,Less than 30ft,
Thomas Raddall,NS ,4,Full,CampsitePermit,Tents,
Mira River,QC ,2,Full,CampsitePermit,Single Tent,
Amherst Shore,NS ,5,Full,CampsitePermit,Less than 20ft,
Salsman,NS ,2,Senior,CampsitePermit,Less than 30ft,
Caribou Munroes,QC ,2,Full,CampsitePermit,Single Tent,
Blomidon,NS ,3,Full,CampsitePermit,Less than 20ft,
Porters Lake,NS ,2,Full,CampsitePermit,Less than 20ft,
Laurie,NS ,4,Full,CampsitePermit,Single Tent,
Thomas Raddall,NS ,3,Full,CampsitePermit,Less than 20ft,
Porters Lake,NS ,4,Full,CampsitePermit,Less than 30ft,
Mira River,NB ,5,Full,CampsitePermit,Tents,
Rissers Beach,NS ,3,Full,CampsitePermit,Less than 30ft,
Laurie,NS ,3,Full,CampsitePermit,Less than 20ft,
Mira River,ON ,2,Full,CampsitePermit,Less than 20ft,
Amherst Shore,NS ,6,Full,CampsitePermit,Single Tent,
Amherst Shore,ON ,3,Full,CampsitePermit,Less than 30ft,
Graves Island,NS ,4,Full,CampsitePermit,Less than 40ft,
Mira River,NS ,4,Full,CampsitePermit,Single Tent,
Thomas Raddall,NS ,6,Full,CampsitePermit,Single Tent,
Mira River,ON ,2,Full,CampsitePermit,Less than 30ft,
Blomidon,NS ,2,Full,CampsitePermit,Single Tent,
Five Islands,QC ,2,Senior,CampsitePermit,Single Tent,
Whycocomagh,NB ,2,Full,CampsitePermit,Single Tent,
Smileys,NS ,2,Full,CampsitePermit,Less than 30ft,
Caribou Munroes,NS ,2,Full,CampsitePermit,Less than 20ft,
Thomas Raddall,NS ,5,Full,CampsitePermit,Less than 20ft,
Mira River,NS ,4,Full,CampsitePermit,Less than 30ft,
Ellenwood Lake,NS ,2,Full,CampsitePermit,Single Tent,
Blomidon,NS ,5,Full,CampsitePermit,Single Tent,
Smileys,NS ,3,Full,CampsitePermit,Less than 30ft,
Five Islands,ON ,3,Full,CampsitePermit,Less than 40ft,
Smileys,NS ,5,Full,CampsitePermit,Less than 30ft,
Caribou Munroes,QC ,2,Full,CampsitePermit,Single Tent,
Boylston,NS ,2,Senior,CampsitePermit,Less than 20ft,
Battery,NS ,5,Full,CampsitePermit,Single Tent,
Valleyview,ON ,1,Full,CampsitePermit,Single Tent,
Amherst Shore,ON ,3,Full,CampsitePermit,Tents,
Boylston,PE ,2,Full,CampsitePermit,Single Tent,
Thomas Raddall,NS ,3,Full,CampsitePermit,Single Tent,
Blomidon,QC ,2,Full,CampsitePermit,Single Tent,
Thomas Raddall,NS ,2,Full,CampsitePermit,Single Tent,
Five Islands,NB ,1,Full,CampsitePermit,Single Tent,
Blomidon,NS ,2,Full,CampsitePermit,Less than 20ft,
Blomidon,NS ,2,Full,CampsitePermit,Single Tent,
Battery,NS ,1,Senior,CampsitePermit,Single Tent,
Graves Island,NS ,4,Full,CampsitePermit,Single Tent,
Smileys,NS ,2,Full,CampsitePermit,Single Tent,
Smileys,NS ,2,Full,CampsitePermit,Less than 40ft,
Smileys,NS ,2,Full,CampsitePermit,Single Tent,
Thomas Raddall,ON ,2,Full,CampsitePermit,Single Tent,
Boylston,QC ,2,Full,CampsitePermit,Less than 30ft,
Blomidon,ON ,1,Full,CampsitePermit,Single Tent,
Graves Island,NS ,2,Full,CampsitePermit,Less than 20ft,
Rissers Beach,NS ,5,Full,CampsitePermit,Less than 20ft,
Salsman,NS ,4,Full,CampsitePermit,Less than 20ft,
Porters Lake,NS ,2,Senior,CampsitePermit,Tents,
Mira River,NS ,4,Full,CampsitePermit,Less than 30ft,
Blomidon,NS ,3,Full,CampsitePermit,Less than 30ft,
Caribou Munroes,NS ,2,Full,CampsitePermit,Less than 20ft,
Graves Island,QC ,2,Full,CampsitePermit,Less than 20ft,
Caribou Munroes,ON ,2,Senior,CampsitePermit,Less than 20ft,
Caribou Munroes,AB ,3,Full,CampsitePermit,Single Tent,
Mira River,NS ,3,Full,CampsitePermit,Single Tent,
Smileys,NS ,2,Full,CampsitePermit,Less than 20ft,
Mira River,NS ,6,Full,CampsitePermit,Less than 20ft,
Battery,ON ,2,Full,CampsitePermit,Single Tent,
Whycocomagh,QC ,2,Full,CampsitePermit,Less than 30ft,
Mira River,NS ,1,Full,CampsitePermit,Less than 20ft,
Thomas Raddall,NS ,4,Full,CampsitePermit,Single Tent,
Amherst Shore,QC ,2,Full,CampsitePermit,Single Tent,
Rissers Beach,NS ,2,Full,CampsitePermit,Single Tent,
Graves Island,NS ,2,Senior,CampsitePermit,Less than 20ft,
Mira River,NS ,4,Full,CampsitePermit,Less than 40ft,
Dollar Lake,NS ,5,Full,CampsitePermit,Single Tent,
Rissers Beach,NS ,2,Full,CampsitePermit,Less than 20ft,
Laurie,BC ,2,Full,CampsitePermit,Less than 30ft,
Thomas Raddall,NS ,6,Full,CampsitePermit,Tents,
Battery,ON ,1,Full,CampsitePermit,Single Tent,
Graves Island,NS ,1,Full,CampsitePermit,Single Tent,
Rissers Beach,AB ,4,Full,CampsitePermit,Less than 30ft,
Whycocomagh,NS ,2,Full,CampsitePermit,Tents,
Amherst Shore,ON ,2,Full,CampsitePermit,Single Tent,
Amherst Shore,NS ,4,Full,CampsitePermit,Less than 20ft,
Porters Lake,NS ,3,Full,CampsitePermit,Single Tent,
Mira River,NL ,3,Full,CampsitePermit,Less than 20ft,
Caribou Munroes,NS ,2,Full,CampsitePermit,Single Tent,
Caribou Munroes,QC ,2,Full,CampsitePermit,Single Tent,
Battery,NS ,2,Senior,CampsitePermit,Single Tent,
The Islands,QC ,1,Full,CampsitePermit,Single Tent,
Rissers Beach,NS ,2,Senior,CampsitePermit,Less than 20ft,
Graves Island,NS ,2,Full,CampsitePermit,Less than 30ft,
Dollar Lake,NS ,2,Full,CampsitePermit,Tents,
Rissers Beach,NS ,3,Full,CampsitePermit,Single Tent,
Amherst Shore,NS ,6,Full,CampsitePermit,Tents,
Rissers Beach,NS ,2,Full,CampsitePermit,Less than 30ft,
Smileys,NS ,2,Full,CampsitePermit,Less than 30ft,
Rissers Beach,AB ,2,Full,CampsitePermit,Single Tent,
Rissers Beach,NS ,3,Full,CampsitePermit,Less than 20ft,
Graves Island,NS ,3,Full,CampsitePermit,Greater than 40ft,
Caribou Munroes,NS ,2,Full,CampsitePermit,Less than 20ft,
Whycocomagh,BC ,2,Full,CampsitePermit,Less than 20ft,
Dollar Lake,NS ,5,Full,CampsitePermit,Tents,
Blomidon,ON ,4,Full,CampsitePermit,Single Tent,
Thomas Raddall,NS ,4,Full,CampsitePermit,Less than 20ft,
Blomidon,NS ,4,Full,CampsitePermit,Tents,
Caribou Munroes,NS ,4,Full,CampsitePermit,Less than 30ft,
Rissers Beach,NS ,4,Full,CampsitePermit,Less than 30ft,
Dollar Lake,NS ,1,Full,CampsitePermit,Single Tent,
Smileys,NS ,2,Full,CampsitePermit,Less than 30ft,
Amherst Shore,ON ,2,Senior,CampsitePermit,Single Tent,
Mira River,NS ,5,Full,CampsitePermit,Single Tent,
The Islands,NS ,2,Veteran,CampsitePermit,Less than 30ft,
Porters Lake,NS ,4,Full,CampsitePermit,Less than 30ft,
Blomidon,AB ,2,Senior,CampsitePermit,Single Tent,
Porters Lake,NS ,4,Full,CampsitePermit,Tents,
Whycocomagh,PE ,2,Full,YurtPermit,Tents,
The Islands,NS ,1,Senior,CampsitePermit,Single Tent,
Blomidon,NS ,2,Full,CampsitePermit,Single Tent,
Rissers Beach,NS ,3,Full,CampsitePermit,Single Tent,
Porters Lake,NS ,4,Full,CampsitePermit,Less than 20ft,
Rissers Beach,NS ,4,Full,CampsitePermit,Less than 30ft,
Graves Island,ON ,2,Full,CampsitePermit,Less than 20ft,
Thomas Raddall,NS ,2,Veteran,CampsitePermit,Single Tent,
Five Islands,ON ,4,Full,CampsitePermit,Single Tent,
Graves Island,NS ,6,Senior,CampsitePermit,Tents,
Amherst Shore,NS ,2,Full,CampsitePermit,Less than 20ft,
Five Islands,NS ,6,Full,CampsitePermit,Less than 20ft,
Mira River,QC ,5,Full,CampsitePermit,Less than 30ft,
Five Islands,NS ,2,Full,CampsitePermit,Single Tent,
Porters Lake,NS ,4,Full,CampsitePermit,Tents,
Graves Island,NS ,2,Full,CampsitePermit,Less than 30ft,
Caribou Munroes,NS ,6,Full,CampsitePermit,Single Tent,
Whycocomagh,NS ,2,Full,CampsitePermit,Less than 30ft,
Thomas Raddall,NS ,2,Full,CampsitePermit,Single Tent,
Caribou Munroes,NS ,4,Full,CampsitePermit,Less than 20ft,
Graves Island,NS ,2,Full,CampsitePermit,Single Tent,
Porters Lake,NS ,3,Full,CampsitePermit,Single Tent,
Blomidon,NS ,3,Full,CampsitePermit,Single Tent,
Mira River,QC ,4,Full,CampsitePermit,Less than 30ft,
Battery,NS ,2,Full,CampsitePermit,Single Tent,
Laurie,NS ,3,Full,CampsitePermit,Less than 20ft,
Caribou Munroes,QC ,4,Full,CampsitePermit,Less than 20ft,
Smileys,NS ,3,Full,CampsitePermit,Less than 20ft,
Dollar Lake,NS ,2,Full,CampsitePermit,Single Tent,
Dollar Lake,NS ,2,Full,CampsitePermit,Single Tent,
Dollar Lake,NS ,3,Full,CampsitePermit,Less than 20ft,
Mira River,NS ,4,Full,CampsitePermit,Less than 30ft,
Dollar Lake,NS ,8,Full,CampsitePermit,Single Tent,
Valleyview,NS ,5,Full,CampsitePermit,Less than 30ft,
Rissers Beach,NS ,3,Full,CampsitePermit,Less than 30ft,
Graves Island,AB ,1,Full,CampsitePermit,Single Tent,
Ellenwood Lake,AB ,2,Full,CampsitePermit,Single Tent,
Blomidon,QC ,4,Full,CampsitePermit,Single Tent,
Mira River,NS ,4,Full,CampsitePermit,Less than 40ft,
Rissers Beach,NS ,4,Full,CampsitePermit,Less than 30ft,
Rissers Beach,NS ,6,Full,CampsitePermit,Less than 20ft,
Mira River,NS ,5,Full,CampsitePermit,Single Tent,
Caribou Munroes,NS ,2,Full,CampsitePermit,Single Tent,
Laurie,NS ,2,Full,CampsitePermit,Tents,
Amherst Shore,NS ,3,Full,CampsitePermit,Single Tent,
Dollar Lake,NS ,4,Full,CampsitePermit,Single Tent,
Battery,ON ,2,Senior,CampsitePermit,Single Tent,
Smileys,NS ,4,Full,CampsitePermit,Single Tent,
Boylston,NS ,4,Full,CampsitePermit,Tents,
Blomidon,NS ,3,Full,CampsitePermit,Single Tent,
Ellenwood Lake,NS ,5,Full,CampsitePermit,Tents,
Porters Lake,NS ,2,Full,CampsitePermit,Single Tent,
Rissers Beach,NS ,2,Senior,CampsitePermit,Less than 20ft,
Mira River,QC ,2,Full,CampsitePermit,Less than 20ft,
Rissers Beach,NS ,2,Full,CampsitePermit,Less than 30ft,
Graves Island,ON ,2,Full,CampsitePermit,Single Tent,
Boylston,NS ,2,Full,CampsitePermit,Single Tent,
Rissers Beach,NS ,2,Full,CampsitePermit,Less than 20ft,
Mira River,NS ,4,Full,CampsitePermit,Less than 30ft,
Caribou Munroes,QC ,2,Full,CampsitePermit,Less than 30ft,
Dollar Lake,NS ,2,Full,CampsitePermit,Single Tent,
Valleyview,NS ,7,Full,CampsitePermit,Single Tent,
Caribou Munroes,NS ,4,Full,CampsitePermit,Less than 20ft,
Caribou Munroes,NS ,2,Full,CampsitePermit,Single Tent,
Dollar Lake,NS ,4,Full,CampsitePermit,Single Tent,
Ellenwood Lake,NS ,3,Full,CampsitePermit,Single Tent,
Blomidon,ON ,2,Full,CampsitePermit,Single Tent,
Rissers Beach,NS ,3,Full,CampsitePermit,Single Tent,
Caribou Munroes,NB ,4,Full,CampsitePermit,Less than 20ft,
Mira River,NS ,6,Full,CampsitePermit,Tents,
Porters Lake,QC ,2,Full,CampsitePermit,Single Tent,
Graves Island,NS ,6,Full,CampsitePermit,Tents,
Whycocomagh,ON ,2,Full,CampsitePermit,Single Tent,
Mira River,NS ,5,Full,CampsitePermit,Less than 30ft,
Cape Chignecto,NS ,2,Full,BackcountryPermit,Single Tent,
Rissers Beach,NS ,4,Senior,CampsitePermit,Less than 40ft,
Ellenwood Lake,NS ,1,Full,CampsitePermit,Single Tent,
Rissers Beach,NS ,2,Full,CampsitePermit,Single Tent,
Graves Island,NS ,2,Full,CampsitePermit,Tents,
Smileys,NS ,2,Senior,CampsitePermit,Less than 40ft,
Cape Chignecto,NB ,3,Full,BackcountryPermit,Single Tent,
Graves Island,NS ,2,Full,CampsitePermit,Less than 30ft,
Amherst Shore,NS ,2,Senior,CampsitePermit,Single Tent,
Smileys,NS ,1,Full,CampsitePermit,Single Tent,
Amherst Shore,NS ,2,Full,CampsitePermit,Less than 30ft,
Five Islands,NS ,2,Full,CampsitePermit,Single Tent,
Boylston,ON ,3,Senior,CampsitePermit,Single Tent,
Smileys,NS ,5,Full,CampsitePermit,Less than 40ft,
Mira River,NB ,2,Senior,CampsitePermit,Less than 20ft,
Dollar Lake,NS ,2,Full,CampsitePermit,Single Tent,
Porters Lake,NB ,2,Senior,CampsitePermit,Single Tent,
Five Islands,NS ,2,Full,CampsitePermit,Single Tent,
The Islands,NS ,2,Full,CampsitePermit,Less than 30ft,
Amherst Shore,NS ,2,Full,CampsitePermit,Single Tent,
Dollar Lake,NS ,2,Full,CampsitePermit,Single Tent,
Porters Lake,NS ,2,Full,CampsitePermit,Single Tent,
Cape Chignecto,NS ,2,Full,BackcountryPermit,Single Tent,
Boylston,ON ,2,Full,CampsitePermit,Tents,
Mira River,NS ,4,Full,CampsitePermit,Single Tent,
Battery,NS ,2,Full,CampsitePermit,Single Tent,
Rissers Beach,NS ,2,Senior,CampsitePermit,Tents,
Thomas Raddall,NB ,6,Full,CampsitePermit,Tents,
Caribou Munroes,NS ,1,Full,CampsitePermit,Single Tent,
Five Islands,NB ,2,Full,CampsitePermit,Single Tent,
Ellenwood Lake,NS ,6,Full,CampsitePermit,Tents,
Porters Lake,NS ,6,Full,CampsitePermit,Tents,
Porters Lake,QC ,2,Full,CampsitePermit,Less than 20ft,
Thomas Raddall,NS ,2,Full,CampsitePermit,Single Tent,
Laurie,NS ,4,Full,CampsitePermit,Tents,
Mira River,AB ,4,Full,CampsitePermit,Single Tent,
Laurie,NS ,2,Full,CampsitePermit,Single Tent,
Rissers Beach,NS ,4,Full,CampsitePermit,Less than 30ft,
Thomas Raddall,NS ,4,Full,CampsitePermit,Single Tent,
Porters Lake,NS ,5,Full,CampsitePermit,Less than 20ft,
Blomidon,NS ,4,Full,CampsitePermit,Tents,
Caribou Munroes,NS ,4,Full,CampsitePermit,Less than 30ft,
Thomas Raddall,QC ,3,Senior,CampsitePermit,Single Tent,
Dollar Lake,NS ,3,Full,CampsitePermit,Less than 20ft,
Rissers Beach,NS ,4,Senior,CampsitePermit,Less than 30ft,
Graves Island,ON ,1,Full,CampsitePermit,Single Tent,
Blomidon,NS ,4,Full,CampsitePermit,Single Tent,
Rissers Beach,NS ,2,Full,CampsitePermit,Less than 20ft,
Amherst Shore,NS ,2,Full,CampsitePermit,Less than 20ft,
Mira River,NS ,2,Full,CampsitePermit,Single Tent,
Smileys,NS ,2,Full,CampsitePermit,Single Tent,
Caribou Munroes,QC ,2,Full,CampsitePermit,Single Tent,
Caribou Munroes,NS ,5,Full,CampsitePermit,Less than 30ft,
Caribou Munroes,NS ,5,Full,CampsitePermit,Single Tent,
Caribou Munroes,ON ,2,Full,CampsitePermit,Less than 30ft,
Graves Island,NS ,2,Full,CampsitePermit,Single Tent,
Porters Lake,NS ,2,Full,CampsitePermit,Single Tent,
Mira River,NS ,4,Full,CampsitePermit,Less than 30ft,
Ellenwood Lake,NS ,2,Full,CampsitePermit,Single Tent,
Rissers Beach,NS ,4,Full,CampsitePermit,Single Tent,
Five Islands,ON ,2,Full,CampsitePermit,Single Tent,
Cape Chignecto,NB ,2,Full,BackcountryPermit,Single Tent,
Five Islands,NS ,2,Full,CampsitePermit,Less than 20ft,
Dollar Lake,NS ,4,Full,CampsitePermit,Single Tent,
Ellenwood Lake,NS ,5,Full,CampsitePermit,Single Tent,
Dollar Lake,NS ,2,Full,CampsitePermit,Single Tent,
Battery,NS ,4,Full,CampsitePermit,Less than 30ft,
Dollar Lake,NS ,3,Full,CampsitePermit,Single Tent,
Rissers Beach,NS ,4,Full,CampsitePermit,Single Tent,
Thomas Raddall,NS ,2,Full,CampsitePermit,Single Tent,
Five Islands,NS ,2,Full,CampsitePermit,Single Tent,
Porters Lake,NS ,4,Full,CampsitePermit,Single Tent,
Caribou Munroes,NS ,5,Full,CampsitePermit,Single Tent,
Caribou Munroes,NS ,2,Full,CampsitePermit,Single Tent,
Caribou Munroes,QC ,2,Full,CampsitePermit,Less than 30ft,
Smileys,NS ,6,Full,CampsitePermit,Tents,
Rissers Beach,QC ,1,Senior,CampsitePermit,Single Tent,
Boylston,NS ,6,Full,CampsitePermit,Less than 40ft,
Ellenwood Lake,NS ,2,Senior,CampsitePermit,Less than 30ft,
Graves Island,NS ,2,Full,CampsitePermit,Single Tent,
Amherst Shore,NB ,2,Senior,CampsitePermit,Single Tent,
Laurie,NS ,4,Full,CampsitePermit,Tents,
Laurie,ON ,1,Full,CampsitePermit,Less than 20ft,
Smileys,NS ,2,Full,CampsitePermit,Single Tent,
Rissers Beach,ON ,2,Full,CampsitePermit,Single Tent,
Five Islands,NS ,3,Full,CampsitePermit,Single Tent,
Boylston,ON ,4,Full,CampsitePermit,Single Tent,
Battery,QC ,2,Full,CampsitePermit,Single Tent,
Thomas Raddall,NS ,2,Full,CampsitePermit,Less than 20ft,
Mira River,NS ,2,Senior,CampsitePermit,Single Tent,
Mira River,NS ,2,Full,CampsitePermit,Less than 30ft,
Graves Island,QC ,2,Full,CampsitePermit,Single Tent,
Mira River,ON ,2,Full,CampsitePermit,Less than 20ft,
Smileys,NS ,2,Full,CampsitePermit,Less than 30ft,
Caribou Munroes,NS ,2,Senior,CampsitePermit,Less than 30ft,
Thomas Raddall,NS ,3,Full,CampsitePermit,Single Tent,
Laurie,NS ,2,Full,CampsitePermit,Single Tent,
Porters Lake,NS ,6,Full,CampsitePermit,Less than 20ft,
Mira River,NS ,4,Full,CampsitePermit,Less than 20ft,
Salsman,NS ,2,Full,CampsitePermit,Less than 30ft,
Rissers Beach,NS ,2,Full,CampsitePermit,Less than 30ft,
Laurie,ON ,5,Full,CampsitePermit,Tents,
Mira River,QC ,2,Full,CampsitePermit,Single Tent,
Thomas Raddall,NS ,2,Full,CampsitePermit,Single Tent,
Rissers Beach,NS ,2,Full,CampsitePermit,Single Tent,
Battery,ON ,2,Senior,CampsitePermit,Single Tent,
Graves Island,BC ,2,Full,CampsitePermit,Single Tent,
Rissers Beach,ON ,4,Full,CampsitePermit,Single Tent,
Caribou Munroes,ON ,5,Full,CampsitePermit,Less than 30ft,
Mira River,QC ,2,Full,CampsitePermit,Single Tent,
Battery,NS ,2,Full,CampsitePermit,Single Tent,
The Islands,ON ,2,Full,CampsitePermit,Single Tent,
Laurie,QC ,2,Full,CampsitePermit,Single Tent,
Caribou Munroes,QC ,2,Full,CampsitePermit,Single Tent,
Caribou Munroes,QC ,3,Full,CampsitePermit,Less than 20ft,
Mira River,NS ,6,Full,CampsitePermit,Less than 40ft,
Amherst Shore,NB ,3,Full,CampsitePermit,Single Tent,
Graves Island,ON ,5,Full,CampsitePermit,Less than 30ft,
Caribou Munroes,QC ,2,Full,CampsitePermit,Single Tent,
Rissers Beach,ON ,1,Senior,CampsitePermit,Single Tent,
Rissers Beach,NS ,2,Senior,CampsitePermit,Less than 30ft,
Rissers Beach,NS ,4,Full,CampsitePermit,Tents,
Graves Island,NS ,2,Full,CampsitePermit,Less than 30ft,
Rissers Beach,NS ,1,Full,CampsitePermit,Less than 20ft,
Graves Island,NS ,5,Full,CampsitePermit,Single Tent,
Salsman,NS ,2,Full,CampsitePermit,Less than 20ft,
Battery,NS ,2,Senior,CampsitePermit,Single Tent,
Five Islands,NS ,6,Full,CampsitePermit,Less than 30ft,
Mira River,NS ,7,Full,CampsitePermit,Single Tent,
Smileys,ON ,2,Full,CampsitePermit,Single Tent,
Blomidon,QC ,1,Full,CampsitePermit,Single Tent,
Blomidon,NS ,2,Full,CampsitePermit,Less than 30ft,
Amherst Shore,QC ,2,Veteran,CampsitePermit,Single Tent,
Porters Lake,NS ,2,Full,CampsitePermit,Single Tent,
Cape Chignecto,PE ,3,Full,BackcountryPermit,Single Tent,
Mira River,NS ,2,Full,CampsitePermit,Less than 30ft,
Rissers Beach,NS ,2,Full,CampsitePermit,Less than 20ft,
Porters Lake,NS ,4,Full,CampsitePermit,Tents,
Rissers Beach,NS ,4,Full,CampsitePermit,Single Tent,
Ellenwood Lake,NS ,6,Full,CampsitePermit,Less than 20ft,
Mira River,NS ,4,Full,CampsitePermit,Less than 40ft,
Five Islands,NS ,3,Full,CampsitePermit,Tents,
Graves Island,QC ,2,Full,CampsitePermit,Single Tent,
Mira River,ON ,2,Full,CampsitePermit,Single Tent,
Whycocomagh,BC ,2,Full,CampsitePermit,Less than 30ft,
Rissers Beach,QC ,2,Full,CampsitePermit,Less than 20ft,
Five Islands,NS ,4,Full,CampsitePermit,Single Tent,
Blomidon,QC ,4,Full,CampsitePermit,Less than 40ft,
Rissers Beach,NL ,2,Full,CampsitePermit,Less than 20ft,
Mira River,ON ,1,Full,CampsitePermit,Single Tent,
Graves Island,QC ,2,Full,CampsitePermit,Less than 20ft,
Dollar Lake,NS ,2,Full,CampsitePermit,Single Tent,
Caribou Munroes,NS ,3,Full,CampsitePermit,Less than 30ft,
Amherst Shore,NB ,2,Full,CampsitePermit,Single Tent,
Cape Chignecto,NS ,3,Full,BackcountryPermit,Single Tent,
Five Islands,NB ,3,Full,CampsitePermit,Single Tent,
Porters Lake,ON ,3,Full,CampsitePermit,Less than 20ft,
Ellenwood Lake,NS ,2,Full,CampsitePermit,Single Tent,
Mira River,NS ,2,Full,CampsitePermit,Single Tent,
Laurie,NS ,2,Full,CampsitePermit,Single Tent,
Graves Island,NS ,3,FULL,CampsitePermit,Less than 40ft,
Graves Island,BC ,2,Full,CampsitePermit,Single Tent,
Ellenwood Lake,ON ,2,Full,CampsitePermit,Less than 20ft,
Whycocomagh,ON ,2,Senior,CampsitePermit,Single Tent,
Mira River,NS ,2,Full,CampsitePermit,Single Tent,
Five Islands,NS ,3,Full,CampsitePermit,Single Tent,
Dollar Lake,NS ,2,Full,CampsitePermit,Less than 40ft,
Laurie,QC ,2,Full,CampsitePermit,Single Tent,
Smileys,NS ,3,Full,CampsitePermit,Less than 20ft,
Battery,QC ,2,Full,CampsitePermit,Less than 20ft,
Amherst Shore,NB ,2,Full,CampsitePermit,Less than 20ft,
Porters Lake,QC ,3,Full,CampsitePermit,Less than 20ft,
Porters Lake,NB ,2,Full,CampsitePermit,Single Tent,
Blomidon,ON ,4,Full,CampsitePermit,Tents,
Laurie,NS ,4,Full,CampsitePermit,Single Tent,
Graves Island,NS ,1,Full,CampsitePermit,Less than 20ft,
Valleyview,NS ,5,Full,CampsitePermit,Single Tent,
Five Islands,QC ,2,Full,CampsitePermit,Less than 30ft,
Graves Island,NS ,2,Full,CampsitePermit,Single Tent,
Blomidon,NS ,2,Full,CampsitePermit,Less than 30ft,
Boylston,NS ,1,Full,CampsitePermit,Single Tent,
Whycocomagh,NS ,2,Full,CampsitePermit,Single Tent,
Rissers Beach,ON ,2,Full,CampsitePermit,Less than 20ft,
Graves Island,NS ,2,Full,CampsitePermit,Less than 30ft,
Graves Island,BC ,2,Full,CampsitePermit,Single Tent,
Thomas Raddall,NS ,4,Full,CampsitePermit,Single Tent,
Caribou Munroes,NS ,2,Full,CampsitePermit,Less than 20ft,
Blomidon,NS ,2,Veteran,CampsitePermit,Single Tent,
Cape Chignecto,NS ,1,Full,BackcountryPermit,Single Tent,
Graves Island,QC ,3,Full,CampsitePermit,Less than 30ft,
Caribou Munroes,NS ,4,Full,CampsitePermit,Less than 40ft,
Rissers Beach,NS ,2,Full,CampsitePermit,Single Tent,
Caribou Munroes,NS ,1,Veteran,CampsitePermit,Less than 20ft,
Mira River,NS ,2,Full,CampsitePermit,Less than 30ft,
Thomas Raddall,NS ,2,Full,CampsitePermit,Single Tent,
Caribou Munroes,ON ,3,Full,CampsitePermit,Single Tent,
Rissers Beach,NS ,4,Full,CampsitePermit,Single Tent,
Laurie,QC ,1,Full,CampsitePermit,Single Tent,
Porters Lake,NS ,2,Full,CampsitePermit,Less than 30ft,
Whycocomagh,NS ,4,Full,CampsitePermit,Tents,
Porters Lake,NS ,4,Full,CampsitePermit,Single Tent,
Dollar Lake,NS ,6,Full,CampsitePermit,Single Tent,
Five Islands,NB ,2,Full,CampsitePermit,Less than 20ft,
Rissers Beach,NS ,4,Full,CampsitePermit,Less than 20ft,
Salsman,NS ,3,Full,CampsitePermit,Less than 20ft,
Rissers Beach,ON ,2,Full,CampsitePermit,Less than 30ft,
Ellenwood Lake,NS ,3,Full,CampsitePermit,Single Tent,
Five Islands,ON ,3,Full,CampsitePermit,Single Tent,
Blomidon,NS ,2,Full,CampsitePermit,Less than 20ft,
Thomas Raddall,NS ,4,Full,CampsitePermit,Less than 20ft,
Porters Lake,QC ,1,Full,CampsitePermit,Single Tent,
Caribou Munroes,NS ,3,Full,CampsitePermit,Single Tent,
Battery,ON ,1,Full,CampsitePermit,Single Tent,
Smileys,NS ,2,Full,CampsitePermit,Single Tent,
Salsman,NS ,2,Full,CampsitePermit,Single Tent,
Rissers Beach,NS ,2,Full,CampsitePermit,Less than 30ft,
Rissers Beach,NS ,2,Full,CampsitePermit,Less than 40ft,
Battery,ON ,3,Full,CampsitePermit,Single Tent,
Graves Island,NS ,1,Full,CampsitePermit,Single Tent,
Salsman,NS ,3,Full,CampsitePermit,Single Tent,
Whycocomagh,ON ,2,Full,CampsitePermit,Less than 30ft,
Smileys,NS ,4,Full,CampsitePermit,Less than 20ft,
Dollar Lake,NS ,2,Full,CampsitePermit,Single Tent,
Thomas Raddall,NS ,3,Full,CampsitePermit,Single Tent,
Mira River,NS ,4,Full,CampsitePermit,Single Tent,
Blomidon,NS ,1,Full,CampsitePermit,Single Tent,
Rissers Beach,NS ,1,Senior,CampsitePermit,Less than 20ft,
Graves Island,ON ,6,Full,CampsitePermit,Less than 20ft,
Rissers Beach,NS ,3,Full,CampsitePermit,Less than 30ft,
Whycocomagh,NS ,2,Full,YurtPermit,Tents,
Rissers Beach,NS ,3,Full,CampsitePermit,Less than 20ft,
Rissers Beach,NS ,5,Full,CampsitePermit,Less than 20ft,
Salsman,NS ,2,Full,CampsitePermit,Less than 30ft,
Amherst Shore,ON ,4,Full,CampsitePermit,Less than 30ft,
Porters Lake,QC ,2,Full,CampsitePermit,Single Tent,
Graves Island,QC ,2,Full,CampsitePermit,Less than 30ft,
Mira River,ON ,2,Full,CampsitePermit,Single Tent,
Ellenwood Lake,ON ,2,Senior,CampsitePermit,Less than 20ft,
Caribou Munroes,NS ,2,Full,CampsitePermit,Less than 20ft,
Caribou Munroes,NS ,2,Senior,CampsitePermit,Single Tent,
Rissers Beach,NS ,2,Full,CampsitePermit,Single Tent,
Laurie,NS ,4,Full,CampsitePermit,Less than 40ft,
Mira River,NS ,3,Full,CampsitePermit,Single Tent,
Amherst Shore,QC ,2,Full,CampsitePermit,Single Tent,
Ellenwood Lake,NB ,5,Full,CampsitePermit,Tents,
Battery,NS ,3,Full,CampsitePermit,Less than 20ft,
Dollar Lake,NS ,1,Senior,CampsitePermit,Less than 20ft,
Rissers Beach,QC ,4,Full,CampsitePermit,Single Tent,
Rissers Beach,NS ,2,Full,CampsitePermit,Less than 20ft,
Rissers Beach,NS ,4,Full,CampsitePermit,Single Tent,
The Islands,NS ,2,Full,CampsitePermit,Single Tent,
Cape Chignecto,NS ,2,Full,BackcountryPermit,Single Tent,
Dollar Lake,NS ,5,Full,CampsitePermit,Single Tent,
Rissers Beach,NS ,1,Full,CampsitePermit,Tents,
Dollar Lake,NS ,2,Full,CampsitePermit,Single Tent,
Mira River,NS ,2,Full,CampsitePermit,Less than 40ft,
Caribou Munroes,NS ,2,Full,CampsitePermit,Single Tent,
Smileys,NS ,3,Full,CampsitePermit,Less than 20ft,
Salsman,NS ,4,Full,CampsitePermit,Single Tent,
Whycocomagh,NS ,5,Veteran,CampsitePermit,Tents,
Rissers Beach,NS ,2,FULL,CampsitePermit,Less than 20ft,
Laurie,QC ,1,Full,CampsitePermit,Less than 30ft,
Dollar Lake,NS ,2,Full,CampsitePermit,Tents,
Mira River,ON ,4,Full,CampsitePermit,Less than 30ft,
Amherst Shore,NS ,4,Full,CampsitePermit,Single Tent,
Dollar Lake,NS ,5,Full,CampsitePermit,Less than 30ft,
Dollar Lake,NS ,1,Full,CampsitePermit,Single Tent,
Battery,NS ,2,Full,CampsitePermit,Single Tent,
Graves Island,ON ,2,Full,CampsitePermit,Less than 20ft,
Dollar Lake,NS ,4,Full,CampsitePermit,Single Tent,
Mira River,ON ,2,Full,CampsitePermit,Less than 30ft,
Amherst Shore,NS ,4,Full,CampsitePermit,Single Tent,
Cape Chignecto,NS ,2,Full,BackcountryPermit,Single Tent,
Dollar Lake,NS ,6,Full,CampsitePermit,Tents,
Rissers Beach,NS ,2,Full,CampsitePermit,Single Tent,
Caribou Munroes,NS ,2,Full,CampsitePermit,Single Tent,
Graves Island,ON ,2,Full,CampsitePermit,Less than 20ft,
Rissers Beach,NS ,1,Full,CampsitePermit,Tents,
Dollar Lake,NS ,1,Full,CampsitePermit,Single Tent,
Smileys,NS ,2,Full,CampsitePermit,Less than 40ft,
Blomidon,BC ,2,Full,CampsitePermit,Single Tent,
Laurie,NS ,2,Full,CampsitePermit,Single Tent,
Mira River,NB ,2,Full,CampsitePermit,Single Tent,
Cape Chignecto,NS ,2,Full,BackcountryPermit,Single Tent,
Amherst Shore,QC ,2,Full,CampsitePermit,Single Tent,
Rissers Beach,NS ,4,Full,CampsitePermit,Single Tent,
Smileys,NS ,4,Full,CampsitePermit,Single Tent,
Ellenwood Lake,NS ,2,Full,CampsitePermit,Less than 20ft,
Caribou Munroes,NS ,4,Full,CampsitePermit,Less than 20ft,
Mira River,ON ,5,Full,CampsitePermit,Less than 30ft,
Battery,NS ,2,Senior,CampsitePermit,Single Tent,
Thomas Raddall,NS ,2,Full,CampsitePermit,Single Tent,
Caribou Munroes,ON ,4,Full,CampsitePermit,Single Tent,
Mira River,NS ,2,Full,CampsitePermit,Less than 20ft,
Five Islands,QC ,4,Full,CampsitePermit,Less than 30ft,
Dollar Lake,NS ,4,Full,CampsitePermit,Single Tent,
Battery,NT ,2,Senior,CampsitePermit,Single Tent,
Battery,ON ,2,Full,CampsitePermit,Less than 20ft,
Porters Lake,NS ,1,Veteran,CampsitePermit,Single Tent,
Thomas Raddall,NS ,2,Full,CampsitePermit,Single Tent,
The Islands,NS ,2,Senior,CampsitePermit,Single Tent,
Caribou Munroes,NS ,2,Full,CampsitePermit,Less than 30ft,
The Islands,QC ,1,Full,CampsitePermit,Single Tent,
Mira River,ON ,2,Full,CampsitePermit,Less than 20ft,
Mira River,NS ,3,Full,CampsitePermit,Less than 20ft,
Laurie,NS ,2,Full,CampsitePermit,Single Tent,
The Islands,ON ,2,Full,CampsitePermit,Single Tent,
Porters Lake,NS ,2,Full,CampsitePermit,Less than 30ft,
Boylston,NS ,2,Senior,CampsitePermit,Single Tent,
Graves Island,NS ,2,Full,CampsitePermit,Less than 20ft,
Blomidon,NS ,2,Full,CampsitePermit,Less than 20ft,
Valleyview,NS ,2,Full,CampsitePermit,Single Tent,
Battery,NS ,2,Full,CampsitePermit,Single Tent,
Rissers Beach,NS ,3,Full,CampsitePermit,Single Tent,
Rissers Beach,NS ,2,Full,CampsitePermit,Less than 20ft,
Mira River,NS ,6,Full,CampsitePermit,Less than 20ft,
Mira River,NS ,2,Full,CampsitePermit,Single Tent,
Caribou Munroes,QC ,3,Senior,CampsitePermit,Less than 20ft,
Graves Island,ON ,4,Full,CampsitePermit,Greater than 40ft,
Five Islands,QC ,2,Full,CampsitePermit,Less than 30ft,
Porters Lake,NS ,2,Full,CampsitePermit,Less than 40ft,
Ellenwood Lake,ON ,2,Full,CampsitePermit,Single Tent,
Dollar Lake,NS ,2,Senior,CampsitePermit,Single Tent,
Caribou Munroes,NS ,6,Full,CampsitePermit,Single Tent,
Ellenwood Lake,NS ,4,Full,CampsitePermit,Single Tent,
Laurie,NS ,2,Full,CampsitePermit,Less than 40ft,
Porters Lake,NS ,1,Full,CampsitePermit,Single Tent,
Blomidon,NS ,2,Full,CampsitePermit,Single Tent,
Graves Island,NS ,2,Full,CampsitePermit,Less than 30ft,
Whycocomagh,BC ,3,Full,CampsitePermit,Single Tent,
Mira River,NS ,2,Senior,CampsitePermit,Less than 20ft,
Rissers Beach,NS ,4,Full,CampsitePermit,Tents,
Graves Island,ON ,5,Full,CampsitePermit,Less than 30ft,
Ellenwood Lake,ON ,4,Full,CampsitePermit,Single Tent,
Mira River,QC ,6,Full,CampsitePermit,Tents,
Graves Island,ON ,1,Full,CampsitePermit,Single Tent,
Blomidon,ON ,2,Full,CampsitePermit,Single Tent,
Rissers Beach,NS ,4,Full,CampsitePermit,Less than 20ft,
Dollar Lake,NS ,4,Full,CampsitePermit,Single Tent,
Dollar Lake,NS ,4,Full,CampsitePermit,Tents,
Dollar Lake,NS ,6,Full,CampsitePermit,Tents,
Rissers Beach,NS ,2,Senior,CampsitePermit,Less than 20ft,
Rissers Beach,NS ,4,Full,CampsitePermit,Single Tent,
Blomidon,NS ,2,Full,CampsitePermit,Single Tent,
Porters Lake,NS ,4,Full,CampsitePermit,Tents,
Laurie,NS ,2,Full,CampsitePermit,Single Tent,
Rissers Beach,NS ,3,Full,CampsitePermit,Less than 20ft,
Mira River,QC ,3,Senior,CampsitePermit,Less than 30ft,
Thomas Raddall,NS ,2,Full,CampsitePermit,Single Tent,
Blomidon,NS ,2,Full,CampsitePermit,Single Tent,
Caribou Munroes,BC ,2,Senior,CampsitePermit,Single Tent,
Thomas Raddall,NS ,4,Full,CampsitePermit,Single Tent,
Battery,AB ,1,Senior,CampsitePermit,Single Tent,
Caribou Munroes,NS ,5,Full,CampsitePermit,Less than 20ft,
Graves Island,QC ,1,Full,CampsitePermit,Single Tent,
Rissers Beach,NS ,2,Full,CampsitePermit,Less than 30ft,
Porters Lake,QC ,1,Full,CampsitePermit,Single Tent,
Porters Lake,NS ,6,Full,CampsitePermit,Tents,
Boylston,ON ,2,Full,CampsitePermit,Single Tent,
Cape Chignecto,PE ,3,Full,BackcountryPermit,Cabin,
Battery,NS ,2,Senior,CampsitePermit,Less than 20ft,
Five Islands,AB ,2,Full,CampsitePermit,Less than 30ft,
Mira River,QC ,2,Full,CampsitePermit,Single Tent,
Caribou Munroes,NS ,5,Full,CampsitePermit,Single Tent,
Laurie,NS ,3,Full,CampsitePermit,Less than 20ft,
Whycocomagh,BC ,2,Veteran,CampsitePermit,Single Tent,
Blomidon,QC ,2,Full,CampsitePermit,Less than 20ft,
Rissers Beach,NS ,2,Senior,CampsitePermit,Less than 30ft,
Graves Island,NS ,3,Full,CampsitePermit,Single Tent,
Whycocomagh,NS ,2,Full,CampsitePermit,Less than 30ft,
Rissers Beach,NS ,5,Full,CampsitePermit,Less than 20ft,
Mira River,QC ,3,Full,CampsitePermit,Single Tent,
Rissers Beach,NS ,2,Full,CampsitePermit,Single Tent,
Thomas Raddall,NS ,3,Full,CampsitePermit,Less than 20ft,
Caribou Munroes,NS ,3,Full,CampsitePermit,Tents,
The Islands,ON ,3,Full,CampsitePermit,Less than 30ft,
Graves Island,NS ,2,Full,CampsitePermit,Less than 30ft,
Caribou Munroes,NS ,2,Full,CampsitePermit,Single Tent,
Graves Island,NS ,2,Full,CampsitePermit,Single Tent,
Laurie,NS ,6,Full,CampsitePermit,Single Tent,
Blomidon,NS ,4,Full,CampsitePermit,Less than 20ft,
Amherst Shore,ON ,4,Full,CampsitePermit,Single Tent,
Graves Island,NS ,2,Full,CampsitePermit,Less than 30ft,
Whycocomagh,BC ,2,Senior,CampsitePermit,Less than 40ft,
Thomas Raddall,NS ,2,Full,CampsitePermit,Less than 20ft,
Five Islands,QC ,4,Full,CampsitePermit,Less than 30ft,
Battery,NS ,1,Senior,CampsitePermit,Less than 20ft,
Thomas Raddall,NS ,3,Full,CampsitePermit,Less than 30ft,
Rissers Beach,ON ,2,Full,CampsitePermit,Less than 20ft,
Graves Island,NS ,4,Full,CampsitePermit,Single Tent,
Five Islands,NS ,1,Full,CampsitePermit,Single Tent,
Rissers Beach,NS ,4,Full,CampsitePermit,Single Tent,
Smileys,NS ,3,Full,CampsitePermit,Single Tent,
Ellenwood Lake,NS ,4,Full,CampsitePermit,Single Tent,
Graves Island,NS ,4,Full,CampsitePermit,Less than 30ft,
Laurie,NS ,2,Veteran,CampsitePermit,Less than 30ft,
Blomidon,NS ,4,Full,CampsitePermit,Less than 30ft,
Blomidon,AB ,1,Full,CampsitePermit,Single Tent,
Dollar Lake,NS ,4,Full,CampsitePermit,Less than 20ft,
Blomidon,NS ,6,Full,CampsitePermit,Single Tent,
Graves Island,NS ,2,Full,CampsitePermit,Less than 30ft,
Caribou Munroes,NS ,6,Full,CampsitePermit,Less than 20ft,
Caribou Munroes,NS ,2,Full,CampsitePermit,Less than 20ft,
Five Islands,NS ,6,Full,CampsitePermit,Less than 20ft,
Rissers Beach,NS ,2,Full,CampsitePermit,Less than 30ft,
Porters Lake,NS ,2,Full,CampsitePermit,Less than 30ft,
Mira River,NS ,6,Full,CampsitePermit,Tents,
Graves Island,NS ,2,Senior,CampsitePermit,Less than 20ft,
Laurie,QC ,2,Full,CampsitePermit,Less than 30ft,
Blomidon,NS ,2,Full,CampsitePermit,Single Tent,
Laurie,NS ,3,Full,CampsitePermit,Tents,
Thomas Raddall,ON ,2,Full,CampsitePermit,Single Tent,
Caribou Munroes,NS ,1,Full,CampsitePermit,Single Tent,
Caribou Munroes,QC ,1,Full,CampsitePermit,Single Tent,
Amherst Shore,NS ,5,Full,CampsitePermit,Single Tent,
Battery,NS ,1,Senior,CampsitePermit,Single Tent,
Graves Island,NS ,2,Full,CampsitePermit,Single Tent,
Amherst Shore,NB ,3,Full,CampsitePermit,Less than 30ft,
Porters Lake,NS ,4,Full,CampsitePermit,Less than 30ft,
Graves Island,NS ,2,Full,CampsitePermit,Less than 20ft,
Mira River,NS ,4,Full,CampsitePermit,Less than 40ft,
Porters Lake,NS ,4,Full,CampsitePermit,Tents,
Mira River,QC ,1,Full,CampsitePermit,Single Tent,
Graves Island,NS ,4,Full,CampsitePermit,Less than 30ft,
Blomidon,NS ,3,Full,CampsitePermit,Less than 20ft,
Blomidon,NS ,2,Senior,CampsitePermit,Single Tent,
Rissers Beach,NS ,4,Full,CampsitePermit,Single Tent,
Caribou Munroes,BC ,2,Senior,CampsitePermit,Less than 40ft,
Blomidon,NS ,1,Full,CampsitePermit,Single Tent,
Thomas Raddall,NS ,6,Full,CampsitePermit,Less than 30ft,
Five Islands,NS ,4,Full,CampsitePermit,Single Tent,
The Islands,NS ,2,Full,CampsitePermit,Single Tent,
Blomidon,ON ,2,Full,CampsitePermit,Single Tent,
Thomas Raddall,NS ,4,Full,CampsitePermit,Less than 20ft,
Caribou Munroes,NS ,2,Full,CampsitePermit,Less than 30ft,
Cape Chignecto,NS ,2,Full,BackcountryPermit,Single Tent,
Mira River,NS ,4,Full,CampsitePermit,Less than 40ft,
Mira River,NS ,3,Full,CampsitePermit,Less than 30ft,
Rissers Beach,NS ,2,Full,CampsitePermit,Less than 20ft,
Caribou Munroes,NS ,2,Full,CampsitePermit,Single Tent,
Graves Island,ON ,2,Full,CampsitePermit,Less than 20ft,
Graves Island,NS ,2,Full,CampsitePermit,Less than 20ft,
Caribou Munroes,NS ,2,Full,CampsitePermit,Less than 30ft,
Battery,QC ,2,Full,CampsitePermit,Single Tent,
Thomas Raddall,NS ,2,Full,CampsitePermit,Single Tent,
Battery,QC ,2,Full,CampsitePermit,Single Tent,
Ellenwood Lake,QC ,1,Full,CampsitePermit,Less than 20ft,
Five Islands,NB ,2,Full,CampsitePermit,Less than 20ft,
Amherst Shore,NS ,2,Full,CampsitePermit,Less than 30ft,
Salsman,NS ,2,Full,CampsitePermit,Single Tent,
Five Islands,QC ,2,Full,CampsitePermit,Less than 20ft,
Mira River,NS ,1,Full,CampsitePermit,Single Tent,
Blomidon,NS ,3,Full,CampsitePermit,Single Tent,
Ellenwood Lake,ON ,2,Full,CampsitePermit,Single Tent,
Battery,NL ,2,Full,CampsitePermit,Less than 20ft,
Blomidon,NS ,1,Full,CampsitePermit,Single Tent,
Laurie,NS ,2,Veteran,CampsitePermit,Less than 20ft,
Porters Lake,ON ,2,Full,CampsitePermit,Single Tent,
Porters Lake,ON ,3,Full,CampsitePermit,Single Tent,
Rissers Beach,NS ,2,Full,CampsitePermit,Single Tent,
Graves Island,NS ,2,Senior,CampsitePermit,Less than 40ft,
Ellenwood Lake,NS ,5,Full,CampsitePermit,Single Tent,
Dollar Lake,NS ,3,Full,CampsitePermit,Single Tent,
Graves Island,NS ,2,Full,CampsitePermit,Less than 20ft,
Blomidon,QC ,1,Full,CampsitePermit,Single Tent,
Amherst Shore,NS ,2,Full,CampsitePermit,Less than 30ft,
Caribou Munroes,NS ,4,Full,CampsitePermit,Tents,
Laurie,NS ,4,Full,CampsitePermit,Single Tent,
Laurie,NS ,5,Full,CampsitePermit,Single Tent,
Ellenwood Lake,NS ,2,Full,CampsitePermit,Less than 20ft,
Laurie,NS ,6,Full,CampsitePermit,Single Tent,
Graves Island,NS ,2,Full,CampsitePermit,Less than 20ft,
Thomas Raddall,NS ,2,Full,CampsitePermit,Less than 40ft,
Blomidon,ON ,2,Full,CampsitePermit,Single Tent,
Five Islands,PE ,2,Senior,CampsitePermit,Less than 20ft,
Laurie,NS ,2,Senior,CampsitePermit,Less than 30ft,
Graves Island,NS ,2,Full,CampsitePermit,Single Tent,
The Islands,NS ,3,Full,CampsitePermit,Single Tent,
Laurie,NS ,4,Full,CampsitePermit,Single Tent,
Graves Island,NS ,4,Full,CampsitePermit,Less than 30ft,
Caribou Munroes,QC ,1,Full,CampsitePermit,Single Tent,
Rissers Beach,NS ,2,Full,CampsitePermit,Less than 30ft,
Cape Chignecto,NS ,2,Full,BackcountryPermit,Single Tent,
Rissers Beach,NS ,2,Full,CampsitePermit,Less than 40ft,
Graves Island,NS ,2,Senior,CampsitePermit,Single Tent,
Caribou Munroes,NS ,4,Full,CampsitePermit,Single Tent,
The Islands,QC ,2,Full,CampsitePermit,Less than 20ft,
Laurie,NS ,5,Full,CampsitePermit,Single Tent,
Mira River,QC ,2,Senior,CampsitePermit,Less than 20ft,
Ellenwood Lake,NS ,2,Full,CampsitePermit,Less than 20ft,
Five Islands,NS ,3,Full,CampsitePermit,Single Tent,
Laurie,ON ,3,Full,CampsitePermit,Single Tent,
Graves Island,NS ,2,Senior,CampsitePermit,Less than 30ft,
Caribou Munroes,NS ,2,Full,CampsitePermit,Less than 20ft,
Blomidon,NS ,1,Full,CampsitePermit,Single Tent,
Graves Island,NB ,5,Full,CampsitePermit,Single Tent,
Valleyview,NS ,3,Full,CampsitePermit,Less than 30ft,
Rissers Beach,NS ,1,Full,CampsitePermit,Single Tent,
Smileys,PE ,2,Full,CampsitePermit,Less than 20ft,
Porters Lake,NB ,3,Full,CampsitePermit,Less than 30ft,
Amherst Shore,ON ,2,Full,CampsitePermit,Single Tent,
Blomidon,NS ,3,Full,CampsitePermit,Single Tent,
Blomidon,NS ,2,Full,CampsitePermit,Single Tent,
Mira River,NS ,2,Full,CampsitePermit,Single Tent,
Porters Lake,NS ,1,Full,CampsitePermit,Single Tent,
Amherst Shore,NS ,2,Full,CampsitePermit,Single Tent,
Ellenwood Lake,NS ,4,Full,CampsitePermit,Less than 40ft,
Laurie,NS ,2,Full,CampsitePermit,Less than 20ft,
Cape Chignecto,NS ,2,Full,BackcountryPermit,Single Tent,
Battery,NS ,2,Full,CampsitePermit,Less than 20ft,
Caribou Munroes,NS ,2,Full,CampsitePermit,Single Tent,
The Islands,NS ,2,Full,CampsitePermit,Less than 20ft,
Rissers Beach,NS ,2,Full,CampsitePermit,Less than 30ft,
Rissers Beach,ON ,3,Full,CampsitePermit,Less than 20ft,
Valleyview,NS ,1,Full,CampsitePermit,Single Tent,
Caribou Munroes,NS ,3,Full,CampsitePermit,Less than 20ft,
Blomidon,NS ,4,Full,CampsitePermit,Tents,
Blomidon,AB ,2,Full,CampsitePermit,Single Tent,
Battery,NS ,2,Full,CampsitePermit,Less than 30ft,
Ellenwood Lake,ON ,2,Full,CampsitePermit,Less than 30ft,
Graves Island,NS ,2,Full,CampsitePermit,Single Tent,
Five Islands,NS ,2,Senior,CampsitePermit,Less than 20ft,
Blomidon,NS ,1,Host,CampsitePermit,Single Tent,
Whycocomagh,ON ,2,Full,CampsitePermit,Single Tent,
Smileys,NS ,4,Full,CampsitePermit,Less than 20ft,
Ellenwood Lake,NS ,2,Full,CampsitePermit,Single Tent,
Graves Island,ON ,1,Full,CampsitePermit,Single Tent,
Thomas Raddall,NS ,5,Full,CampsitePermit,Single Tent,
Amherst Shore,ON ,3,Full,CampsitePermit,Single Tent,
Amherst Shore,QC ,6,Full,CampsitePermit,Less than 30ft,
Blomidon,NS ,2,Full,CampsitePermit,Single Tent,
The Islands,NS ,3,Full,CampsitePermit,Tents,
Battery,NS ,2,Senior,CampsitePermit,Single Tent,
Graves Island,NS ,2,Full,CampsitePermit,Single Tent,
Smileys,NS ,3,Full,CampsitePermit,Less than 40ft,
Mira River,BC ,2,Senior,CampsitePermit,Less than 30ft,
The Islands,BC ,1,Full,CampsitePermit,Single Tent,
Battery,NS ,2,Full,CampsitePermit,Single Tent,
Smileys,NS ,2,Full,CampsitePermit,Less than 30ft,
Graves Island,NS ,4,Full,CampsitePermit,Single Tent,
Mira River,NS ,2,Full,CampsitePermit,Less than 30ft,
Battery,QC ,2,Senior,CampsitePermit,Single Tent,
Caribou Munroes,NS ,4,Full,CampsitePermit,Single Tent,
Porters Lake,NB ,2,Full,CampsitePermit,Single Tent,
Ellenwood Lake,NS ,3,Full,CampsitePermit,Less than 20ft,
The Islands,NS ,2,Senior,CampsitePermit,Less than 30ft,
Salsman,NS ,3,Full,CampsitePermit,Single Tent,
Five Islands,NS ,1,Full,CampsitePermit,Tents,
Blomidon,NS ,2,Host,CampsitePermit,Single Tent,
Five Islands,BC ,2,Full,CampsitePermit,Less than 20ft,
Rissers Beach,NS ,4,Full,CampsitePermit,Single Tent,
Cape Chignecto,BC ,2,Full,BackcountryPermit,Single Tent,
Mira River,NS ,2,Full,CampsitePermit,Single Tent,
Graves Island,NS ,2,Full,CampsitePermit,Less than 30ft,
Rissers Beach,NS ,2,Full,CampsitePermit,Less than 20ft,
Caribou Munroes,NS ,2,Full,CampsitePermit,Single Tent,
Battery,NS ,1,Senior,CampsitePermit,Single Tent,
The Islands,NS ,2,Full,CampsitePermit,Less than 30ft,
Rissers Beach,NS ,3,Full,CampsitePermit,Less than 20ft,
Ellenwood Lake,NS ,2,Full,CampsitePermit,Single Tent,
Porters Lake,NS ,4,Full,CampsitePermit,Single Tent,
Caribou Munroes,NS ,2,Full,CampsitePermit,Less than 20ft,
Cape Chignecto,NS ,2,Full,BackcountryPermit,Single Tent,
Blomidon,NS ,2,Full,CampsitePermit,Less than 30ft,
Blomidon,ON ,2,Full,CampsitePermit,Single Tent,
Porters Lake,NS ,2,Full,CampsitePermit,Less than 20ft,
Thomas Raddall,NS ,4,Full,CampsitePermit,Less than 20ft,
Blomidon,NS ,2,Full,CampsitePermit,Tents,
Blomidon,NS ,2,Full,CampsitePermit,Single Tent,
Rissers Beach,ON ,6,Full,CampsitePermit,Less than 30ft,
Laurie,NS ,2,Full,CampsitePermit,Single Tent,
Dollar Lake,NS ,4,Full,CampsitePermit,Single Tent,
Laurie,NS ,2,Full,CampsitePermit,Single Tent,
Amherst Shore,ON ,1,Full,CampsitePermit,Single Tent,
Blomidon,NS ,2,Full,CampsitePermit,Single Tent,
Blomidon,QC ,2,Full,CampsitePermit,Single Tent,
Porters Lake,NS ,4,Full,CampsitePermit,Tents,
Porters Lake,NS ,2,Full,CampsitePermit,Single Tent,
Porters Lake,NS ,2,Full,CampsitePermit,Single Tent,
Graves Island,NS ,2,Senior,CampsitePermit,Less than 30ft,
Graves Island,NS ,2,Senior,CampsitePermit,Less than 30ft,
Porters Lake,NS ,2,Full,CampsitePermit,Less than 20ft,
Blomidon,NS ,2,Full,CampsitePermit,Less than 20ft,
Dollar Lake,NS ,1,Full,CampsitePermit,Single Tent,
Caribou Munroes,NS ,3,Full,CampsitePermit,Less than 30ft,
Valleyview,NS ,2,Senior,CampsitePermit,Single Tent,
Caribou Munroes,NS ,2,Full,CampsitePermit,Less than 30ft,
Caribou Munroes,NS ,6,Full,CampsitePermit,Single Tent,
Dollar Lake,NS ,4,Full,CampsitePermit,Tents,
Mira River,QC ,2,Senior,CampsitePermit,Single Tent,
Graves Island,NS ,3,Full,CampsitePermit,Less than 30ft,
Thomas Raddall,NS ,5,Full,CampsitePermit,Tents,
Porters Lake,NS ,2,Full,CampsitePermit,Less than 40ft,
Rissers Beach,NS ,4,Full,CampsitePermit,Tents,
Graves Island,NS ,1,Full,CampsitePermit,Less than 20ft,
Graves Island,NS ,2,Full,CampsitePermit,Less than 20ft,
Cape Chignecto,NS ,2,Full,BackcountryPermit,Single Tent,
Porters Lake,NS ,2,Senior,CampsitePermit,Less than 40ft,
Smileys,NS ,2,Senior,CampsitePermit,Less than 30ft,
Porters Lake,NS ,2,Veteran,CampsitePermit,Single Tent,
Porters Lake,NS ,2,Full,CampsitePermit,Single Tent,
Five Islands,ON ,2,Full,CampsitePermit,Single Tent,
Boylston,NS ,2,Full,CampsitePermit,Single Tent,
Rissers Beach,NS ,2,Veteran,CampsitePermit,Less than 20ft,
Graves Island,NS ,4,Full,CampsitePermit,Less than 30ft,
Amherst Shore,NS ,2,Full,CampsitePermit,Less than 20ft,
Whycocomagh,NS ,2,Full,CampsitePermit,Less than 30ft,
Porters Lake,NS ,2,Full,CampsitePermit,Less than 20ft,
Thomas Raddall,NS ,4,Full,CampsitePermit,Single Tent,
Mira River,QC ,4,Full,CampsitePermit,Less than 30ft,
Dollar Lake,NS ,4,Full,CampsitePermit,Single Tent,
Caribou Munroes,NS ,5,Full,CampsitePermit,Single Tent,
Mira River,QC ,3,Full,CampsitePermit,Single Tent,
Thomas Raddall,NS ,6,Full,CampsitePermit,Less than 20ft,
Ellenwood Lake,NS ,5,Full,CampsitePermit,Single Tent,
Five Islands,NS ,1,Full,CampsitePermit,Single Tent,
Mira River,NS ,2,Full,CampsitePermit,Single Tent,
Battery,ON ,5,Full,CampsitePermit,Less than 30ft,
Five Islands,QC ,3,Full,CampsitePermit,Single Tent,
Rissers Beach,NS ,2,Senior,CampsitePermit,Less than 20ft,
Mira River,NB ,4,Full,CampsitePermit,Single Tent,
Mira River,NS ,4,Full,CampsitePermit,Less than 40ft,
Five Islands,ON ,2,Full,CampsitePermit,Single Tent,
Porters Lake,NS ,2,Senior,CampsitePermit,Less than 30ft,
Thomas Raddall,NS ,2,Full,CampsitePermit,Single Tent,
Whycocomagh,NS ,3,Full,YurtPermit,Tents,
Amherst Shore,NS ,2,Senior,CampsitePermit,Tents,
Rissers Beach,NS ,4,Full,CampsitePermit,Tents,
Rissers Beach,NS ,6,Full,CampsitePermit,Less than 20ft,
Blomidon,NS ,4,Full,CampsitePermit,Tents,
Porters Lake,NS ,2,Full,CampsitePermit,Less than 30ft,
Thomas Raddall,NS ,2,Full,CampsitePermit,Less than 20ft,
Graves Island,ON ,4,Full,CampsitePermit,Less than 40ft,
Laurie,ON ,2,Full,CampsitePermit,Single Tent,
The Islands,NS ,4,Full,CampsitePermit,Tents,
Caribou Munroes,NS ,3,Full,CampsitePermit,Less than 20ft,
Blomidon,NS ,6,Full,CampsitePermit,Less than 20ft,
Valleyview,QC ,2,Senior,CampsitePermit,Less than 20ft,
Caribou Munroes,NS ,4,Full,CampsitePermit,Less than 20ft,
Cape Chignecto,NS ,3,Full,BackcountryPermit,Tents,
Ellenwood Lake,QC ,2,Full,CampsitePermit,Single Tent,
Rissers Beach,NS ,4,Full,CampsitePermit,Tents,
Battery,NS ,1,Senior,CampsitePermit,Less than 30ft,
Mira River,NS ,2,Host,CampsitePermit,Less than 20ft,
Amherst Shore,QC ,2,Full,CampsitePermit,Single Tent,
Five Islands,NS ,2,Full,CampsitePermit,Single Tent,
Smileys,NS ,3,Full,CampsitePermit,Tents,
Cape Chignecto,NB ,2,Full,BackcountryPermit,Single Tent,
Mira River,NS ,1,Full,CampsitePermit,Single Tent,
Laurie,QC ,2,Full,CampsitePermit,Single Tent,
Five Islands,NB ,2,Full,CampsitePermit,Single Tent,
Thomas Raddall,ON ,2,Full,CampsitePermit,Single Tent,
Porters Lake,NS ,2,Full,CampsitePermit,Single Tent,
Dollar Lake,NS ,2,Full,CampsitePermit,Tents,
Porters Lake,NS ,2,Full,CampsitePermit,Less than 20ft,
Rissers Beach,NS ,2,Full,CampsitePermit,Single Tent,
Valleyview,NS ,3,Full,CampsitePermit,Less than 30ft,
Graves Island,NS ,2,Veteran,CampsitePermit,Less than 20ft,
Laurie,NS ,2,Full,CampsitePermit,Single Tent,
Rissers Beach,NS ,2,Full,CampsitePermit,Less than 30ft,
Rissers Beach,NS ,2,Senior,CampsitePermit,Less than 30ft,
Mira River,QC ,2,Full,CampsitePermit,Less than 20ft,
Amherst Shore,ON ,2,Full,CampsitePermit,Single Tent,
Battery,NS ,2,Senior,CampsitePermit,Single Tent,
Boylston,PE ,2,Full,CampsitePermit,Less than 20ft,
Caribou Munroes,NS ,2,Full,CampsitePermit,Less than 30ft,
Dollar Lake,NS ,3,Full,CampsitePermit,Tents,
Mira River,NS ,6,Full,CampsitePermit,Less than 20ft,
Dollar Lake,NS ,2,Full,CampsitePermit,Single Tent,
Mira River,ON ,2,Full,CampsitePermit,Less than 30ft,
Dollar Lake,NS ,4,Full,CampsitePermit,Less than 20ft,
Battery,ON ,2,Full,CampsitePermit,Single Tent,
Graves Island,NS ,5,Full,CampsitePermit,Less than 30ft,
Cape Chignecto,NB ,3,Full,BackcountryPermit,Single Tent,
Mira River,NS ,4,Full,CampsitePermit,Less than 30ft,
Cape Chignecto,NS ,2,Full,BackcountryPermit,Single Tent,
Thomas Raddall,NS ,5,Full,CampsitePermit,Less than 30ft,
Graves Island,ON ,1,Senior,CampsitePermit,Single Tent,
Blomidon,ON ,2,Senior,CampsitePermit,Single Tent,
Rissers Beach,NS ,4,Full,CampsitePermit,Tents,
Laurie,NS ,3,Full,CampsitePermit,Less than 20ft,
Mira River,ON ,2,Full,CampsitePermit,Less than 20ft,
Porters Lake,NS ,2,Full,CampsitePermit,Single Tent,
Caribou Munroes,NS ,4,Full,CampsitePermit,Less than 30ft,
Blomidon,QC ,2,Full,CampsitePermit,Single Tent,
Smileys,NS ,2,Senior,CampsitePermit,Less than 20ft,
Thomas Raddall,NS ,2,Full,CampsitePermit,Less than 20ft,
Salsman,NS ,5,Full,CampsitePermit,Less than 20ft,
Whycocomagh,NS ,2,Full,CampsitePermit,Single Tent,
Battery,NS ,1,Senior,CampsitePermit,Single Tent,
Boylston,NS ,5,Full,CampsitePermit,Single Tent,
Caribou Munroes,QC ,5,Full,CampsitePermit,Less than 20ft,
Five Islands,NS ,3,Full,CampsitePermit,Tents,
Battery,NS ,2,Full,CampsitePermit,Less than 20ft,
Dollar Lake,NS ,4,Full,CampsitePermit,Single Tent,
Graves Island,NS ,4,Full,CampsitePermit,Less than 30ft,
Thomas Raddall,NS ,3,Full,CampsitePermit,Single Tent,
Amherst Shore,QC ,2,Full,CampsitePermit,Single Tent,
Smileys,NS ,3,Full,CampsitePermit,Tents,
Blomidon,NS ,3,Full,CampsitePermit,Single Tent,
Dollar Lake,NS ,3,Full,CampsitePermit,Tents,
Whycocomagh,QC ,2,Full,CampsitePermit,Less than 20ft,
Graves Island,NS ,2,Full,CampsitePermit,Less than 30ft,
Caribou Munroes,NS ,4,Full,CampsitePermit,Less than 20ft,
Blomidon,NS ,4,Senior,CampsitePermit,Single Tent,
Amherst Shore,NB ,2,Senior,CampsitePermit,Less than 30ft,
Whycocomagh,QC ,4,Full,CampsitePermit,Single Tent,
Blomidon,BC ,2,Senior,CampsitePermit,Single Tent,
Porters Lake,NS ,3,Full,CampsitePermit,Tents,
Caribou Munroes,NS ,4,Full,CampsitePermit,Less than 40ft,
Five Islands,QC ,2,Full,CampsitePermit,Less than 20ft,
Porters Lake,NS ,4,Full,CampsitePermit,Less than 20ft,
Dollar Lake,NS ,2,Full,CampsitePermit,Single Tent,
Graves Island,NS ,2,Full,CampsitePermit,Less than 30ft,
Rissers Beach,NS ,7,Full,CampsitePermit,Less than 30ft,
Mira River,QC ,2,Full,CampsitePermit,Single Tent,
Thomas Raddall,NS ,4,Full,CampsitePermit,Less than 40ft,
Salsman,NS ,4,Full,CampsitePermit,Tents,
Caribou Munroes,NS ,3,Full,CampsitePermit,Single Tent,
Dollar Lake,NS ,2,Full,CampsitePermit,Single Tent,
Blomidon,NS ,3,Full,CampsitePermit,Single Tent,
Graves Island,NS ,2,Full,CampsitePermit,Less than 20ft,
Rissers Beach,NS ,3,Full,CampsitePermit,Less than 30ft,
Smileys,NS ,4,Full,CampsitePermit,Less than 20ft,
Salsman,NS ,3,Full,CampsitePermit,Single Tent,
Dollar Lake,NS ,3,Full,CampsitePermit,Single Tent,
Rissers Beach,NS ,6,Full,CampsitePermit,Less than 30ft,
Porters Lake,BC ,2,Full,CampsitePermit,Single Tent,
Rissers Beach,NS ,1,Full,CampsitePermit,Single Tent,
Thomas Raddall,NS ,6,Full,CampsitePermit,Less than 20ft,
Ellenwood Lake,NS ,2,Full,CampsitePermit,Less than 20ft,
The Islands,NS ,2,Full,CampsitePermit,Less than 20ft,
Mira River,ON ,2,Full,CampsitePermit,Single Tent,
Caribou Munroes,NS ,2,Full,CampsitePermit,Single Tent,
Dollar Lake,NS ,4,Full,CampsitePermit,Single Tent,
Graves Island,NB ,2,Full,CampsitePermit,Less than 40ft,
Cape Chignecto,NS ,2,Full,BackcountryPermit,Single Tent,
Battery,NS ,4,Full,CampsitePermit,Tents,
Boylston,NS ,1,Full,CampsitePermit,Single Tent,
Rissers Beach,NS ,2,Full,CampsitePermit,Less than 20ft,
Whycocomagh,ON ,2,Full,CampsitePermit,Less than 20ft,
Mira River,NS ,2,Full,CampsitePermit,Less than 20ft,
Laurie,QC ,2,Full,CampsitePermit,Single Tent,
Rissers Beach,NS ,2,Full,CampsitePermit,Less than 20ft,
Dollar Lake,NS ,1,Full,CampsitePermit,Single Tent,
Rissers Beach,NS ,4,Full,CampsitePermit,Single Tent,
Caribou Munroes,ON ,2,Full,CampsitePermit,Single Tent,
Rissers Beach,NB ,4,Full,CampsitePermit,Less than 30ft,
Boylston,QC ,4,Full,CampsitePermit,Single Tent,
Graves Island,NS ,2,Full,CampsitePermit,Less than 20ft,
Valleyview,NS ,2,Full,CampsitePermit,Single Tent,
Porters Lake,NS ,1,Full,CampsitePermit,Single Tent,
Porters Lake,NS ,4,Full,CampsitePermit,Single Tent,
Graves Island,NS ,2,Full,CampsitePermit,Less than 30ft,
Five Islands,NS ,2,Full,CampsitePermit,Single Tent,
The Islands,QC ,2,Full,CampsitePermit,Single Tent,
Mira River,NS ,2,Full,CampsitePermit,Less than 30ft,
Thomas Raddall,NS ,2,Full,CampsitePermit,Single Tent,
Five Islands,BC ,2,Full,CampsitePermit,Single Tent,
Blomidon,NS ,2,Full,CampsitePermit,Less than 30ft,
Dollar Lake,NS ,3,Full,CampsitePermit,Single Tent,
Rissers Beach,NS ,4,Full,CampsitePermit,Less than 30ft,
Caribou Munroes,NS ,5,Full,CampsitePermit,Less than 30ft,
Laurie,QC ,2,Full,CampsitePermit,Single Tent,
Whycocomagh,NS ,2,Full,CampsitePermit,Less than 30ft,
Dollar Lake,NS ,2,Full,CampsitePermit,Less than 20ft,
Rissers Beach,NS ,2,Full,CampsitePermit,Less than 30ft,
Blomidon,NS ,4,Full,CampsitePermit,Single Tent,
Rissers Beach,NS ,2,Senior,CampsitePermit,Less than 30ft,
Mira River,NS ,2,Full,CampsitePermit,Single Tent,
Amherst Shore,NS ,2,Full,CampsitePermit,Less than 20ft,
Graves Island,NS ,2,Full,CampsitePermit,Single Tent,
Dollar Lake,NB ,5,Full,CampsitePermit,Single Tent,
Five Islands,NS ,4,Full,CampsitePermit,Tents,
Mira River,NS ,2,Full,CampsitePermit,Less than 30ft,
Five Islands,QC ,2,Full,CampsitePermit,Less than 40ft,
Thomas Raddall,NS ,4,Full,CampsitePermit,Single Tent,
Laurie,NS ,5,Full,CampsitePermit,Less than 30ft,
Laurie,NS ,2,Full,CampsitePermit,Single Tent,
Mira River,NS ,2,Full,CampsitePermit,Less than 40ft,
Battery,ON ,2,Senior,CampsitePermit,Single Tent,
Graves Island,NS ,4,Full,CampsitePermit,Tents,
Porters Lake,NS ,5,Full,CampsitePermit,Less than 20ft,
Laurie,NS ,2,Full,CampsitePermit,Single Tent,
The Islands,NS ,2,Full,CampsitePermit,Single Tent,
Mira River,NS ,2,Full,CampsitePermit,Less than 30ft,
Rissers Beach,NS ,2,Senior,CampsitePermit,Less than 20ft,
Graves Island,NS ,2,Full,CampsitePermit,Less than 30ft,
Caribou Munroes,NS ,1,Full,CampsitePermit,Single Tent,
Porters Lake,NS ,2,Full,CampsitePermit,Single Tent,
Thomas Raddall,NS ,3,Senior,CampsitePermit,Less than 30ft,
Salsman,NS ,2,Full,CampsitePermit,Single Tent,
Smileys,NS ,6,Full,CampsitePermit,Less than 30ft,
Smileys,NS ,2,Full,CampsitePermit,Less than 20ft,
Battery,NS ,2,Senior,CampsitePermit,Less than 20ft,
Battery,ON ,2,Full,CampsitePermit,Single Tent,
Battery,NS ,1,Senior,CampsitePermit,Single Tent,
Whycocomagh,ON ,2,Full,CampsitePermit,Less than 30ft,
Porters Lake,NS ,2,Senior,CampsitePermit,Less than 30ft,
Whycocomagh,QC ,6,Full,CampsitePermit,Less than 30ft,
Dollar Lake,NS ,4,Full,CampsitePermit,Single Tent,
Dollar Lake,ON ,3,Full,CampsitePermit,Tents,
Porters Lake,QC ,2,Full,CampsitePermit,Single Tent,
Mira River,QC ,4,Full,CampsitePermit,Single Tent,
Battery,NS ,5,Full,CampsitePermit,Less than 30ft,
Mira River,QC ,2,Full,CampsitePermit,Single Tent,
Graves Island,NS ,2,Full,CampsitePermit,Less than 40ft,
Thomas Raddall,NS ,6,Full,CampsitePermit,Less than 20ft,
Blomidon,NS ,2,Full,CampsitePermit,Single Tent,
Whycocomagh,NS ,2,Full,CampsitePermit,Single Tent,
Mira River,QC ,2,Full,CampsitePermit,Single Tent,
Caribou Munroes,ON ,2,Senior,CampsitePermit,Single Tent,
Caribou Munroes,NS ,3,Full,CampsitePermit,Less than 20ft,
Whycocomagh,QC ,2,Full,CampsitePermit,Less than 30ft,
Caribou Munroes,ON ,3,Full,CampsitePermit,Single Tent,
The Islands,QC ,2,Full,CampsitePermit,Single Tent,
Dollar Lake,NS ,2,Full,CampsitePermit,Single Tent,
Graves Island,NS ,4,Full,CampsitePermit,Single Tent,
Dollar Lake,NS ,4,Full,CampsitePermit,Tents,
Rissers Beach,NS ,3,Full,CampsitePermit,Less than 20ft,
Dollar Lake,NS ,4,Full,CampsitePermit,Single Tent,
Mira River,QC ,2,Full,CampsitePermit,Single Tent,
Caribou Munroes,NS ,4,Full,CampsitePermit,Less than 30ft,
Ellenwood Lake,NS ,2,Senior,CampsitePermit,Single Tent,
Blomidon,ON ,4,Full,CampsitePermit,Less than 20ft,
Five Islands,NS ,3,Full,CampsitePermit,Single Tent,
Amherst Shore,ON ,1,Full,CampsitePermit,Less than 30ft,
Five Islands,NS ,3,Full,CampsitePermit,Single Tent,
Laurie,NS ,2,Full,CampsitePermit,Less than 30ft,
Dollar Lake,NS ,4,Full,CampsitePermit,Single Tent,
Rissers Beach,NS ,2,Full,CampsitePermit,Less than 20ft,
Thomas Raddall,NS ,3,Full,CampsitePermit,Less than 40ft,
Caribou Munroes,PE ,2,Full,CampsitePermit,Single Tent,
Graves Island,QC ,2,Full,CampsitePermit,Single Tent,
Mira River,NS ,2,Full,CampsitePermit,Less than 30ft,
Blomidon,NS ,2,Full,CampsitePermit,Less than 20ft,
Rissers Beach,NS ,5,Full,CampsitePermit,Single Tent,
Porters Lake,NB ,2,Full,CampsitePermit,Single Tent,
Blomidon,NS ,4,Full,CampsitePermit,Single Tent,
Dollar Lake,NS ,2,Full,CampsitePermit,Single Tent,
Mira River,NS ,3,Full,CampsitePermit,Less than 40ft,
Graves Island,NS ,2,Full,CampsitePermit,Less than 30ft,
Rissers Beach,NS ,2,Full,CampsitePermit,Less than 30ft,
Laurie,NS ,2,Full,CampsitePermit,Single Tent,
Smileys,NS ,2,Full,CampsitePermit,Less than 30ft,
Five Islands,NS ,2,Full,CampsitePermit,Single Tent,
Thomas Raddall,NS ,4,Full,CampsitePermit,Less than 20ft,
The Islands,NS ,3,Full,CampsitePermit,Single Tent,
Mira River,QC ,3,Full,CampsitePermit,Tents,
Smileys,NS ,2,Full,CampsitePermit,Single Tent,
Graves Island,NS ,4,Full,CampsitePermit,Tents,
Whycocomagh,NS ,2,Full,CampsitePermit,Less than 30ft,
Rissers Beach,NS ,4,Full,CampsitePermit,Single Tent,
Five Islands,QC ,4,Full,CampsitePermit,Less than 20ft,
Porters Lake,NS ,5,Full,CampsitePermit,Less than 20ft,
Mira River,NS ,2,Full,CampsitePermit,Single Tent,
Rissers Beach,NS ,2,Full,CampsitePermit,Less than 30ft,
Graves Island,NS ,2,Full,CampsitePermit,Less than 20ft,
Porters Lake,NB ,2,Full,CampsitePermit,Single Tent,
Amherst Shore,NS ,4,Full,CampsitePermit,Less than 30ft,
Caribou Munroes,NS ,2,Full,CampsitePermit,Single Tent,
Boylston,QC ,2,Full,CampsitePermit,Less than 20ft,
Blomidon,PE ,1,Full,CampsitePermit,Single Tent,
Porters Lake,NS ,3,Full,CampsitePermit,Less than 30ft,
Thomas Raddall,NS ,2,Full,CampsitePermit,Single Tent,
Five Islands,NS ,2,Full,CampsitePermit,Single Tent,
Dollar Lake,NS ,2,Full,CampsitePermit,Single Tent,
Mira River,QC ,2,Full,CampsitePermit,Less than 20ft,
Battery,NS ,1,Senior,CampsitePermit,Less than 20ft,
Battery,NS ,3,Full,CampsitePermit,Tents,
The Islands,NS ,2,Full,CampsitePermit,Less than 30ft,
Graves Island,ON ,5,Full,CampsitePermit,Less than 30ft,
Amherst Shore,QC ,3,Full,CampsitePermit,Less than 20ft,
Valleyview,NS ,2,Senior,CampsitePermit,Single Tent,
Caribou Munroes,NS ,2,Senior,CampsitePermit,Less than 30ft,
Rissers Beach,NS ,3,Full,CampsitePermit,Single Tent,
Valleyview,NS ,5,Full,CampsitePermit,Single Tent,
Rissers Beach,NS ,2,Senior,CampsitePermit,Less than 40ft,
Cape Chignecto,NS ,3,Full,BackcountryPermit,Single Tent,
Graves Island,NS ,2,Senior,CampsitePermit,Less than 20ft,
Graves Island,NS ,2,Full,CampsitePermit,Single Tent,
Blomidon,QC ,1,Senior,CampsitePermit,Single Tent,
Thomas Raddall,NS ,4,Full,CampsitePermit,Less than 20ft,
Rissers Beach,NS ,4,Full,CampsitePermit,Tents,
Rissers Beach,NS ,3,Full,CampsitePermit,Less than 20ft,
Whycocomagh,ON ,2,Full,CampsitePermit,Single Tent,
Blomidon,ON ,2,Full,CampsitePermit,Single Tent,
Blomidon,NB ,2,Full,CampsitePermit,Single Tent,
Caribou Munroes,QC ,6,Full,CampsitePermit,Tents,
Rissers Beach,NS ,3,Full,CampsitePermit,Less than 30ft,
Five Islands,ON ,2,Full,CampsitePermit,Single Tent,
Caribou Munroes,QC ,2,Full,CampsitePermit,Single Tent,
Laurie,NS ,4,Full,CampsitePermit,Less than 20ft,
Rissers Beach,NS ,2,Full,CampsitePermit,Single Tent,
Caribou Munroes,NS ,2,Full,CampsitePermit,Single Tent,
Ellenwood Lake,NS ,2,Full,CampsitePermit,Less than 20ft,
Caribou Munroes,NS ,4,Full,CampsitePermit,Less than 30ft,
Graves Island,ON ,2,Full,CampsitePermit,Less than 20ft,
Porters Lake,NS ,4,Full,CampsitePermit,Less than 20ft,
Ellenwood Lake,NS ,2,Full,CampsitePermit,Single Tent,
Graves Island,NS ,2,Full,CampsitePermit,Less than 40ft,
Caribou Munroes,NS ,3,Full,CampsitePermit,Single Tent,
Laurie,NS ,6,Full,CampsitePermit,Tents,
Porters Lake,QC ,3,Full,CampsitePermit,Tents,
Graves Island,ON ,2,Full,CampsitePermit,Less than 20ft,
Porters Lake,QC ,2,Full,CampsitePermit,Less than 20ft,
Laurie,NS ,4,Full,CampsitePermit,Single Tent,
Rissers Beach,NS ,4,Full,CampsitePermit,Single Tent,
Ellenwood Lake,NS ,2,Full,CampsitePermit,Single Tent,
Five Islands,NB ,2,Full,CampsitePermit,Less than 20ft,
Mira River,NS ,6,Full,CampsitePermit,Tents,
Amherst Shore,ON ,3,Full,CampsitePermit,Single Tent,
Amherst Shore,QC ,2,Senior,CampsitePermit,Less than 20ft,
Graves Island,QC ,4,Full,CampsitePermit,Single Tent,
Caribou Munroes,NS ,7,Full,CampsitePermit,Single Tent,
The Islands,NS ,2,Senior,CampsitePermit,Less than 30ft,
Whycocomagh,NS ,2,Senior,CampsitePermit,Less than 20ft,
Smileys,NS ,3,Full,CampsitePermit,Less than 30ft,
Dollar Lake,NS ,3,Full,CampsitePermit,Single Tent,
Ellenwood Lake,NS ,2,Full,CampsitePermit,Single Tent,
Graves Island,NS ,4,Full,CampsitePermit,Single Tent,
Porters Lake,ON ,2,Senior,CampsitePermit,Less than 20ft,
Mira River,NS ,2,Full,CampsitePermit,Less than 30ft,
Rissers Beach,NS ,2,Full,CampsitePermit,Single Tent,
Rissers Beach,NS ,2,Full,CampsitePermit,Less than 30ft,
Porters Lake,AB ,2,Full,CampsitePermit,Less than 30ft,
Mira River,QC ,2,Full,CampsitePermit,Single Tent,
Porters Lake,QC ,2,Full,CampsitePermit,Less than 20ft,
Whycocomagh,NS ,4,Full,CampsitePermit,Single Tent,
Caribou Munroes,NS ,3,Full,CampsitePermit,Tents,
Mira River,NS ,8,Full,CampsitePermit,Less than 40ft,
Rissers Beach,NS ,4,Full,CampsitePermit,Single Tent,
Porters Lake,NS ,2,Full,CampsitePermit,Less than 20ft,
Dollar Lake,NS ,2,Full,CampsitePermit,Less than 30ft,
Five Islands,NS ,2,Senior,CampsitePermit,Single Tent,
Laurie,NS ,2,Full,CampsitePermit,Less than 20ft,
Dollar Lake,NS ,3,Veteran,CampsitePermit,Single Tent,
The Islands,NS ,4,Full,CampsitePermit,Less than 20ft,
Mira River,NS ,4,Full,CampsitePermit,Less than 30ft,
Smileys,NB ,3,Full,CampsitePermit,Less than 30ft,
Mira River,QC ,2,Full,CampsitePermit,Less than 30ft,
Thomas Raddall,NS ,2,Full,CampsitePermit,Single Tent,
Battery,BC ,2,Full,CampsitePermit,Single Tent,
Mira River,NS ,3,Full,CampsitePermit,Less than 30ft,
Laurie,QC ,1,Full,CampsitePermit,Single Tent,
Mira River,NS ,3,Full,CampsitePermit,Single Tent,
Boylston,NS ,1,Full,CampsitePermit,Single Tent,
Caribou Munroes,NS ,5,Full,CampsitePermit,Less than 30ft,
Mira River,NS ,2,Full,CampsitePermit,Less than 30ft,
Graves Island,NS ,3,Senior,CampsitePermit,Less than 30ft,
Caribou Munroes,QC ,2,Senior,CampsitePermit,Single Tent,
Dollar Lake,NS ,2,Full,CampsitePermit,Single Tent,
Five Islands,NS ,4,Full,CampsitePermit,Single Tent,
Caribou Munroes,NB ,2,Full,CampsitePermit,Single Tent,
Five Islands,NS ,2,Full,CampsitePermit,Less than 20ft,
Whycocomagh,NS ,2,Full,CampsitePermit,Less than 20ft,
Dollar Lake,NS ,6,Full,CampsitePermit,Tents,
Ellenwood Lake,NS ,2,Full,CampsitePermit,Less than 30ft,
Five Islands,QC ,2,Senior,CampsitePermit,Less than 20ft,
Graves Island,NS ,3,Full,CampsitePermit,Tents,
Graves Island,NB ,4,Full,CampsitePermit,Single Tent,
Rissers Beach,NS ,3,Full,CampsitePermit,Single Tent,
Battery,NS ,2,Full,CampsitePermit,Less than 20ft,
Thomas Raddall,NS ,2,Full,CampsitePermit,Less than 20ft,
Amherst Shore,NS ,4,Full,CampsitePermit,Less than 20ft,
Caribou Munroes,NS ,2,Full,CampsitePermit,Single Tent,
Porters Lake,NS ,4,Full,CampsitePermit,Single Tent,
Mira River,NS ,2,Full,CampsitePermit,Less than 30ft,
Rissers Beach,NS ,4,Full,CampsitePermit,Less than 30ft,
Blomidon,NS ,4,Full,CampsitePermit,Less than 30ft,
Graves Island,ON ,2,Senior,CampsitePermit,Less than 20ft,
Graves Island,NB ,4,Full,CampsitePermit,Less than 20ft,
Porters Lake,NS ,2,Full,CampsitePermit,Single Tent,
Amherst Shore,ON ,6,Full,CampsitePermit,Tents,
Battery,BC ,2,Senior,CampsitePermit,Single Tent,
Whycocomagh,QC ,2,Full,CampsitePermit,Single Tent,
Graves Island,NS ,2,Full,CampsitePermit,Less than 20ft,
Five Islands,NB ,6,Full,CampsitePermit,Tents,
Thomas Raddall,NS ,2,Full,CampsitePermit,Less than 30ft,
Battery,NS ,5,Full,CampsitePermit,Single Tent,
Blomidon,NS ,5,Full,CampsitePermit,Single Tent,
Graves Island,ON ,2,Full,CampsitePermit,Tents,
Five Islands,NS ,2,Full,CampsitePermit,Single Tent,
Whycocomagh,NS ,3,Full,CampsitePermit,Tents,
Five Islands,NS ,5,Full,CampsitePermit,Tents,
Thomas Raddall,ON ,2,Full,CampsitePermit,Single Tent,
Mira River,NS ,3,Full,CampsitePermit,Tents,
Mira River,NS ,5,Full,CampsitePermit,Less than 20ft,
Thomas Raddall,NS ,1,Full,CampsitePermit,Single Tent,
Rissers Beach,NS ,2,Full,CampsitePermit,Less than 40ft,
Rissers Beach,NS ,2,Full,CampsitePermit,Less than 30ft,
Porters Lake,BC ,3,Full,CampsitePermit,Less than 30ft,
Rissers Beach,NS ,4,Full,CampsitePermit,Less than 30ft,
Mira River,NS ,4,Full,CampsitePermit,Single Tent,
Dollar Lake,NB ,6,Full,CampsitePermit,Tents,
Graves Island,NS ,6,Full,CampsitePermit,Tents,
Graves Island,ON ,2,Full,CampsitePermit,Less than 30ft,
Battery,NS ,2,Full,CampsitePermit,Single Tent,
Mira River,NS ,4,Full,CampsitePermit,Single Tent,
Caribou Munroes,NS ,5,Full,CampsitePermit,Less than 30ft,
Valleyview,NS ,2,Full,CampsitePermit,Less than 30ft,
Thomas Raddall,NS ,2,Full,CampsitePermit,Single Tent,
Caribou Munroes,NS ,4,Full,CampsitePermit,Less than 30ft,
Caribou Munroes,NS ,3,Full,CampsitePermit,Single Tent,
Porters Lake,NS ,4,Full,CampsitePermit,Single Tent,
Salsman,NS ,2,Full,CampsitePermit,Single Tent,
Smileys,NS ,4,Full,CampsitePermit,Single Tent,
Ellenwood Lake,NS ,4,Full,CampsitePermit,Less than 30ft,
Graves Island,NS ,2,Full,CampsitePermit,Greater than 40ft,
Porters Lake,NS ,3,Full,CampsitePermit,Less than 30ft,
Caribou Munroes,NS ,1,Host,CampsitePermit,Less than 20ft,
Salsman,NS ,4,Full,CampsitePermit,Less than 40ft,
Dollar Lake,NS ,3,Full,CampsitePermit,Single Tent,
Mira River,ON ,4,Full,CampsitePermit,Single Tent,
Rissers Beach,NS ,2,Full,CampsitePermit,Less than 20ft,
Rissers Beach,NS ,4,Full,CampsitePermit,Less than 30ft,
Graves Island,QC ,1,Full,CampsitePermit,Single Tent,
Blomidon,NS ,2,Full,CampsitePermit,Single Tent,
Battery,QC ,3,Full,CampsitePermit,Single Tent,
Mira River,NS ,2,Full,CampsitePermit,Less than 40ft,
Whycocomagh,ON ,3,Full,CampsitePermit,Less than 30ft,
Battery,NS ,2,Full,CampsitePermit,Single Tent,
Caribou Munroes,NS ,2,Full,CampsitePermit,Single Tent,
Graves Island,NS ,2,Full,CampsitePermit,Less than 30ft,
Rissers Beach,NS ,2,Full,CampsitePermit,Single Tent,
Caribou Munroes,NS ,3,Full,CampsitePermit,Single Tent,
Five Islands,ON ,2,Full,CampsitePermit,Single Tent,
Rissers Beach,NS ,4,Full,CampsitePermit,Single Tent,
Cape Chignecto,NB ,3,Full,BackcountryPermit,Single Tent,
Caribou Munroes,NS ,2,Full,CampsitePermit,Less than 20ft,
Caribou Munroes,NS ,2,Full,CampsitePermit,Less than 40ft,
Whycocomagh,BC ,2,Full,CampsitePermit,Single Tent,
Mira River,QC ,2,Full,CampsitePermit,Less than 20ft,
Mira River,NS ,4,Full,CampsitePermit,Less than 30ft,
Amherst Shore,NS ,3,Senior,CampsitePermit,Less than 20ft,
The Islands,BC ,2,Senior,CampsitePermit,Less than 30ft,
Rissers Beach,NS ,4,Full,CampsitePermit,Less than 30ft,
Whycocomagh,ON ,2,Full,CampsitePermit,Less than 30ft,
Cape Chignecto,NB ,2,Full,BackcountryPermit,Single Tent,
Porters Lake,ON ,1,Full,CampsitePermit,Single Tent,
Blomidon,ON ,1,Full,CampsitePermit,Single Tent,
Mira River,NS ,4,Full,CampsitePermit,Single Tent,
Thomas Raddall,NS ,2,Full,CampsitePermit,Single Tent,
Graves Island,NB ,1,Full,CampsitePermit,Single Tent,
Amherst Shore,NS ,2,Full,CampsitePermit,Less than 20ft,
Porters Lake,ON ,8,Full,CampsitePermit,Less than 30ft,
Dollar Lake,NS ,2,Senior,CampsitePermit,Single Tent,
Dollar Lake,NS ,2,Full,CampsitePermit,Single Tent,
Whycocomagh,NS ,4,Full,YurtPermit,Tents,
Amherst Shore,NS ,2,Host,CampsitePermit,Single Tent,
Rissers Beach,NS ,2,Full,CampsitePermit,Less than 20ft,
Dollar Lake,NS ,6,Full,CampsitePermit,Less than 30ft,
Graves Island,NS ,2,Full,CampsitePermit,Less than 20ft,
The Islands,NS ,1,Full,CampsitePermit,Single Tent,
Rissers Beach,NS ,2,Full,CampsitePermit,Single Tent,
Graves Island,QC ,2,Full,CampsitePermit,Single Tent,
Dollar Lake,NS ,3,Full,CampsitePermit,Single Tent,
Caribou Munroes,NS ,2,Full,CampsitePermit,Tents,
Graves Island,NB ,4,Full,CampsitePermit,Tents,
Laurie,BC ,3,Full,CampsitePermit,Single Tent,
Mira River,NS ,5,Full,CampsitePermit,Single Tent,
Battery,NS ,2,Senior,CampsitePermit,Single Tent,
Porters Lake,NS ,3,Full,CampsitePermit,Tents,
Graves Island,NS ,1,Full,CampsitePermit,Single Tent,
Thomas Raddall,NS ,3,Full,CampsitePermit,Less than 30ft,
Graves Island,QC ,4,Full,CampsitePermit,Less than 30ft,
Rissers Beach,NS ,2,Full,CampsitePermit,Single Tent,
Blomidon,NS ,2,Full,CampsitePermit,Single Tent,
Thomas Raddall,NS ,2,Full,CampsitePermit,Tents,
Whycocomagh,SK ,2,Full,CampsitePermit,Less than 30ft,
Porters Lake,NS ,6,Full,CampsitePermit,Less than 40ft,
Amherst Shore,NB ,2,Senior,CampsitePermit,Single Tent,
Laurie,NS ,4,Full,CampsitePermit,Tents,
Graves Island,NS ,2,Senior,CampsitePermit,Tents,
Salsman,NS ,2,Full,CampsitePermit,Less than 20ft,
Laurie,NL ,1,Full,CampsitePermit,Single Tent,
Graves Island,ON ,5,Full,CampsitePermit,Tents,
Porters Lake,NS ,4,Full,CampsitePermit,Tents,
Graves Island,NB ,2,Full,CampsitePermit,Less than 30ft,
Porters Lake,NS ,2,Full,CampsitePermit,Less than 30ft,
Cape Chignecto,ON ,2,Full,BackcountryPermit,Single Tent,
Smileys,NS ,2,Full,CampsitePermit,Less than 20ft,
Salsman,NS ,2,Full,CampsitePermit,Less than 40ft,
Graves Island,NS ,2,Full,CampsitePermit,Single Tent,
Graves Island,MB ,1,Full,CampsitePermit,Single Tent,
Rissers Beach,NS ,4,Full,CampsitePermit,Single Tent,
Thomas Raddall,NS ,4,Full,CampsitePermit,Single Tent,
Laurie,NS ,4,Full,CampsitePermit,Tents,
Dollar Lake,NS ,6,Full,CampsitePermit,Tents,
Dollar Lake,NS ,2,Full,CampsitePermit,Single Tent,
Blomidon,NS ,2,Full,CampsitePermit,Less than 40ft,
Porters Lake,ON ,2,Full,CampsitePermit,Single Tent,
Porters Lake,ON ,2,Full,CampsitePermit,Less than 20ft,
Dollar Lake,NS ,2,Full,CampsitePermit,Single Tent,
Mira River,NS ,3,Full,CampsitePermit,Single Tent,
Porters Lake,NB ,2,Full,CampsitePermit,Less than 20ft,
Salsman,ON ,4,Full,CampsitePermit,Greater than 40ft,
Cape Chignecto,NS ,6,Full,BackcountryPermit,Cabin,
Ellenwood Lake,NS ,2,Host,CampsitePermit,Less than 30ft,
Five Islands,NS ,4,Full,CampsitePermit,Single Tent,
Smileys,NS ,5,Full,CampsitePermit,Single Tent,
Ellenwood Lake,NS ,2,Full,CampsitePermit,Single Tent,
Five Islands,NB ,6,Full,CampsitePermit,Tents,
Caribou Munroes,NL ,2,Full,CampsitePermit,Single Tent,
Caribou Munroes,PE ,3,Full,CampsitePermit,Single Tent,
Rissers Beach,NS ,5,Full,CampsitePermit,Less than 40ft,
Blomidon,QC ,1,Full,CampsitePermit,Single Tent,
Caribou Munroes,QC ,3,Full,CampsitePermit,Tents,
Graves Island,ON ,2,Senior,CampsitePermit,Single Tent,
Salsman,BC ,2,Full,CampsitePermit,Less than 30ft,
Rissers Beach,NS ,3,Full,CampsitePermit,Single Tent,
Caribou Munroes,QC ,2,Senior,CampsitePermit,Less than 20ft,
Battery,NS ,2,Full,CampsitePermit,Single Tent,
Valleyview,BC ,2,Senior,CampsitePermit,Single Tent,
Smileys,NS ,3,Full,CampsitePermit,Single Tent,
Mira River,ON ,4,Senior,CampsitePermit,Single Tent,
Graves Island,NS ,5,Full,CampsitePermit,Less than 30ft,
Blomidon,NS ,2,Full,CampsitePermit,Single Tent,
The Islands,NS ,4,Veteran,CampsitePermit,Less than 30ft,
Ellenwood Lake,NS ,6,Full,CampsitePermit,Tents,
Graves Island,ON ,4,Full,CampsitePermit,Less than 30ft,
Dollar Lake,NS ,3,Full,CampsitePermit,Tents,
Mira River,NS ,3,Veteran,CampsitePermit,Single Tent,
Porters Lake,ON ,4,Full,CampsitePermit,Less than 40ft,
Mira River,NS ,5,Full,CampsitePermit,Single Tent,
Dollar Lake,NS ,2,Full,CampsitePermit,Single Tent,
Dollar Lake,NS ,3,Full,CampsitePermit,Single Tent,
Battery,QC ,2,Full,CampsitePermit,Single Tent,
Graves Island,NB ,1,Full,CampsitePermit,Single Tent,
Battery,NS ,1,Full,CampsitePermit,Single Tent,
Battery,NS ,2,Full,CampsitePermit,Single Tent,
Mira River,NS ,4,Full,CampsitePermit,Less than 40ft,
Battery,NS ,1,Full,CampsitePermit,Single Tent,
Laurie,QC ,2,Full,CampsitePermit,Single Tent,
Porters Lake,ON ,1,Full,CampsitePermit,Single Tent,
Caribou Munroes,NS ,2,Senior,CampsitePermit,Less than 20ft,
Laurie,NS ,2,Full,CampsitePermit,Less than 20ft,
Caribou Munroes,NS ,5,Full,CampsitePermit,Single Tent,
Amherst Shore,NS ,6,Full,CampsitePermit,Less than 20ft,
Porters Lake,NS ,6,Full,CampsitePermit,Tents,
Cape Chignecto,ON ,2,Full,BackcountryPermit,Single Tent,
Porters Lake,NS ,2,Full,CampsitePermit,Less than 40ft,
Graves Island,NS ,2,Full,CampsitePermit,Less than 30ft,
Rissers Beach,NS ,2,Full,CampsitePermit,Single Tent,
Rissers Beach,NL ,4,Full,CampsitePermit,Single Tent,
Caribou Munroes,NS ,5,Full,CampsitePermit,Less than 20ft,
Laurie,NS ,3,Full,CampsitePermit,Tents,
Battery,NS ,2,Senior,CampsitePermit,Single Tent,
Graves Island,ON ,1,Full,CampsitePermit,Single Tent,
Ellenwood Lake,NS ,2,Full,CampsitePermit,Single Tent,
Dollar Lake,NS ,4,Full,CampsitePermit,Single Tent,
Laurie,NS ,3,Full,CampsitePermit,Less than 20ft,
Porters Lake,NS ,3,Veteran,CampsitePermit,Tents,
Smileys,NS ,4,Full,CampsitePermit,Less than 30ft,
Graves Island,NS ,2,Full,CampsitePermit,Less than 30ft,
Dollar Lake,NS ,3,Full,CampsitePermit,Less than 30ft,
Laurie,NS ,2,Full,CampsitePermit,Single Tent,
Whycocomagh,NS ,2,Full,CampsitePermit,Single Tent,
Salsman,NL ,2,Senior,CampsitePermit,Single Tent,
Caribou Munroes,ON ,4,Full,CampsitePermit,Single Tent,
Blomidon,NS ,5,Full,CampsitePermit,Less than 30ft,
Thomas Raddall,NS ,2,Senior,CampsitePermit,Less than 40ft,
Rissers Beach,ON ,2,Senior,CampsitePermit,Single Tent,
Dollar Lake,NS ,5,Full,CampsitePermit,Less than 20ft,
Blomidon,NS ,2,Full,CampsitePermit,Single Tent,
Rissers Beach,NS ,6,Full,CampsitePermit,Tents,
Caribou Munroes,NS ,2,Full,CampsitePermit,Less than 20ft,
Laurie,ON ,2,Full,CampsitePermit,Single Tent,
Graves Island,NS ,4,Senior,CampsitePermit,Tents,
Rissers Beach,NS ,4,Full,CampsitePermit,Less than 20ft,
Blomidon,NS ,5,Full,CampsitePermit,Single Tent,
Thomas Raddall,NS ,2,Full,CampsitePermit,Less than 20ft,
Mira River,BC ,2,Senior,CampsitePermit,Single Tent,
Five Islands,ON ,4,Full,CampsitePermit,Less than 40ft,
Mira River,NS ,4,Full,CampsitePermit,Less than 20ft,
Rissers Beach,SK ,2,Full,CampsitePermit,Single Tent,
Thomas Raddall,NS ,2,Full,CampsitePermit,Less than 20ft,
Graves Island,NL ,1,Full,CampsitePermit,Single Tent,
Porters Lake,NS ,2,Full,CampsitePermit,Less than 20ft,
The Islands,NS ,2,Full,CampsitePermit,Less than 20ft,
The Islands,NS ,4,Senior,CampsitePermit,Less than 20ft,
Graves Island,NS ,1,Senior,CampsitePermit,Single Tent,
Caribou Munroes,BC ,5,Full,CampsitePermit,Single Tent,
Laurie,NS ,2,Full,CampsitePermit,Tents,
Thomas Raddall,NS ,3,Full,CampsitePermit,Less than 30ft,
Salsman,NS ,3,Full,CampsitePermit,Less than 30ft,
Porters Lake,NS ,1,Full,CampsitePermit,Tents,
Graves Island,QC ,2,Senior,CampsitePermit,Less than 20ft,
Dollar Lake,NS ,2,Senior,CampsitePermit,Single Tent,
Porters Lake,ON ,6,Full,CampsitePermit,Less than 40ft,
Rissers Beach,NS ,2,Full,CampsitePermit,Less than 40ft,
Mira River,NS ,3,Full,CampsitePermit,Single Tent,
Amherst Shore,ON ,2,Senior,CampsitePermit,Single Tent,
Five Islands,NB ,2,Full,CampsitePermit,Tents,
Rissers Beach,NS ,4,Full,CampsitePermit,Tents,
Caribou Munroes,NS ,4,Full,CampsitePermit,Less than 30ft,
Rissers Beach,NS ,2,Full,CampsitePermit,Less than 20ft,
Five Islands,NS ,3,Full,CampsitePermit,Less than 30ft,
Caribou Munroes,NS ,6,Full,CampsitePermit,Less than 20ft,
Whycocomagh,NS ,4,Full,YurtPermit,Tents,
The Islands,NS ,2,Full,CampsitePermit,Less than 30ft,
Whycocomagh,NS ,2,Senior,CampsitePermit,Single Tent,
Mira River,QC ,2,Full,CampsitePermit,Less than 30ft,
Thomas Raddall,NS ,2,Full,CampsitePermit,Less than 30ft,
Graves Island,NS ,2,Senior,CampsitePermit,Less than 30ft,
Valleyview,NS ,2,Full,CampsitePermit,Less than 30ft,
Blomidon,NS ,7,Full,CampsitePermit,Single Tent,
Mira River,ON ,2,Full,CampsitePermit,Single Tent,
Blomidon,NS ,4,Full,CampsitePermit,Tents,
Caribou Munroes,NS ,6,Full,CampsitePermit,Tents,
Graves Island,NB ,6,Full,CampsitePermit,Tents,
Rissers Beach,NS ,2,Senior,CampsitePermit,Less than 30ft,
Valleyview,NL ,2,Senior,CampsitePermit,Single Tent,
Mira River,ON ,2,Full,CampsitePermit,Less than 20ft,
Five Islands,ON ,2,Full,CampsitePermit,Single Tent,
Blomidon,NS ,2,Full,CampsitePermit,Single Tent,
Rissers Beach,NS ,2,Senior,CampsitePermit,Less than 20ft,
Caribou Munroes,NS ,1,Senior,CampsitePermit,Single Tent,
Thomas Raddall,NS ,2,Full,CampsitePermit,Single Tent,
Dollar Lake,NS ,5,Full,CampsitePermit,Less than 30ft,
Porters Lake,ON ,4,Full,CampsitePermit,Less than 30ft,
Amherst Shore,NS ,2,Full,CampsitePermit,Less than 30ft,
Smileys,NS ,2,Full,CampsitePermit,Less than 30ft,
Five Islands,QC ,2,Senior,CampsitePermit,Less than 20ft,
Caribou Munroes,NS ,4,Full,CampsitePermit,Less than 20ft,
Graves Island,NS ,2,Full,CampsitePermit,Less than 30ft,
Mira River,QC ,4,Full,CampsitePermit,Single Tent,
Caribou Munroes,NS ,4,Full,CampsitePermit,Less than 30ft,
Mira River,NS ,2,Full,CampsitePermit,Single Tent,
Five Islands,NS ,4,Full,CampsitePermit,Tents,
Dollar Lake,NS ,4,Full,CampsitePermit,Less than 20ft,
Battery,ON ,2,Full,CampsitePermit,Single Tent,
Graves Island,QC ,2,Full,CampsitePermit,Single Tent,
Blomidon,NS ,1,Senior,CampsitePermit,Single Tent,
Boylston,NS ,2,Full,CampsitePermit,Single Tent,
Laurie,NB ,2,Full,CampsitePermit,Single Tent,
Mira River,NS ,5,Full,CampsitePermit,Less than 40ft,
Mira River,NS ,3,Full,CampsitePermit,Single Tent,
Thomas Raddall,NS ,4,Full,CampsitePermit,Single Tent,
Graves Island,NS ,2,Senior,CampsitePermit,Less than 30ft,
Thomas Raddall,NS ,4,Full,CampsitePermit,Single Tent,
Graves Island,NS ,2,Full,CampsitePermit,Less than 20ft,
Five Islands,NB ,2,Senior,CampsitePermit,Less than 30ft,
Caribou Munroes,NS ,2,Full,CampsitePermit,Single Tent,
Mira River,ON ,4,Full,CampsitePermit,Less than 30ft,
Porters Lake,NS ,2,Veteran,CampsitePermit,Less than 40ft,
Mira River,NS ,4,Full,CampsitePermit,Less than 30ft,
Caribou Munroes,NS ,5,Full,CampsitePermit,Tents,
Blomidon,QC ,3,Full,CampsitePermit,Tents,
Battery,NS ,3,Full,CampsitePermit,Single Tent,
The Islands,NS ,2,Full,CampsitePermit,Single Tent,
Salsman,NS ,2,Full,CampsitePermit,Less than 20ft,
Ellenwood Lake,NS ,3,Full,CampsitePermit,Less than 30ft,
Five Islands,NS ,5,Full,CampsitePermit,Less than 20ft,
Caribou Munroes,NS ,1,Full,CampsitePermit,Single Tent,
Dollar Lake,NS ,4,Full,CampsitePermit,Single Tent,
Rissers Beach,NS ,2,Full,CampsitePermit,Less than 30ft,
Graves Island,NS ,2,Full,CampsitePermit,Less than 30ft,
Whycocomagh,QC ,1,Full,CampsitePermit,Single Tent,
Caribou Munroes,NS ,4,Full,CampsitePermit,Tents,
Rissers Beach,ON ,2,Full,CampsitePermit,Less than 30ft,
Salsman,NS ,5,Full,CampsitePermit,Tents,
Mira River,NS ,3,Full,CampsitePermit,Single Tent,
Amherst Shore,QC ,2,Senior,CampsitePermit,Less than 20ft,
Mira River,AB ,4,Full,CampsitePermit,Tents,
Smileys,NS ,4,Full,CampsitePermit,Less than 20ft,
Dollar Lake,NS ,3,Full,CampsitePermit,Single Tent,
Thomas Raddall,NS ,4,Full,CampsitePermit,Single Tent,
Amherst Shore,ON ,4,Full,CampsitePermit,Single Tent,
Mira River,NS ,6,Full,CampsitePermit,Greater than 40ft,
Dollar Lake,NS ,2,Full,CampsitePermit,Single Tent,
Rissers Beach,NS ,2,Senior,CampsitePermit,Less than 20ft,
Mira River,QC ,5,Full,CampsitePermit,Less than 30ft,
Battery,SK ,2,Full,CampsitePermit,Less than 20ft,
Caribou Munroes,NS ,2,Full,CampsitePermit,Less than 40ft,
Battery,NS ,2,Full,CampsitePermit,Less than 30ft,
Caribou Munroes,NS ,3,Full,CampsitePermit,Single Tent,
Dollar Lake,NS ,3,Full,CampsitePermit,Tents,
Mira River,NS ,3,Full,CampsitePermit,Less than 20ft,
Five Islands,AB ,2,Full,CampsitePermit,Less than 20ft,
Thomas Raddall,NS ,4,Full,CampsitePermit,Single Tent,
Laurie,QC ,2,Full,CampsitePermit,Single Tent,
Five Islands,NS ,5,Full,CampsitePermit,Tents,
Battery,QC ,2,Full,CampsitePermit,Single Tent,
Amherst Shore,NS ,4,Senior,CampsitePermit,Less than 20ft,
Five Islands,NS ,3,Full,CampsitePermit,Single Tent,
Graves Island,ON ,2,Senior,CampsitePermit,Less than 40ft,
Blomidon,NS ,3,Senior,CampsitePermit,Less than 30ft,
Laurie,BC ,5,Full,CampsitePermit,Single Tent,
Blomidon,NS ,1,Full,CampsitePermit,Single Tent,
Whycocomagh,NS ,4,Senior,YurtPermit,Tents,
Dollar Lake,NS ,6,Full,CampsitePermit,Single Tent,
Mira River,NS ,3,Full,CampsitePermit,Less than 30ft,
Cape Chignecto,NS ,1,Full,BackcountryPermit,Single Tent,
Laurie,QC ,2,Full,CampsitePermit,Single Tent,
The Islands,NS ,2,Full,CampsitePermit,Single Tent,
Valleyview,NS ,1,Senior,CampsitePermit,Single Tent,
Dollar Lake,NS ,5,Full,CampsitePermit,Single Tent,
Rissers Beach,NS ,2,Full,CampsitePermit,Single Tent,
Valleyview,NS ,2,Full,CampsitePermit,Single Tent,
Porters Lake,NS ,2,Senior,CampsitePermit,Less than 20ft,
Five Islands,NS ,2,Full,CampsitePermit,Less than 20ft,
Rissers Beach,NS ,4,Full,CampsitePermit,Less than 20ft,
Graves Island,NS ,2,Senior,CampsitePermit,Less than 40ft,
The Islands,NS ,5,Full,CampsitePermit,Single Tent,
Rissers Beach,QC ,1,Full,CampsitePermit,Single Tent,
Thomas Raddall,NS ,1,Full,CampsitePermit,Single Tent,
Five Islands,NS ,2,Full,CampsitePermit,Single Tent,
Rissers Beach,NS ,2,Full,CampsitePermit,Less than 20ft,
Graves Island,NS ,1,Senior,CampsitePermit,Less than 20ft,
Graves Island,BC ,2,Full,CampsitePermit,Less than 20ft,
Rissers Beach,NS ,6,Full,CampsitePermit,Less than 20ft,
Smileys,NS ,2,Full,CampsitePermit,Single Tent,
Blomidon,QC ,2,Senior,CampsitePermit,Single Tent,
Ellenwood Lake,NS ,5,Full,CampsitePermit,Single Tent,
Rissers Beach,NS ,2,Full,CampsitePermit,Less than 20ft,
Amherst Shore,NS ,2,Full,CampsitePermit,Tents,
Thomas Raddall,NS ,4,Full,CampsitePermit,Tents,
Ellenwood Lake,NB ,2,Full,CampsitePermit,Single Tent,
Dollar Lake,NS ,4,Full,CampsitePermit,Single Tent,
Five Islands,NS ,4,Full,CampsitePermit,Single Tent,
Whycocomagh,ON ,2,Full,CampsitePermit,Single Tent,
Graves Island,NS ,1,Full,CampsitePermit,Single Tent,
Dollar Lake,NS ,3,Full,CampsitePermit,Tents,
Ellenwood Lake,NS ,4,Full,CampsitePermit,Tents,
Thomas Raddall,NS ,2,Full,CampsitePermit,Single Tent,
Graves Island,NS ,2,Full,CampsitePermit,Less than 30ft,
Rissers Beach,NS ,2,Full,CampsitePermit,Less than 20ft,
Amherst Shore,QC ,2,Full,CampsitePermit,Less than 30ft,
Mira River,NS ,3,Full,CampsitePermit,Less than 20ft,
Caribou Munroes,QC ,1,Full,CampsitePermit,Single Tent,
Caribou Munroes,NS ,2,Senior,CampsitePermit,Less than 30ft,
Laurie,NS ,1,Full,CampsitePermit,Less than 20ft,
Dollar Lake,NS ,2,Senior,CampsitePermit,Less than 20ft,
Blomidon,NS ,2,Senior,CampsitePermit,Single Tent,
Five Islands,NS ,5,Full,CampsitePermit,Single Tent,
Caribou Munroes,NS ,4,Senior,CampsitePermit,Less than 30ft,
Smileys,NS ,5,Full,CampsitePermit,Single Tent,
Thomas Raddall,NS ,1,Full,CampsitePermit,Single Tent,
Ellenwood Lake,NS ,2,Full,CampsitePermit,Single Tent,
Ellenwood Lake,NS ,2,Full,CampsitePermit,Less than 30ft,
Blomidon,NS ,4,Full,CampsitePermit,Single Tent,
Valleyview,NS ,2,Full,CampsitePermit,Less than 20ft,
Dollar Lake,NS ,2,Full,CampsitePermit,Tents,
Thomas Raddall,NS ,4,Full,CampsitePermit,Less than 30ft,
Battery,NS ,5,Senior,CampsitePermit,Single Tent,
Rissers Beach,NS ,2,Full,CampsitePermit,Less than 30ft,
Mira River,NS ,2,Full,CampsitePermit,Less than 20ft,
Mira River,NS ,4,Full,CampsitePermit,Single Tent,
Valleyview,NB ,2,Senior,CampsitePermit,Single Tent,
Blomidon,NS ,4,Full,CampsitePermit,Less than 20ft,
Amherst Shore,NS ,2,Full,CampsitePermit,Single Tent,
Graves Island,NS ,2,Senior,CampsitePermit,Less than 30ft,
Dollar Lake,NS ,3,Full,CampsitePermit,Single Tent,
Graves Island,QC ,3,Full,CampsitePermit,Less than 20ft,
Five Islands,NS ,2,Host,CampsitePermit,Single Tent,
Dollar Lake,NS ,4,Full,CampsitePermit,Single Tent,
Caribou Munroes,NS ,4,Full,CampsitePermit,Single Tent,
Caribou Munroes,NS ,5,Full,CampsitePermit,Less than 30ft,
Salsman,NL ,1,Full,CampsitePermit,Single Tent,
Battery,NS ,3,Full,CampsitePermit,Less than 30ft,
Graves Island,NS ,2,Veteran,CampsitePermit,Less than 30ft,
Dollar Lake,NS ,3,Full,CampsitePermit,Single Tent,
Smileys,NS ,6,Full,CampsitePermit,Greater than 40ft,
Mira River,QC ,2,Senior,CampsitePermit,Less than 20ft,
Amherst Shore,ON ,2,Senior,CampsitePermit,Single Tent,
Rissers Beach,NS ,3,Full,CampsitePermit,Single Tent,
Laurie,QC ,6,FULL,CampsitePermit,Tents,
Ellenwood Lake,NS ,5,Full,CampsitePermit,Single Tent,
Graves Island,NS ,2,Full,CampsitePermit,Less than 40ft,
Blomidon,NS ,2,Full,CampsitePermit,Single Tent,
Mira River,NS ,2,Full,CampsitePermit,Less than 30ft,
Thomas Raddall,NS ,2,Full,CampsitePermit,Less than 30ft,
Mira River,NS ,2,Full,CampsitePermit,Less than 30ft,
Graves Island,NS ,2,Full,CampsitePermit,Less than 30ft,
The Islands,NS ,4,Full,CampsitePermit,Single Tent,
Dollar Lake,NS ,2,Full,CampsitePermit,Single Tent,
Thomas Raddall,QC ,2,Full,CampsitePermit,Single Tent,
Blomidon,NS ,3,Full,CampsitePermit,Single Tent,
Porters Lake,NS ,2,Full,CampsitePermit,Less than 40ft,
Dollar Lake,NS ,6,Full,CampsitePermit,Less than 20ft,
Mira River,QC ,2,Full,CampsitePermit,Less than 20ft,
Amherst Shore,NS ,2,Full,CampsitePermit,Less than 20ft,
The Islands,ON ,4,Senior,CampsitePermit,Less than 30ft,
Graves Island,ON ,2,Full,CampsitePermit,Single Tent,
Rissers Beach,NS ,2,Full,CampsitePermit,Single Tent,
Rissers Beach,NS ,3,Full,CampsitePermit,Less than 30ft,
Graves Island,ON ,5,Full,CampsitePermit,Less than 30ft,
Rissers Beach,NS ,5,Senior,CampsitePermit,Less than 20ft,
Salsman,NS ,2,Full,CampsitePermit,Less than 30ft,
Caribou Munroes,NS ,4,Full,CampsitePermit,Less than 30ft,
Thomas Raddall,NS ,1,Full,CampsitePermit,Single Tent,
Laurie,NS ,5,Full,CampsitePermit,Single Tent,
Amherst Shore,QC ,2,Senior,CampsitePermit,Less than 30ft,
Five Islands,QC ,2,Full,CampsitePermit,Less than 20ft,
Dollar Lake,NS ,2,Full,CampsitePermit,Less than 30ft,
Blomidon,NS ,1,Full,CampsitePermit,Single Tent,
Caribou Munroes,NS ,2,Full,CampsitePermit,Single Tent,
Battery,NS ,4,Full,CampsitePermit,Less than 30ft,
Mira River,NS ,4,Full,CampsitePermit,Less than 30ft,
Laurie,NB ,1,Full,CampsitePermit,Single Tent,
Mira River,QC ,2,Full,CampsitePermit,Less than 40ft,
Rissers Beach,NS ,3,Full,CampsitePermit,Less than 20ft,
Graves Island,QC ,2,Senior,CampsitePermit,Less than 20ft,
Battery,NS ,2,Full,CampsitePermit,Single Tent,
Cape Chignecto,NS ,4,Full,BackcountryPermit,Single Tent,
Cape Chignecto,AB ,2,Full,BackcountryPermit,Single Tent,
Blomidon,NS ,6,Full,CampsitePermit,Tents,
Ellenwood Lake,ON ,2,Full,CampsitePermit,Single Tent,
Valleyview,NS ,2,Senior,CampsitePermit,Single Tent,
Rissers Beach,NS ,2,Full,CampsitePermit,Single Tent,
Graves Island,NS ,3,Full,CampsitePermit,Single Tent,
Blomidon,NS ,2,Full,CampsitePermit,Single Tent,
Five Islands,NS ,2,Full,CampsitePermit,Less than 20ft,
Whycocomagh,ON ,2,Full,CampsitePermit,Single Tent,
Porters Lake,NS ,2,Veteran,CampsitePermit,Less than 30ft,
Graves Island,QC ,2,Full,CampsitePermit,Less than 20ft,
Mira River,QC ,2,Full,CampsitePermit,Less than 20ft,
Mira River,QC ,2,Full,CampsitePermit,Single Tent,
Salsman,NS ,2,Full,CampsitePermit,Less than 30ft,
Graves Island,NS ,4,Full,CampsitePermit,Less than 20ft,
Graves Island,NS ,3,Full,CampsitePermit,Less than 20ft,
Blomidon,NS ,4,Full,CampsitePermit,Single Tent,
Valleyview,QC ,2,Full,CampsitePermit,Single Tent,
Mira River,NS ,2,Full,CampsitePermit,Single Tent,
Blomidon,NS ,3,Senior,CampsitePermit,Single Tent,
Porters Lake,NS ,3,Full,CampsitePermit,Single Tent,
Valleyview,NS ,3,Full,CampsitePermit,Single Tent,
Smileys,ON ,2,Full,CampsitePermit,Less than 30ft,
Dollar Lake,NS ,4,Full,CampsitePermit,Single Tent,
Rissers Beach,NS ,3,Full,CampsitePermit,Single Tent,
Amherst Shore,ON ,3,Senior,CampsitePermit,Less than 30ft,
Laurie,NS ,2,Full,CampsitePermit,Single Tent,
Rissers Beach,NS ,4,Full,CampsitePermit,Less than 20ft,
Graves Island,ON ,1,Full,CampsitePermit,Single Tent,
Smileys,NS ,2,Senior,CampsitePermit,Less than 20ft,
Mira River,NL ,2,Full,CampsitePermit,Single Tent,
Rissers Beach,NS ,2,Full,CampsitePermit,Less than 20ft,
Five Islands,ON ,2,Full,CampsitePermit,Single Tent,
Porters Lake,ON ,3,Full,CampsitePermit,Less than 20ft,
Caribou Munroes,ON ,4,Full,CampsitePermit,Less than 20ft,
Cape Chignecto,NS ,2,Full,BackcountryPermit,Single Tent,
Rissers Beach,NS ,2,Senior,CampsitePermit,Less than 20ft,
Thomas Raddall,BC ,2,Veteran,CampsitePermit,Single Tent,
Rissers Beach,NS ,6,Full,CampsitePermit,Single Tent,
Thomas Raddall,NS ,2,Full,CampsitePermit,Single Tent,
Porters Lake,ON ,2,Full,CampsitePermit,Tents,
Mira River,NS ,2,Full,CampsitePermit,Less than 30ft,
Cape Chignecto,NS ,3,Full,BackcountryPermit,Single Tent,
Smileys,NS ,4,Full,CampsitePermit,Less than 20ft,
Smileys,NS ,2,Senior,CampsitePermit,Less than 30ft,
Graves Island,NS ,2,Full,CampsitePermit,Single Tent,
Laurie,NS ,2,Full,CampsitePermit,Less than 20ft,
Blomidon,ON ,2,Senior,CampsitePermit,Single Tent,
Five Islands,AB ,3,Full,CampsitePermit,Less than 20ft,
Porters Lake,NS ,3,Full,CampsitePermit,Single Tent,
Battery,NS ,2,Senior,CampsitePermit,Single Tent,
The Islands,NS ,2,Full,CampsitePermit,Less than 20ft,
Porters Lake,NS ,3,Full,CampsitePermit,Tents,
Rissers Beach,NS ,2,Full,CampsitePermit,Less than 20ft,
Dollar Lake,NS ,6,Full,CampsitePermit,Single Tent,
Mira River,NS ,2,Senior,CampsitePermit,Single Tent,
Rissers Beach,NS ,4,Full,CampsitePermit,Less than 30ft,
Laurie,NS ,2,Senior,CampsitePermit,Less than 30ft,
Ellenwood Lake,NS ,4,Full,CampsitePermit,Tents,
Laurie,NS ,2,Full,CampsitePermit,Less than 30ft,
Ellenwood Lake,NS ,4,Full,CampsitePermit,Less than 20ft,
Caribou Munroes,NS ,4,Full,CampsitePermit,Less than 20ft,
Caribou Munroes,QC ,2,Senior,CampsitePermit,Single Tent,
Five Islands,ON ,2,Full,CampsitePermit,Single Tent,
Whycocomagh,NS ,1,Full,CampsitePermit,Single Tent,
Whycocomagh,ON ,3,Full,CampsitePermit,Less than 20ft,
Porters Lake,QC ,3,Full,CampsitePermit,Less than 20ft,
Amherst Shore,NS ,6,Full,CampsitePermit,Less than 30ft,
Dollar Lake,NS ,2,Full,CampsitePermit,Single Tent,
Caribou Munroes,NS ,2,Full,CampsitePermit,Single Tent,
Valleyview,NS ,2,Full,CampsitePermit,Single Tent,
Five Islands,QC ,2,Full,CampsitePermit,Single Tent,
Salsman,ON ,5,Full,CampsitePermit,Less than 20ft,
Mira River,NS ,5,Full,CampsitePermit,Less than 40ft,
Blomidon,NS ,4,Full,CampsitePermit,Single Tent,
Graves Island,NS ,2,Full,CampsitePermit,Less than 20ft,
Battery,ON ,4,Full,CampsitePermit,Single Tent,
Blomidon,NS ,4,Full,CampsitePermit,Tents,
Laurie,QC ,1,Full,CampsitePermit,Single Tent,
Ellenwood Lake,NS ,4,Full,CampsitePermit,Tents,
Porters Lake,ON ,5,Full,CampsitePermit,Less than 30ft,
Mira River,NS ,2,Full,CampsitePermit,Less than 40ft,
Laurie,NS ,1,Full,CampsitePermit,Less than 20ft,
Rissers Beach,NS ,4,Full,CampsitePermit,Less than 20ft,
Dollar Lake,NS ,4,Full,CampsitePermit,Less than 20ft,
Rissers Beach,NS ,5,Full,CampsitePermit,Single Tent,
Caribou Munroes,NS ,2,Full,CampsitePermit,Less than 30ft,
Graves Island,NS ,2,Full,CampsitePermit,Single Tent,
Rissers Beach,NS ,6,Full,CampsitePermit,Tents,
Ellenwood Lake,NS ,4,Full,CampsitePermit,Tents,
Rissers Beach,NS ,5,Full,CampsitePermit,Tents,
Whycocomagh,BC ,2,Full,CampsitePermit,Less than 20ft,
Dollar Lake,NS ,2,Full,CampsitePermit,Single Tent,
Caribou Munroes,MB ,2,Full,CampsitePermit,Less than 20ft,
Mira River,NS ,3,Full,CampsitePermit,Single Tent,
Laurie,NS ,4,Senior,CampsitePermit,Tents,
Laurie,NS ,2,Full,CampsitePermit,Single Tent,
Smileys,NS ,2,Senior,CampsitePermit,Less than 20ft,
Caribou Munroes,NS ,1,Full,CampsitePermit,Single Tent,
Caribou Munroes,NS ,3,Full,CampsitePermit,Single Tent,
Five Islands,ON ,2,Full,CampsitePermit,Single Tent,
Laurie,NS ,1,Full,CampsitePermit,Tents,
Five Islands,NS ,2,Full,CampsitePermit,Single Tent,
Graves Island,BC ,1,Full,CampsitePermit,Single Tent,
The Islands,NS ,2,Full,CampsitePermit,Single Tent,
Cape Chignecto,NB ,2,Full,BackcountryPermit,Single Tent,
Laurie,NS ,4,Full,CampsitePermit,Less than 30ft,
The Islands,NS ,4,Full,CampsitePermit,Tents,
Laurie,NS ,1,Full,CampsitePermit,Single Tent,
Laurie,NS ,6,Full,CampsitePermit,Tents,
Rissers Beach,NS ,4,Full,CampsitePermit,Less than 20ft,
Dollar Lake,NS ,3,Full,CampsitePermit,Single Tent,
Rissers Beach,ON ,2,FULL,CampsitePermit,Less than 30ft,
The Islands,NS ,2,Full,CampsitePermit,Less than 20ft,
Rissers Beach,NS ,2,Full,CampsitePermit,Less than 30ft,
Five Islands,NS ,2,Full,CampsitePermit,Single Tent,
Graves Island,NS ,2,Full,CampsitePermit,Single Tent,
Caribou Munroes,ON ,2,Full,CampsitePermit,Single Tent,
Dollar Lake,NS ,6,Full,CampsitePermit,Single Tent,
Caribou Munroes,NS ,2,Full,CampsitePermit,Less than 20ft,
Smileys,NS ,5,Full,CampsitePermit,Tents,
Battery,ON ,4,Full,CampsitePermit,Single Tent,
Graves Island,NS ,1,Full,CampsitePermit,Single Tent,
Thomas Raddall,NS ,2,Full,CampsitePermit,Less than 30ft,
Graves Island,NS ,2,Full,CampsitePermit,Single Tent,
Five Islands,ON ,2,Full,CampsitePermit,Single Tent,
Smileys,NS ,2,Full,CampsitePermit,Less than 30ft,
Mira River,QC ,2,Full,CampsitePermit,Less than 20ft,
Whycocomagh,NS ,5,Full,CampsitePermit,Less than 30ft,
Five Islands,NS ,2,Full,CampsitePermit,Single Tent,
Caribou Munroes,ON ,3,Full,CampsitePermit,Single Tent,
Blomidon,NS ,2,Full,CampsitePermit,Single Tent,
Rissers Beach,NS ,2,Full,CampsitePermit,Less than 30ft,
Amherst Shore,AB ,2,Full,CampsitePermit,Single Tent,
Laurie,NS ,2,Full,CampsitePermit,Single Tent,
Smileys,NS ,2,Full,CampsitePermit,Less than 30ft,
Ellenwood Lake,NS ,3,Full,CampsitePermit,Less than 30ft,
Rissers Beach,NS ,2,Full,CampsitePermit,Less than 30ft,
Porters Lake,ON ,4,Full,CampsitePermit,Less than 20ft,
Amherst Shore,NS ,3,Full,CampsitePermit,Single Tent,
Caribou Munroes,NS ,2,Senior,CampsitePermit,Less than 30ft,
Dollar Lake,NS ,4,Full,CampsitePermit,Single Tent,
Thomas Raddall,QC ,5,Full,CampsitePermit,Single Tent,
Caribou Munroes,NS ,2,Full,CampsitePermit,Less than 30ft,
Cape Chignecto,NS ,2,Full,BackcountryPermit,Single Tent,
Whycocomagh,ON ,4,Full,CampsitePermit,Less than 20ft,
Laurie,NS ,2,Full,CampsitePermit,Single Tent,
Porters Lake,NS ,5,Full,CampsitePermit,Tents,
Thomas Raddall,NS ,3,Full,CampsitePermit,Single Tent,
Laurie,NS ,5,Full,CampsitePermit,Single Tent,
Ellenwood Lake,NS ,2,Full,CampsitePermit,Single Tent,
Graves Island,NS ,2,Full,CampsitePermit,Single Tent,
Blomidon,NS ,2,Host,CampsitePermit,Single Tent,
Caribou Munroes,NS ,2,Full,CampsitePermit,Less than 40ft,
Dollar Lake,NS ,2,Full,CampsitePermit,Single Tent,
Rissers Beach,NS ,2,Senior,CampsitePermit,Single Tent,
Porters Lake,ON ,1,Full,CampsitePermit,Single Tent,
Smileys,NS ,3,Full,CampsitePermit,Single Tent,
Smileys,NS ,2,Senior,CampsitePermit,Less than 20ft,
Laurie,NS ,2,Full,CampsitePermit,Less than 30ft,
Graves Island,NS ,2,Senior,CampsitePermit,Single Tent,
Battery,QC ,5,Full,CampsitePermit,Single Tent,
Blomidon,NS ,2,Full,CampsitePermit,Less than 20ft,
Blomidon,NS ,4,Full,CampsitePermit,Less than 30ft,
Mira River,NS ,3,Full,CampsitePermit,Single Tent,
Five Islands,NB ,2,Full,CampsitePermit,Single Tent,
Mira River,NS ,2,Full,CampsitePermit,Less than 30ft,
Blomidon,NB ,1,Full,CampsitePermit,Single Tent,
Smileys,NS ,2,Senior,CampsitePermit,Less than 30ft,
Mira River,QC ,2,Full,CampsitePermit,Single Tent,
Blomidon,NS ,5,Full,CampsitePermit,Greater than 40ft,
Caribou Munroes,NS ,2,Full,CampsitePermit,Single Tent,
Blomidon,NS ,2,Full,CampsitePermit,Less than 30ft,
Dollar Lake,NS ,2,Senior,CampsitePermit,Single Tent,
Mira River,NS ,4,Full,CampsitePermit,Less than 20ft,
Rissers Beach,NS ,2,Full,CampsitePermit,Single Tent,
Whycocomagh,BC ,2,Senior,CampsitePermit,Less than 30ft,
Whycocomagh,QC ,5,Full,CampsitePermit,Tents,
Cape Chignecto,NS ,2,Full,BackcountryPermit,Single Tent,
Graves Island,QC ,2,Full,CampsitePermit,Less than 30ft,
Mira River,NS ,2,Full,CampsitePermit,Less than 20ft,
Porters Lake,QC ,2,Full,CampsitePermit,Less than 30ft,
Caribou Munroes,NS ,2,Full,CampsitePermit,Less than 20ft,
Caribou Munroes,NS ,5,Full,CampsitePermit,Tents,
Dollar Lake,NS ,6,Full,CampsitePermit,Less than 20ft,
Blomidon,NS ,1,Full,CampsitePermit,Single Tent,
Graves Island,NS ,2,Full,CampsitePermit,Less than 20ft,
Rissers Beach,NS ,2,Full,CampsitePermit,Single Tent,
Laurie,NS ,3,Full,CampsitePermit,Less than 20ft,
Rissers Beach,NS ,4,Veteran,CampsitePermit,Less than 20ft,
Ellenwood Lake,NS ,7,Full,CampsitePermit,Single Tent,
Smileys,NS ,5,Full,CampsitePermit,Less than 40ft,
Porters Lake,NS ,2,Full,CampsitePermit,Single Tent,
Graves Island,NS ,2,Full,CampsitePermit,Less than 20ft,
The Islands,ON ,2,Full,CampsitePermit,Single Tent,
Amherst Shore,NS ,4,Full,CampsitePermit,Single Tent,
Cape Chignecto,NS ,2,Veteran,BackcountryPermit,Single Tent,
Amherst Shore,QC ,2,Full,CampsitePermit,Less than 20ft,
Five Islands,NS ,3,Full,CampsitePermit,Single Tent,
Graves Island,NS ,3,Full,CampsitePermit,Less than 20ft,
Graves Island,NS ,2,Full,CampsitePermit,Single Tent,
Thomas Raddall,NS ,1,Senior,CampsitePermit,Single Tent,
Thomas Raddall,QC ,3,Full,CampsitePermit,Single Tent,
Mira River,QC ,2,Full,CampsitePermit,Single Tent,
Salsman,NS ,2,Senior,CampsitePermit,Less than 30ft,
Laurie,NS ,2,Full,CampsitePermit,Less than 40ft,
Laurie,NS ,3,Full,CampsitePermit,Less than 30ft,
Five Islands,NS ,2,Full,CampsitePermit,Less than 20ft,
Mira River,NS ,2,Full,CampsitePermit,Less than 20ft,
The Islands,ON ,2,Full,CampsitePermit,Single Tent,
Blomidon,BC ,1,Full,CampsitePermit,Single Tent,
Graves Island,NS ,6,Full,CampsitePermit,Less than 30ft,
Salsman,NS ,2,Full,CampsitePermit,Single Tent,
Dollar Lake,NS ,2,Full,CampsitePermit,Single Tent,
Dollar Lake,NS ,6,Full,CampsitePermit,Tents,
Graves Island,NS ,2,Full,CampsitePermit,Single Tent,
Rissers Beach,NS ,2,Full,CampsitePermit,Single Tent,
Porters Lake,QC ,2,Full,CampsitePermit,Single Tent,
Smileys,NS ,2,Full,CampsitePermit,Less than 20ft,
Rissers Beach,NS ,2,Full,CampsitePermit,Less than 40ft,
Smileys,NS ,3,Full,CampsitePermit,Less than 40ft,
Caribou Munroes,NS ,4,Full,CampsitePermit,Single Tent,
Cape Chignecto,NB ,2,Full,BackcountryPermit,Single Tent,
Dollar Lake,NS ,2,Full,CampsitePermit,Single Tent,
Porters Lake,NB ,2,Full,CampsitePermit,Single Tent,
Cape Chignecto,NS ,4,Full,BackcountryPermit,Single Tent,
Whycocomagh,ON ,2,Full,YurtPermit,Tents,
Graves Island,NS ,3,Full,CampsitePermit,Less than 20ft,
Graves Island,NS ,1,Senior,CampsitePermit,Single Tent,
Thomas Raddall,NS ,4,Full,CampsitePermit,Tents,
The Islands,NS ,1,Senior,CampsitePermit,Single Tent,
Rissers Beach,NS ,5,Full,CampsitePermit,Single Tent,
Caribou Munroes,QC ,2,Full,CampsitePermit,Single Tent,
Blomidon,AB ,3,Full,CampsitePermit,Single Tent,
Blomidon,NB ,2,Full,CampsitePermit,Single Tent,
Five Islands,ON ,2,Full,CampsitePermit,Less than 30ft,
Graves Island,NS ,2,Full,CampsitePermit,Less than 20ft,
Smileys,NS ,2,Full,CampsitePermit,Less than 30ft,
Rissers Beach,PE ,5,Full,CampsitePermit,Single Tent,
Thomas Raddall,NS ,4,Full,CampsitePermit,Tents,
Laurie,NS ,6,Full,CampsitePermit,Tents,
Five Islands,NS ,4,Full,CampsitePermit,Tents,
Laurie,BC ,4,Full,CampsitePermit,Tents,
Caribou Munroes,NS ,6,Full,CampsitePermit,Less than 20ft,
Laurie,ON ,2,Full,CampsitePermit,Single Tent,
The Islands,NS ,2,Full,CampsitePermit,Less than 20ft,
Battery,ON ,4,Full,CampsitePermit,Single Tent,
Battery,NS ,2,Full,CampsitePermit,Single Tent,
Thomas Raddall,NS ,5,Full,CampsitePermit,Tents,
Valleyview,NS ,3,Full,CampsitePermit,Less than 30ft,
Smileys,NS ,4,Full,CampsitePermit,Less than 30ft,
Graves Island,NS ,3,Full,CampsitePermit,Single Tent,
Amherst Shore,NS ,1,Full,CampsitePermit,Tents,
Laurie,NS ,6,Full,CampsitePermit,Less than 20ft,
Ellenwood Lake,NS ,6,Full,CampsitePermit,Tents,
Rissers Beach,NS ,2,Full,CampsitePermit,Single Tent,
Battery,AB ,2,Senior,CampsitePermit,Less than 20ft,
Blomidon,AB ,5,Full,CampsitePermit,Less than 40ft,
Ellenwood Lake,NS ,2,Full,CampsitePermit,Single Tent,
Rissers Beach,NS ,2,Full,CampsitePermit,Less than 30ft,
Mira River,AB ,2,Senior,CampsitePermit,Greater than 40ft,
Laurie,NS ,3,Full,CampsitePermit,Single Tent,
Graves Island,NS ,4,Full,CampsitePermit,Less than 30ft,
Caribou Munroes,NS ,2,Full,CampsitePermit,Single Tent,
Caribou Munroes,NS ,1,Senior,CampsitePermit,Single Tent,
Thomas Raddall,ON ,4,Full,CampsitePermit,Tents,
Caribou Munroes,NS ,2,Full,CampsitePermit,Less than 30ft,
Amherst Shore,QC ,2,Full,CampsitePermit,Single Tent,
Rissers Beach,NB ,2,Full,CampsitePermit,Single Tent,
Graves Island,NS ,2,Full,CampsitePermit,Less than 30ft,
Rissers Beach,NS ,2,Full,CampsitePermit,Single Tent,
Laurie,NS ,5,Senior,CampsitePermit,Single Tent,
Porters Lake,NS ,3,Full,CampsitePermit,Single Tent,
Graves Island,ON ,1,Full,CampsitePermit,Single Tent,
Five Islands,NS ,2,Senior,CampsitePermit,Single Tent,
Cape Chignecto,NS ,1,Full,BackcountryPermit,Single Tent,
Caribou Munroes,ON ,3,Full,CampsitePermit,Single Tent,
Laurie,NS ,4,Full,CampsitePermit,Less than 20ft,
Caribou Munroes,NS ,2,Full,CampsitePermit,Less than 20ft,
Mira River,NS ,4,Full,CampsitePermit,Single Tent,
Ellenwood Lake,NS ,2,Full,CampsitePermit,Tents,
Amherst Shore,NS ,3,Senior,CampsitePermit,Less than 30ft,
Graves Island,NS ,4,Full,CampsitePermit,Less than 20ft,
Caribou Munroes,NS ,2,Senior,CampsitePermit,Less than 20ft,
Battery,NL ,3,Full,CampsitePermit,Tents,
Battery,NS ,3,Full,CampsitePermit,Single Tent,
Battery,ON ,2,Full,CampsitePermit,Single Tent,
Ellenwood Lake,NS ,2,Full,CampsitePermit,Less than 30ft,
Caribou Munroes,NS ,4,Full,CampsitePermit,Less than 20ft,
Graves Island,NS ,4,Full,CampsitePermit,Tents,
Laurie,QC ,2,Full,CampsitePermit,Single Tent,
Dollar Lake,NS ,2,Full,CampsitePermit,Single Tent,
The Islands,NS ,4,Full,CampsitePermit,Tents,
Blomidon,ON ,2,Full,CampsitePermit,Single Tent,
Five Islands,QC ,2,Full,CampsitePermit,Single Tent,
Amherst Shore,QC ,2,Full,CampsitePermit,Single Tent,
Whycocomagh,NS ,2,Full,CampsitePermit,Less than 30ft,
Graves Island,QC ,2,Full,CampsitePermit,Single Tent,
Dollar Lake,NS ,2,Full,CampsitePermit,Single Tent,
Rissers Beach,NS ,3,Full,CampsitePermit,Less than 20ft,
Laurie,NS ,6,Full,CampsitePermit,Tents,
Blomidon,NS ,2,Full,CampsitePermit,Less than 20ft,
Amherst Shore,NB ,2,Full,CampsitePermit,Less than 20ft,
Graves Island,NS ,4,Senior,CampsitePermit,Tents,
Dollar Lake,NS ,3,Full,CampsitePermit,Tents,
Cape Chignecto,NS ,3,Full,BackcountryPermit,Single Tent,
Dollar Lake,NS ,4,Full,CampsitePermit,Tents,
Dollar Lake,NS ,2,Full,CampsitePermit,Single Tent,
Porters Lake,NS ,5,Full,CampsitePermit,Single Tent,
Battery,NS ,3,Full,CampsitePermit,Single Tent,
Amherst Shore,ON ,2,Senior,CampsitePermit,Less than 20ft,
Caribou Munroes,NS ,5,Full,CampsitePermit,Single Tent,
Graves Island,NS ,2,Senior,CampsitePermit,Less than 40ft,
Thomas Raddall,QC ,2,Full,CampsitePermit,Less than 20ft,
Thomas Raddall,NS ,5,Full,CampsitePermit,Less than 20ft,
Laurie,QC ,2,Senior,CampsitePermit,Single Tent,
Amherst Shore,NS ,6,Full,CampsitePermit,Tents,
Valleyview,QC ,3,Senior,CampsitePermit,Single Tent,
Cape Chignecto,NS ,2,Full,BackcountryPermit,Single Tent,
Graves Island,NS ,2,Full,CampsitePermit,Single Tent,
Caribou Munroes,NS ,2,Full,CampsitePermit,Less than 20ft,
Battery,NS ,1,Senior,CampsitePermit,Single Tent,
Smileys,AB ,2,Full,CampsitePermit,Less than 30ft,
Ellenwood Lake,NS ,2,Full,CampsitePermit,Single Tent,
Porters Lake,BC ,2,Full,CampsitePermit,Single Tent,
Ellenwood Lake,NS ,4,Full,CampsitePermit,Less than 20ft,
Mira River,QC ,2,Full,CampsitePermit,Single Tent,
Caribou Munroes,QC ,2,Full,CampsitePermit,Less than 30ft,
Porters Lake,NS ,3,Full,CampsitePermit,Tents,
Thomas Raddall,NS ,3,Senior,CampsitePermit,Less than 30ft,
Caribou Munroes,NS ,6,Full,CampsitePermit,Less than 30ft,
Laurie,NS ,4,Full,CampsitePermit,Single Tent,
Laurie,NS ,5,Full,CampsitePermit,Tents,
Porters Lake,QC ,2,Full,CampsitePermit,Single Tent,
Mira River,NS ,2,Veteran,CampsitePermit,Single Tent,
Five Islands,ON ,2,Senior,CampsitePermit,Less than 20ft,
Rissers Beach,NS ,6,Full,CampsitePermit,Tents,
Battery,MB ,5,Full,CampsitePermit,Less than 40ft,
Rissers Beach,NS ,3,Full,CampsitePermit,Less than 40ft,
Caribou Munroes,NS ,6,Full,CampsitePermit,Tents,
Smileys,NS ,4,Full,CampsitePermit,Single Tent,
Graves Island,NS ,3,Full,CampsitePermit,Less than 30ft,
Graves Island,NS ,2,Full,CampsitePermit,Less than 30ft,
Smileys,NS ,5,Full,CampsitePermit,Tents,
Smileys,NS ,2,Full,CampsitePermit,Less than 30ft,
Graves Island,NS ,2,Senior,CampsitePermit,Less than 40ft,
Rissers Beach,NS ,2,Full,CampsitePermit,Tents,
Rissers Beach,NS ,4,Full,CampsitePermit,Less than 20ft,
Mira River,NS ,2,Full,CampsitePermit,Less than 30ft,
Graves Island,NS ,3,Full,CampsitePermit,Single Tent,
Ellenwood Lake,NS ,1,Senior,CampsitePermit,Single Tent,
Rissers Beach,MB ,2,Full,CampsitePermit,Single Tent,
Caribou Munroes,NS ,2,Full,CampsitePermit,Less than 30ft,
Mira River,ON ,3,Full,CampsitePermit,Single Tent,
Amherst Shore,NS ,4,Full,CampsitePermit,Less than 30ft,
Porters Lake,QC ,5,Full,CampsitePermit,Less than 30ft,
Caribou Munroes,ON ,4,Senior,CampsitePermit,Less than 30ft,
Five Islands,NS ,4,Full,CampsitePermit,Less than 20ft,
Rissers Beach,NS ,2,Full,CampsitePermit,Less than 30ft,
Blomidon,QC ,2,Senior,CampsitePermit,Single Tent,
Amherst Shore,NL ,2,Full,CampsitePermit,Less than 30ft,
Dollar Lake,NS ,6,Full,CampsitePermit,Tents,
Graves Island,ON ,1,Full,CampsitePermit,Single Tent,
Mira River,NS ,3,Full,CampsitePermit,Less than 20ft,
Rissers Beach,NS ,5,Full,CampsitePermit,Less than 30ft,
Graves Island,NS ,2,Senior,CampsitePermit,Greater than 40ft,
Porters Lake,AB ,3,Full,CampsitePermit,Less than 40ft,
Graves Island,NS ,2,Senior,CampsitePermit,Less than 40ft,
Mira River,ON ,2,Senior,CampsitePermit,Single Tent,
Caribou Munroes,NS ,2,Full,CampsitePermit,Less than 20ft,
Smileys,NS ,4,Full,CampsitePermit,Single Tent,
Dollar Lake,NS ,4,Full,CampsitePermit,Single Tent,
Whycocomagh,NS ,2,Senior,CampsitePermit,Single Tent,
Dollar Lake,NS ,4,Full,CampsitePermit,Single Tent,
Graves Island,NS ,2,Full,CampsitePermit,Less than 30ft,
Graves Island,NS ,2,Full,CampsitePermit,Less than 20ft,
Dollar Lake,NS ,4,Full,CampsitePermit,Tents,
Thomas Raddall,NS ,3,Full,CampsitePermit,Less than 20ft,
Mira River,NS ,5,Full,CampsitePermit,Single Tent,
Laurie,NS ,2,Full,CampsitePermit,Single Tent,
Cape Chignecto,NS ,2,Full,BackcountryPermit,Single Tent,
Rissers Beach,NS ,5,Veteran,CampsitePermit,Single Tent,
Blomidon,NS ,2,Full,CampsitePermit,Less than 20ft,
Ellenwood Lake,NS ,3,Full,CampsitePermit,Single Tent,
Dollar Lake,NS ,5,Full,CampsitePermit,Less than 20ft,
Rissers Beach,NS ,3,Full,CampsitePermit,Single Tent,
Porters Lake,AB ,2,Full,CampsitePermit,Less than 30ft,
Mira River,NS ,4,Full,CampsitePermit,Less than 20ft,
Amherst Shore,ON ,2,Full,CampsitePermit,Single Tent,
Battery,NS ,2,Full,CampsitePermit,Single Tent,
Ellenwood Lake,NS ,6,Full,CampsitePermit,Single Tent,
Rissers Beach,NS ,2,Full,CampsitePermit,Less than 20ft,
Blomidon,ON ,2,Full,CampsitePermit,Single Tent,
Thomas Raddall,QC ,1,Full,CampsitePermit,Single Tent,
The Islands,NS ,1,Senior,CampsitePermit,Less than 40ft,
Dollar Lake,NS ,2,Veteran,CampsitePermit,Less than 20ft,
Rissers Beach,NS ,3,Full,CampsitePermit,Less than 20ft,
Caribou Munroes,NS ,7,Full,CampsitePermit,Tents,
Graves Island,NS ,2,Full,CampsitePermit,Less than 20ft,
Mira River,NS ,2,Veteran,CampsitePermit,Less than 30ft,
Cape Chignecto,NB ,1,Full,BackcountryPermit,Single Tent,
Dollar Lake,ON ,2,Full,CampsitePermit,Single Tent,
Amherst Shore,ON ,2,Full,CampsitePermit,Single Tent,
Dollar Lake,NS ,2,Full,CampsitePermit,Single Tent,
Valleyview,NS ,2,Full,CampsitePermit,Single Tent,
Rissers Beach,NS ,3,Full,CampsitePermit,Single Tent,
Graves Island,NS ,1,Senior,CampsitePermit,Single Tent,
Rissers Beach,NS ,4,Full,CampsitePermit,Single Tent,
Caribou Munroes,NS ,3,Full,CampsitePermit,Less than 30ft,
Porters Lake,ON ,2,Full,CampsitePermit,Single Tent,
Dollar Lake,NS ,2,Full,CampsitePermit,Less than 20ft,
Five Islands,NS ,5,Full,CampsitePermit,Tents,
Battery,NS ,2,Senior,CampsitePermit,Less than 20ft,
Dollar Lake,NS ,4,Senior,CampsitePermit,Less than 20ft,
The Islands,BC ,2,Full,CampsitePermit,Less than 20ft,
Graves Island,NS ,2,Full,CampsitePermit,Less than 20ft,
Thomas Raddall,NS ,5,Full,CampsitePermit,Tents,
Caribou Munroes,NS ,4,Full,CampsitePermit,Less than 30ft,
Rissers Beach,ON ,2,Senior,CampsitePermit,Less than 20ft,
Thomas Raddall,NS ,5,Full,CampsitePermit,Single Tent,
Cape Chignecto,NS ,3,Full,BackcountryPermit,Single Tent,
Caribou Munroes,QC ,2,Full,CampsitePermit,Single Tent,
Graves Island,NB ,1,Full,CampsitePermit,Single Tent,
Amherst Shore,ON ,2,Senior,CampsitePermit,Less than 30ft,
Blomidon,NS ,2,Full,CampsitePermit,Single Tent,
Rissers Beach,NS ,3,Senior,CampsitePermit,Less than 40ft,
Mira River,NS ,4,Full,CampsitePermit,Less than 30ft,
Smileys,NS ,2,Full,CampsitePermit,Less than 30ft,
Rissers Beach,NS ,4,Full,CampsitePermit,Less than 30ft,
Graves Island,NS ,3,Full,CampsitePermit,Tents,
Laurie,AB ,1,Full,CampsitePermit,Single Tent,
Dollar Lake,NS ,3,Full,CampsitePermit,Single Tent,
Ellenwood Lake,NS ,6,Full,CampsitePermit,Single Tent,
Graves Island,NS ,2,Senior,CampsitePermit,Less than 20ft,
Mira River,NS ,6,Full,CampsitePermit,Tents,
Caribou Munroes,NS ,3,Full,CampsitePermit,Less than 20ft,
Dollar Lake,NS ,6,Full,CampsitePermit,Tents,
Dollar Lake,NS ,3,Full,CampsitePermit,Single Tent,
Whycocomagh,ON ,4,Full,CampsitePermit,Less than 20ft,
Caribou Munroes,NB ,2,Full,CampsitePermit,Single Tent,
Smileys,NS ,2,Full,CampsitePermit,Single Tent,
Graves Island,NS ,2,Senior,CampsitePermit,Less than 40ft,
The Islands,NS ,4,Full,CampsitePermit,Tents,
Dollar Lake,NS ,2,Full,CampsitePermit,Less than 20ft,
Laurie,NS ,2,Full,CampsitePermit,Less than 20ft,
Porters Lake,NS ,4,Full,CampsitePermit,Tents,
Graves Island,NS ,2,Senior,CampsitePermit,Less than 30ft,
Five Islands,AB ,2,Full,CampsitePermit,Single Tent,
Blomidon,NS ,4,Full,CampsitePermit,Tents,
Porters Lake,NS ,4,Full,CampsitePermit,Less than 20ft,
Laurie,NS ,2,Full,CampsitePermit,Single Tent,
Whycocomagh,QC ,2,Full,CampsitePermit,Less than 20ft,
Rissers Beach,NS ,4,Full,CampsitePermit,Tents,
Battery,NS ,2,Full,CampsitePermit,Less than 20ft,
Porters Lake,NS ,4,Full,CampsitePermit,Less than 20ft,
Dollar Lake,NS ,4,Full,CampsitePermit,Single Tent,
Valleyview,NS ,4,Full,CampsitePermit,Less than 40ft,
Porters Lake,NS ,4,Full,CampsitePermit,Less than 30ft,
Smileys,NS ,4,Full,CampsitePermit,Less than 30ft,
Rissers Beach,NB ,1,Full,CampsitePermit,Single Tent,
Salsman,ON ,1,Full,CampsitePermit,Single Tent,
Graves Island,QC ,1,Full,CampsitePermit,Single Tent,
Blomidon,NS ,2,Full,CampsitePermit,Single Tent,
Rissers Beach,NS ,3,Full,CampsitePermit,Less than 30ft,
Battery,NS ,4,Full,CampsitePermit,Less than 20ft,
Mira River,NS ,2,Full,CampsitePermit,Single Tent,
Porters Lake,NS ,2,Full,CampsitePermit,Less than 30ft,
Five Islands,NS ,5,Full,CampsitePermit,Less than 30ft,
Blomidon,ON ,3,Full,CampsitePermit,Tents,
Amherst Shore,NB ,2,Full,CampsitePermit,Single Tent,
Rissers Beach,NS ,2,Full,CampsitePermit,Less than 20ft,
Rissers Beach,NS ,2,Full,CampsitePermit,Less than 20ft,
Rissers Beach,NS ,4,Full,CampsitePermit,Less than 30ft,
Ellenwood Lake,QC ,2,Full,CampsitePermit,Single Tent,
Thomas Raddall,NS ,1,Full,CampsitePermit,Less than 20ft,
Mira River,NS ,4,Full,CampsitePermit,Less than 30ft,
Thomas Raddall,QC ,4,Full,CampsitePermit,Less than 30ft,
Rissers Beach,NS ,5,Full,CampsitePermit,Tents,
Porters Lake,QC ,1,Full,CampsitePermit,Single Tent,
Whycocomagh,NL ,1,Full,CampsitePermit,Single Tent,
Dollar Lake,NS ,2,Full,CampsitePermit,Single Tent,
Graves Island,ON ,1,Full,CampsitePermit,Single Tent,
Five Islands,NS ,4,Full,CampsitePermit,Single Tent,
Whycocomagh,BC ,2,Senior,CampsitePermit,Less than 40ft,
Caribou Munroes,NS ,2,Senior,CampsitePermit,Less than 40ft,
Cape Chignecto,MB ,1,Full,BackcountryPermit,Single Tent,
Cape Chignecto,NB ,1,Full,BackcountryPermit,Single Tent,
Whycocomagh,QC ,2,Full,CampsitePermit,Less than 20ft,
Graves Island,NS ,2,Full,CampsitePermit,Less than 30ft,
Caribou Munroes,NS ,4,Full,CampsitePermit,Single Tent,
Caribou Munroes,QC ,2,Full,CampsitePermit,Single Tent,
Thomas Raddall,ON ,2,Full,CampsitePermit,Single Tent,
The Islands,NS ,4,Full,CampsitePermit,Tents,
Mira River,NS ,2,Full,CampsitePermit,Single Tent,
Graves Island,NS ,5,Full,CampsitePermit,Less than 20ft,
Dollar Lake,NS ,4,Full,CampsitePermit,Single Tent,
Graves Island,NS ,5,Full,CampsitePermit,Single Tent,
Porters Lake,ON ,6,Full,CampsitePermit,Less than 20ft,
Laurie,ON ,4,Full,CampsitePermit,Single Tent,
Graves Island,NS ,3,Full,CampsitePermit,Less than 20ft,
Ellenwood Lake,NS ,4,Full,CampsitePermit,Single Tent,
Rissers Beach,NS ,2,Full,CampsitePermit,Single Tent,
Mira River,NS ,4,Full,CampsitePermit,Less than 40ft,
Rissers Beach,NS ,4,Full,CampsitePermit,Tents,
Graves Island,NS ,2,Full,CampsitePermit,Single Tent,
Mira River,NS ,2,Full,CampsitePermit,Less than 20ft,
Laurie,ON ,2,Full,CampsitePermit,Single Tent,
Blomidon,NS ,4,Full,CampsitePermit,Tents,
Caribou Munroes,QC ,3,Full,CampsitePermit,Less than 30ft,
Mira River,NS ,6,Veteran,CampsitePermit,Less than 20ft,
Mira River,NB ,1,Full,CampsitePermit,Single Tent,
Dollar Lake,NS ,2,Full,CampsitePermit,Less than 20ft,
Thomas Raddall,NS ,2,Full,CampsitePermit,Single Tent,
Valleyview,NS ,2,Full,CampsitePermit,Single Tent,
Ellenwood Lake,NS ,3,Full,CampsitePermit,Single Tent,
Dollar Lake,NS ,2,Full,CampsitePermit,Single Tent,
Ellenwood Lake,NS ,6,Full,CampsitePermit,Less than 30ft,
Dollar Lake,NS ,5,Full,CampsitePermit,Tents,
Blomidon,NB ,1,Full,CampsitePermit,Single Tent,
Blomidon,NS ,4,Full,CampsitePermit,Single Tent,
Thomas Raddall,NS ,4,Full,CampsitePermit,Less than 20ft,
Amherst Shore,ON ,5,Full,CampsitePermit,Single Tent,
Valleyview,NS ,5,Full,CampsitePermit,Tents,
Rissers Beach,ON ,2,Full,CampsitePermit,Less than 30ft,
Caribou Munroes,NS ,4,Full,CampsitePermit,Single Tent,
Blomidon,NS ,1,Full,CampsitePermit,Single Tent,
Five Islands,NS ,2,Full,CampsitePermit,Single Tent,
Thomas Raddall,NS ,4,Full,CampsitePermit,Less than 30ft,
Dollar Lake,NS ,4,Full,CampsitePermit,Single Tent,
The Islands,NB ,3,Full,CampsitePermit,Single Tent,
Porters Lake,NS ,4,Full,CampsitePermit,Tents,
Thomas Raddall,NS ,2,Full,CampsitePermit,Single Tent,
Graves Island,QC ,2,Full,CampsitePermit,Less than 20ft,
Laurie,NS ,2,Full,CampsitePermit,Single Tent,
Ellenwood Lake,QC ,3,Full,CampsitePermit,Single Tent,
The Islands,NS ,2,Full,CampsitePermit,Single Tent,
Laurie,NS ,2,Full,CampsitePermit,Single Tent,
Blomidon,NS ,2,Full,CampsitePermit,Tents,
Rissers Beach,ON ,2,Full,CampsitePermit,Less than 30ft,
Dollar Lake,NS ,4,Full,CampsitePermit,Tents,
The Islands,BC ,2,Full,CampsitePermit,Single Tent,
Mira River,QC ,2,Full,CampsitePermit,Less than 20ft,
Battery,NS ,4,Full,CampsitePermit,Single Tent,
Five Islands,NS ,2,Full,CampsitePermit,Single Tent,
Rissers Beach,NS ,4,Full,CampsitePermit,Less than 30ft,
Laurie,NS ,3,Full,CampsitePermit,Single Tent,
Five Islands,NS ,2,Senior,CampsitePermit,Less than 20ft,
Rissers Beach,NS ,2,Full,CampsitePermit,Less than 20ft,
Dollar Lake,NS ,2,Full,CampsitePermit,Single Tent,
Thomas Raddall,NS ,4,Full,CampsitePermit,Less than 20ft,
Amherst Shore,NS ,2,Full,CampsitePermit,Single Tent,
Porters Lake,NS ,3,Full,CampsitePermit,Single Tent,
Ellenwood Lake,NS ,2,Full,CampsitePermit,Single Tent,
Whycocomagh,NS ,2,Full,CampsitePermit,Single Tent,
Graves Island,ON ,2,Full,CampsitePermit,Single Tent,
Dollar Lake,NS ,6,Full,CampsitePermit,Less than 30ft,
Five Islands,QC ,4,Full,CampsitePermit,Tents,
Thomas Raddall,NS ,6,Full,CampsitePermit,Less than 40ft,
Blomidon,QC ,2,Full,CampsitePermit,Single Tent,
Porters Lake,QC ,2,Full,CampsitePermit,Less than 30ft,
Five Islands,NS ,2,Senior,CampsitePermit,Less than 20ft,
Dollar Lake,NS ,6,Full,CampsitePermit,Single Tent,
Ellenwood Lake,NS ,5,Full,CampsitePermit,Single Tent,
Amherst Shore,NS ,2,Host,CampsitePermit,Less than 40ft,
The Islands,NS ,2,Senior,CampsitePermit,Less than 20ft,
Graves Island,ON ,4,Full,CampsitePermit,Less than 30ft,
Blomidon,NS ,4,Full,CampsitePermit,Less than 40ft,
Smileys,NS ,2,Full,CampsitePermit,Less than 30ft,
Porters Lake,NS ,2,Full,CampsitePermit,Single Tent,
Smileys,NS ,6,Full,CampsitePermit,Less than 20ft,
Five Islands,NS ,2,Full,CampsitePermit,Single Tent,
Amherst Shore,QC ,5,Full,CampsitePermit,Less than 20ft,
Caribou Munroes,AB ,1,Full,CampsitePermit,Single Tent,
Porters Lake,NS ,6,Full,CampsitePermit,Tents,
The Islands,NS ,6,Full,CampsitePermit,Tents,
The Islands,NS ,4,Full,CampsitePermit,Less than 30ft,
Caribou Munroes,NS ,2,Full,CampsitePermit,Less than 30ft,
Mira River,ON ,6,Full,CampsitePermit,Tents,
Rissers Beach,NS ,5,Full,CampsitePermit,Single Tent,
Rissers Beach,NS ,2,Senior,CampsitePermit,Less than 20ft,
Whycocomagh,NS ,4,Full,CampsitePermit,Less than 30ft,
Cape Chignecto,NS ,2,Full,BackcountryPermit,Single Tent,
Porters Lake,NS ,2,Full,CampsitePermit,Single Tent,
Porters Lake,QC ,2,Senior,CampsitePermit,Less than 30ft,
Laurie,NS ,2,Full,CampsitePermit,Single Tent,
Salsman,NS ,2,Senior,CampsitePermit,Less than 40ft,
Rissers Beach,NS ,5,Full,CampsitePermit,Tents,
Graves Island,NS ,2,Full,CampsitePermit,Single Tent,
Boylston,NS ,2,Full,CampsitePermit,Single Tent,
Whycocomagh,AB ,2,Full,CampsitePermit,Less than 30ft,
Rissers Beach,NS ,3,Full,CampsitePermit,Single Tent,
Dollar Lake,NS ,5,Full,CampsitePermit,Tents,
Laurie,NS ,4,Full,CampsitePermit,Less than 30ft,
Mira River,ON ,2,Full,CampsitePermit,Less than 30ft,
Graves Island,NS ,2,Full,CampsitePermit,Single Tent,
Caribou Munroes,NS ,3,Full,CampsitePermit,Single Tent,
Battery,NS ,2,Senior,CampsitePermit,Single Tent,
Battery,ON ,2,Full,CampsitePermit,Single Tent,
Caribou Munroes,NS ,5,Full,CampsitePermit,Single Tent,
Mira River,NS ,5,Full,CampsitePermit,Single Tent,
Porters Lake,ON ,5,Full,CampsitePermit,Less than 20ft,
Dollar Lake,NS ,7,Full,CampsitePermit,Tents,
Amherst Shore,NS ,4,Full,CampsitePermit,Less than 30ft,
Graves Island,NS ,2,Full,CampsitePermit,Less than 20ft,
Amherst Shore,NS ,2,Full,CampsitePermit,Single Tent,
Mira River,ON ,2,Full,CampsitePermit,Single Tent,
Graves Island,NS ,3,Full,CampsitePermit,Less than 30ft,
Caribou Munroes,ON ,1,Full,CampsitePermit,Single Tent,
Salsman,QC ,2,Full,CampsitePermit,Less than 20ft,
Ellenwood Lake,NS ,4,Full,CampsitePermit,Single Tent,
Thomas Raddall,NS ,4,Full,CampsitePermit,Less than 30ft,
Graves Island,NS ,5,Full,CampsitePermit,Tents,
The Islands,NS ,3,Full,CampsitePermit,Less than 30ft,
Valleyview,QC ,2,Full,CampsitePermit,Single Tent,
Graves Island,NS ,3,Full,CampsitePermit,Less than 30ft,
Porters Lake,NS ,4,Full,CampsitePermit,Tents,
Graves Island,NS ,3,Full,CampsitePermit,Single Tent,
Five Islands,NS ,6,Full,CampsitePermit,Tents,
Mira River,QC ,2,Full,CampsitePermit,Single Tent,
Graves Island,ON ,2,Full,CampsitePermit,Less than 30ft,
Cape Chignecto,NS ,1,Full,BackcountryPermit,Single Tent,
Mira River,NS ,6,Full,CampsitePermit,Single Tent,
Mira River,NS ,4,Full,CampsitePermit,Single Tent,
Dollar Lake,PE ,5,Full,CampsitePermit,Single Tent,
Caribou Munroes,NB ,2,Senior,CampsitePermit,Less than 30ft,
Caribou Munroes,NS ,2,Full,CampsitePermit,Single Tent,
Laurie,NS ,2,Full,CampsitePermit,Less than 30ft,
Rissers Beach,NS ,4,Full,CampsitePermit,Less than 30ft,
Battery,AB ,4,Full,CampsitePermit,Less than 30ft,
Caribou Munroes,QC ,3,Senior,CampsitePermit,Single Tent,
Mira River,NS ,4,Full,CampsitePermit,Tents,
Mira River,NS ,2,Full,CampsitePermit,Less than 30ft,
Blomidon,NS ,4,Full,CampsitePermit,Single Tent,
Blomidon,QC ,1,Full,CampsitePermit,Single Tent,
Ellenwood Lake,NS ,2,Full,CampsitePermit,Less than 30ft,
Cape Chignecto,NS ,4,Full,BackcountryPermit,Cabin,
Mira River,NS ,2,Full,CampsitePermit,Less than 30ft,
Graves Island,ON ,4,Full,CampsitePermit,Less than 30ft,
Thomas Raddall,NS ,5,Full,CampsitePermit,Less than 30ft,
Porters Lake,ON ,4,Full,CampsitePermit,Tents,
The Islands,NB ,1,Full,CampsitePermit,Single Tent,
Battery,QC ,1,Full,CampsitePermit,Single Tent,
Rissers Beach,NS ,4,Full,CampsitePermit,Less than 20ft,
Amherst Shore,NS ,2,Full,CampsitePermit,Less than 20ft,
Battery,NS ,2,Full,CampsitePermit,Less than 30ft,
Mira River,NS ,2,Senior,CampsitePermit,Less than 20ft,
Boylston,NB ,2,Full,CampsitePermit,Single Tent,
Rissers Beach,NS ,2,Full,CampsitePermit,Less than 20ft,
Caribou Munroes,NS ,2,Full,CampsitePermit,Less than 20ft,
Porters Lake,NS ,4,Full,CampsitePermit,Single Tent,
Smileys,NS ,2,Senior,CampsitePermit,Less than 30ft,
Mira River,NS ,6,Full,CampsitePermit,Single Tent,
Mira River,NS ,2,Full,CampsitePermit,Tents,
Blomidon,NS ,2,Full,CampsitePermit,Single Tent,
Five Islands,NS ,1,Full,CampsitePermit,Less than 20ft,
Mira River,NS ,2,Full,CampsitePermit,Less than 30ft,
Mira River,QC ,2,Full,CampsitePermit,Single Tent,
Rissers Beach,NS ,3,Full,CampsitePermit,Tents,
Dollar Lake,NS ,2,Full,CampsitePermit,Single Tent,
Graves Island,NS ,2,Full,CampsitePermit,Tents,
Rissers Beach,NS ,2,Full,CampsitePermit,Less than 20ft,
Mira River,NS ,4,Full,CampsitePermit,Less than 30ft,
Smileys,NS ,2,Full,CampsitePermit,Single Tent,
Five Islands,NS ,2,Full,CampsitePermit,Single Tent,
Rissers Beach,NS ,3,Full,CampsitePermit,Less than 30ft,
Whycocomagh,ON ,2,Full,CampsitePermit,Less than 30ft,
Whycocomagh,NS ,2,Senior,CampsitePermit,Single Tent,
Dollar Lake,NS ,4,Full,CampsitePermit,Less than 30ft,
Dollar Lake,NS ,7,Full,CampsitePermit,Single Tent,
Smileys,NS ,4,Full,CampsitePermit,Less than 30ft,
Porters Lake,NS ,2,Full,CampsitePermit,Single Tent,
Smileys,SK ,2,Full,CampsitePermit,Less than 20ft,
Dollar Lake,NS ,4,Full,CampsitePermit,Less than 30ft,
Ellenwood Lake,NS ,6,Senior,CampsitePermit,Less than 30ft,
Porters Lake,QC ,2,Full,CampsitePermit,Single Tent,
Rissers Beach,NS ,2,Senior,CampsitePermit,Less than 30ft,
Porters Lake,ON ,4,Full,CampsitePermit,Tents,
Valleyview,NS ,2,Full,CampsitePermit,Less than 20ft,
Dollar Lake,NS ,4,Full,CampsitePermit,Less than 30ft,
Mira River,ON ,2,Full,CampsitePermit,Single Tent,
Mira River,NS ,4,Full,CampsitePermit,Single Tent,
Amherst Shore,NS ,2,Senior,CampsitePermit,Single Tent,
Whycocomagh,NS ,2,Full,CampsitePermit,Single Tent,
Amherst Shore,NS ,4,Full,CampsitePermit,Single Tent,
Porters Lake,QC ,2,Senior,CampsitePermit,Single Tent,
Caribou Munroes,ON ,2,Full,CampsitePermit,Less than 20ft,
Laurie,AB ,2,Full,CampsitePermit,Less than 20ft,
Amherst Shore,NS ,4,Full,CampsitePermit,Single Tent,
Blomidon,NS ,2,Full,CampsitePermit,Single Tent,
Salsman,NS ,3,Full,CampsitePermit,Less than 40ft,
Graves Island,NS ,1,Senior,CampsitePermit,Single Tent,
Thomas Raddall,QC ,2,Full,CampsitePermit,Single Tent,
Caribou Munroes,NS ,2,Full,CampsitePermit,Less than 20ft,
Dollar Lake,NS ,4,Full,CampsitePermit,Less than 20ft,
Thomas Raddall,NS ,2,Full,CampsitePermit,Single Tent,
Mira River,NS ,4,Full,CampsitePermit,Less than 40ft,
Amherst Shore,NB ,2,Full,CampsitePermit,Single Tent,
Smileys,NS ,4,Full,CampsitePermit,Less than 20ft,
Battery,ON ,5,Full,CampsitePermit,Less than 30ft,
Valleyview,NS ,2,Full,CampsitePermit,Less than 30ft,
Five Islands,NS ,4,Full,CampsitePermit,Single Tent,
Mira River,NS ,2,Full,CampsitePermit,Single Tent,
Battery,NS ,2,Full,CampsitePermit,Single Tent,
Mira River,NS ,4,Full,CampsitePermit,Less than 40ft,
Caribou Munroes,NS ,4,Full,CampsitePermit,Less than 30ft,
Porters Lake,NS ,2,Full,CampsitePermit,Less than 30ft,
Laurie,NS ,3,Full,CampsitePermit,Tents,
Battery,PE ,2,Senior,CampsitePermit,Single Tent,
Caribou Munroes,QC ,6,Full,CampsitePermit,Less than 30ft,
Dollar Lake,NS ,6,Full,CampsitePermit,Tents,
Mira River,NS ,2,Full,CampsitePermit,Single Tent,
Mira River,NS ,6,Full,CampsitePermit,Tents,
Caribou Munroes,NS ,2,Full,CampsitePermit,Single Tent,
Thomas Raddall,BC ,2,Full,CampsitePermit,Less than 20ft,
Ellenwood Lake,NS ,6,Full,CampsitePermit,Tents,
Smileys,NS ,2,Full,CampsitePermit,Single Tent,
Ellenwood Lake,ON ,2,Full,CampsitePermit,Single Tent,
Caribou Munroes,NS ,2,Full,CampsitePermit,Less than 20ft,
Graves Island,NS ,2,Senior,CampsitePermit,Less than 30ft,
Graves Island,BC ,2,Full,CampsitePermit,Less than 20ft,
Smileys,NS ,2,Full,CampsitePermit,Less than 20ft,
Porters Lake,NS ,2,Full,CampsitePermit,Single Tent,
Rissers Beach,NS ,2,Full,CampsitePermit,Less than 40ft,
Porters Lake,NS ,2,Full,CampsitePermit,Single Tent,
The Islands,NS ,2,Senior,CampsitePermit,Less than 20ft,
Laurie,NS ,6,Full,CampsitePermit,Single Tent,
The Islands,NS ,2,Full,CampsitePermit,Single Tent,
Battery,ON ,2,Full,CampsitePermit,Single Tent,
Dollar Lake,NS ,3,Full,CampsitePermit,Single Tent,
Laurie,NS ,2,Full,CampsitePermit,Less than 30ft,
Caribou Munroes,NS ,4,Full,CampsitePermit,Less than 20ft,
Blomidon,NS ,2,Full,CampsitePermit,Single Tent,
Mira River,NS ,2,Full,CampsitePermit,Single Tent,
Rissers Beach,NS ,2,Senior,CampsitePermit,Less than 30ft,
Smileys,NS ,6,Full,CampsitePermit,Tents,
Blomidon,NS ,2,Full,CampsitePermit,Single Tent,
Caribou Munroes,ON ,2,Full,CampsitePermit,Less than 30ft,
Amherst Shore,ON ,1,Full,CampsitePermit,Single Tent,
Five Islands,NS ,4,Full,CampsitePermit,Tents,
Amherst Shore,QC ,2,Full,CampsitePermit,Single Tent,
Battery,NS ,5,Full,CampsitePermit,Single Tent,
Five Islands,NS ,5,Full,CampsitePermit,Single Tent,
Smileys,QC ,2,Senior,CampsitePermit,Less than 20ft,
Thomas Raddall,QC ,2,Full,CampsitePermit,Single Tent,
Caribou Munroes,QC ,4,Senior,CampsitePermit,Less than 40ft,
Rissers Beach,NS ,2,Senior,CampsitePermit,Less than 30ft,
Graves Island,NS ,2,Full,CampsitePermit,Single Tent,
Porters Lake,NS ,2,Full,CampsitePermit,Single Tent,
Laurie,NS ,1,Senior,CampsitePermit,Single Tent,
Ellenwood Lake,NS ,4,Full,CampsitePermit,Single Tent,
Rissers Beach,NS ,2,Senior,CampsitePermit,Less than 20ft,
Blomidon,NS ,4,Full,CampsitePermit,Less than 20ft,
The Islands,NS ,2,Senior,CampsitePermit,Less than 30ft,
Mira River,NS ,4,Full,CampsitePermit,Tents,
Porters Lake,NS ,3,Full,CampsitePermit,Less than 20ft,
Mira River,NS ,2,Full,CampsitePermit,Single Tent,
Salsman,NS ,2,Full,CampsitePermit,Less than 20ft,
Rissers Beach,NS ,4,Full,CampsitePermit,Less than 30ft,
Whycocomagh,QC ,2,Senior,CampsitePermit,Less than 20ft,
Rissers Beach,NS ,4,Full,CampsitePermit,Less than 20ft,
Rissers Beach,NS ,1,Full,CampsitePermit,Single Tent,
Mira River,NS ,2,Full,CampsitePermit,Less than 30ft,
Mira River,NS ,3,Full,CampsitePermit,Less than 30ft,
Graves Island,NS ,2,Full,CampsitePermit,Less than 20ft,
Dollar Lake,NS ,4,Full,CampsitePermit,Less than 20ft,
The Islands,NS ,3,Full,CampsitePermit,Single Tent,
Thomas Raddall,NS ,2,FULL,CampsitePermit,Less than 20ft,
Graves Island,NS ,5,Full,CampsitePermit,Single Tent,
Mira River,NS ,4,Veteran,CampsitePermit,Less than 20ft,
Amherst Shore,NS ,3,Full,CampsitePermit,Tents,
Rissers Beach,NS ,4,Full,CampsitePermit,Less than 40ft,
Caribou Munroes,NS ,2,Full,CampsitePermit,Single Tent,
Rissers Beach,NS ,4,Full,CampsitePermit,Single Tent,
Rissers Beach,NS ,2,Full,CampsitePermit,Less than 20ft,
Ellenwood Lake,QC ,1,Full,CampsitePermit,Less than 20ft,
Blomidon,QC ,3,Full,CampsitePermit,Single Tent,
Graves Island,QC ,2,Full,CampsitePermit,Single Tent,
Five Islands,QC ,1,Full,CampsitePermit,Single Tent,
Dollar Lake,NS ,2,Full,CampsitePermit,Single Tent,
Whycocomagh,NS ,3,Full,CampsitePermit,Single Tent,
Blomidon,NB ,2,Full,CampsitePermit,Single Tent,
Laurie,NS ,5,Full,CampsitePermit,Single Tent,
Ellenwood Lake,NS ,4,Full,CampsitePermit,Less than 20ft,
Rissers Beach,NS ,2,Full,CampsitePermit,Single Tent,
Graves Island,ON ,1,Senior,CampsitePermit,Single Tent,
Rissers Beach,NS ,1,Full,CampsitePermit,Single Tent,
The Islands,NS ,3,Full,CampsitePermit,Tents,
Mira River,NS ,4,Full,CampsitePermit,Less than 20ft,
Smileys,NS ,6,Full,CampsitePermit,Less than 30ft,
Rissers Beach,NS ,5,Full,CampsitePermit,Single Tent,
Battery,ON ,3,Full,CampsitePermit,Less than 20ft,
Five Islands,QC ,2,Full,CampsitePermit,Less than 30ft,
Mira River,NS ,3,Full,CampsitePermit,Less than 20ft,
Rissers Beach,NS ,2,Senior,CampsitePermit,Less than 30ft,
Amherst Shore,NS ,2,Full,CampsitePermit,Single Tent,
Caribou Munroes,AB ,2,Full,CampsitePermit,Single Tent,
Graves Island,NS ,3,Full,CampsitePermit,Single Tent,
The Islands,BC ,2,Senior,CampsitePermit,Single Tent,
Five Islands,NS ,2,Full,CampsitePermit,Single Tent,
Amherst Shore,NS ,5,Full,CampsitePermit,Tents,
Smileys,NS ,2,Full,CampsitePermit,Greater than 40ft,
Ellenwood Lake,NS ,2,Senior,CampsitePermit,Tents,
Cape Chignecto,NS ,1,Full,BackcountryPermit,Single Tent,
Ellenwood Lake,NS ,4,Full,CampsitePermit,Single Tent,
Dollar Lake,NS ,2,Full,CampsitePermit,Single Tent,
Graves Island,NS ,5,Full,CampsitePermit,Less than 20ft,
Graves Island,NS ,2,Full,CampsitePermit,Less than 20ft,
Ellenwood Lake,NS ,3,Full,CampsitePermit,Less than 20ft,
Rissers Beach,NS ,2,Full,CampsitePermit,Less than 30ft,
Graves Island,ON ,2,Full,CampsitePermit,Less than 20ft,
Valleyview,MB ,1,Senior,CampsitePermit,Single Tent,
Rissers Beach,NS ,2,Full,CampsitePermit,Less than 40ft,
Amherst Shore,NS ,4,Full,CampsitePermit,Single Tent,
Five Islands,NS ,1,Full,CampsitePermit,Single Tent,
Mira River,NS ,2,Senior,CampsitePermit,Less than 20ft,
Ellenwood Lake,AB ,2,Full,CampsitePermit,Less than 40ft,
Laurie,ON ,6,Full,CampsitePermit,Tents,
Caribou Munroes,QC ,3,Full,CampsitePermit,Less than 20ft,
Mira River,ON ,3,Full,CampsitePermit,Tents,
Graves Island,NS ,2,Full,CampsitePermit,Less than 40ft,
Graves Island,NS ,2,Full,CampsitePermit,Single Tent,
Blomidon,NS ,1,Full,CampsitePermit,Single Tent,
Ellenwood Lake,NS ,2,Full,CampsitePermit,Single Tent,
Porters Lake,NB ,3,Full,CampsitePermit,Less than 20ft,
Porters Lake,NS ,2,Senior,CampsitePermit,Single Tent,
Blomidon,QC ,3,Full,CampsitePermit,Tents,
Porters Lake,NS ,3,Full,CampsitePermit,Less than 30ft,
Graves Island,NS ,5,Full,CampsitePermit,Single Tent,
Five Islands,NS ,4,Full,CampsitePermit,Less than 20ft,
The Islands,ON ,4,Full,CampsitePermit,Less than 40ft,
Dollar Lake,NS ,7,Full,CampsitePermit,Tents,
Caribou Munroes,NS ,2,Full,CampsitePermit,Less than 30ft,
Porters Lake,PE ,2,Full,CampsitePermit,Single Tent,
Blomidon,NS ,5,Full,CampsitePermit,Single Tent,
Caribou Munroes,NS ,5,Host,CampsitePermit,Single Tent,
Five Islands,ON ,2,Full,CampsitePermit,Single Tent,
Whycocomagh,ON ,5,Full,CampsitePermit,Single Tent,
Porters Lake,QC ,2,Full,CampsitePermit,Less than 20ft,
Porters Lake,NS ,2,Senior,CampsitePermit,Less than 30ft,
Porters Lake,NS ,2,Full,CampsitePermit,Single Tent,
The Islands,NS ,4,Full,CampsitePermit,Less than 30ft,
Five Islands,ON ,2,Full,CampsitePermit,Single Tent,
Thomas Raddall,NS ,3,Full,CampsitePermit,Single Tent,
Graves Island,NS ,2,FULL,CampsitePermit,Less than 30ft,
Dollar Lake,NS ,5,Full,CampsitePermit,Less than 30ft,
Rissers Beach,NS ,1,Full,CampsitePermit,Single Tent,
Blomidon,NS ,3,Full,CampsitePermit,Single Tent,
Blomidon,ON ,4,Full,CampsitePermit,Tents,
Porters Lake,NS ,4,Full,CampsitePermit,Less than 30ft,
Rissers Beach,NS ,2,Full,CampsitePermit,Less than 20ft,
Thomas Raddall,NS ,2,Full,CampsitePermit,Less than 20ft,
Laurie,NS ,2,Full,CampsitePermit,Single Tent,
Rissers Beach,NS ,2,Senior,CampsitePermit,Less than 30ft,
Porters Lake,NS ,2,Full,CampsitePermit,Single Tent,
Thomas Raddall,NS ,2,Full,CampsitePermit,Single Tent,
Blomidon,NS ,6,Full,CampsitePermit,Less than 30ft,
Smileys,NS ,4,Full,CampsitePermit,Less than 20ft,
Rissers Beach,NS ,4,Full,CampsitePermit,Less than 40ft,
Mira River,QC ,4,Full,CampsitePermit,Less than 20ft,
Caribou Munroes,NB ,2,Full,CampsitePermit,Less than 30ft,
Salsman,NS ,4,Full,CampsitePermit,Less than 20ft,
Porters Lake,NS ,2,Full,CampsitePermit,Single Tent,
Graves Island,NS ,2,Full,CampsitePermit,Less than 40ft,
Valleyview,NB ,2,Full,CampsitePermit,Single Tent,
Caribou Munroes,NS ,2,Senior,CampsitePermit,Less than 20ft,
Cape Chignecto,NB ,2,Full,BackcountryPermit,Single Tent,
Battery,NS ,2,Senior,CampsitePermit,Single Tent,
Rissers Beach,QC ,2,Full,CampsitePermit,Less than 30ft,
Amherst Shore,ON ,2,Full,CampsitePermit,Less than 20ft,
Caribou Munroes,NS ,6,Full,CampsitePermit,Tents,
Dollar Lake,NS ,4,Full,CampsitePermit,Single Tent,
Rissers Beach,NS ,2,Senior,CampsitePermit,Less than 20ft,
Caribou Munroes,NS ,5,Full,CampsitePermit,Single Tent,
Mira River,NS ,2,Full,CampsitePermit,Single Tent,
Porters Lake,NB ,2,Full,CampsitePermit,Single Tent,
Ellenwood Lake,NS ,6,Full,CampsitePermit,Tents,
Dollar Lake,NS ,5,Full,CampsitePermit,Single Tent,
Mira River,NS ,6,Full,CampsitePermit,Single Tent,
Graves Island,ON ,2,Senior,CampsitePermit,Less than 20ft,
Whycocomagh,QC ,2,Full,CampsitePermit,Single Tent,
Mira River,NS ,3,Full,CampsitePermit,Single Tent,
Five Islands,AB ,2,Senior,CampsitePermit,Less than 20ft,
Ellenwood Lake,NS ,4,Full,CampsitePermit,Less than 20ft,
Caribou Munroes,NS ,2,Full,CampsitePermit,Less than 40ft,
Graves Island,NS ,4,Full,CampsitePermit,Tents,
Amherst Shore,NS ,2,Full,CampsitePermit,Single Tent,
Valleyview,NS ,2,Full,CampsitePermit,Less than 30ft,
Mira River,QC ,2,Full,CampsitePermit,Less than 20ft,
Smileys,NS ,2,Senior,CampsitePermit,Less than 40ft,
Graves Island,NS ,2,Full,CampsitePermit,Less than 20ft,
Whycocomagh,ON ,2,Full,CampsitePermit,Single Tent,
Battery,NS ,2,Full,CampsitePermit,Single Tent,
Laurie,QC ,2,Full,CampsitePermit,Less than 20ft,
Mira River,QC ,4,Full,CampsitePermit,Single Tent,
Mira River,NS ,4,Full,CampsitePermit,Less than 30ft,
Smileys,NS ,1,Full,CampsitePermit,Single Tent,
Mira River,NS ,1,Veteran,CampsitePermit,Single Tent,
Blomidon,QC ,2,Full,CampsitePermit,Single Tent,
Blomidon,ON ,2,Full,CampsitePermit,Single Tent,
Caribou Munroes,QC ,4,Full,CampsitePermit,Less than 30ft,
Ellenwood Lake,NS ,2,Full,CampsitePermit,Less than 20ft,
Mira River,NS ,2,Full,CampsitePermit,Single Tent,
Rissers Beach,QC ,3,Full,CampsitePermit,Single Tent,
Graves Island,QC ,1,Full,CampsitePermit,Single Tent,
Rissers Beach,AB ,5,Full,CampsitePermit,Less than 40ft,
Mira River,NS ,2,Full,CampsitePermit,Less than 20ft,
Thomas Raddall,NS ,2,Full,CampsitePermit,Single Tent,
Caribou Munroes,NS ,5,Full,CampsitePermit,Less than 20ft,
Dollar Lake,NS ,2,Full,CampsitePermit,Single Tent,
Caribou Munroes,ON ,2,Senior,CampsitePermit,Single Tent,
Amherst Shore,BC ,2,Full,CampsitePermit,Less than 20ft,
Thomas Raddall,NS ,2,Full,CampsitePermit,Single Tent,
Smileys,NS ,2,Full,CampsitePermit,Less than 20ft,
Ellenwood Lake,NS ,4,Full,CampsitePermit,Less than 30ft,
Graves Island,NS ,1,Senior,CampsitePermit,Less than 30ft,
Mira River,NS ,2,Senior,CampsitePermit,Single Tent,
Dollar Lake,NS ,4,Full,CampsitePermit,Less than 20ft,
Amherst Shore,NS ,4,Full,CampsitePermit,Single Tent,
Blomidon,NS ,5,Full,CampsitePermit,Single Tent,
Caribou Munroes,QC ,2,Full,CampsitePermit,Single Tent,
Mira River,NS ,1,Full,CampsitePermit,Less than 40ft,
Ellenwood Lake,NS ,6,Full,CampsitePermit,Single Tent,
Dollar Lake,NS ,5,Full,CampsitePermit,Less than 20ft,
Porters Lake,NS ,2,Full,CampsitePermit,Single Tent,
Smileys,NB ,2,Senior,CampsitePermit,Less than 40ft,
Mira River,NS ,4,Full,CampsitePermit,Less than 40ft,
Blomidon,NS ,4,Full,CampsitePermit,Tents,
Mira River,ON ,5,Full,CampsitePermit,Less than 20ft,
Blomidon,ON ,2,Full,CampsitePermit,Single Tent,
Smileys,NS ,2,Full,CampsitePermit,Less than 30ft,
Thomas Raddall,QC ,3,Full,CampsitePermit,Single Tent,
Mira River,NS ,5,Full,CampsitePermit,Tents,
Rissers Beach,NS ,3,Senior,CampsitePermit,Less than 20ft,
Ellenwood Lake,QC ,5,Full,CampsitePermit,Single Tent,
Battery,QC ,2,Senior,CampsitePermit,Less than 30ft,
Rissers Beach,NS ,5,Senior,CampsitePermit,Less than 40ft,
Porters Lake,QC ,2,Full,CampsitePermit,Single Tent,
Graves Island,NS ,6,Full,CampsitePermit,Less than 20ft,
Mira River,NS ,4,Full,CampsitePermit,Less than 40ft,
Rissers Beach,NS ,2,Full,CampsitePermit,Less than 20ft,
Battery,NS ,3,Full,CampsitePermit,Single Tent,
Five Islands,NS ,2,Full,CampsitePermit,Single Tent,
Ellenwood Lake,NS ,2,Full,CampsitePermit,Single Tent,
Smileys,NS ,5,Full,CampsitePermit,Less than 20ft,
Laurie,NS ,1,Full,CampsitePermit,Single Tent,
Whycocomagh,QC ,2,Senior,CampsitePermit,Less than 30ft,
Amherst Shore,NS ,4,Full,CampsitePermit,Tents,
Graves Island,NS ,2,Full,CampsitePermit,Less than 20ft,
Mira River,ON ,2,Senior,CampsitePermit,Less than 30ft,
Caribou Munroes,NS ,4,Full,CampsitePermit,Less than 40ft,
Graves Island,NS ,2,Full,CampsitePermit,Less than 20ft,
Amherst Shore,NS ,3,Full,CampsitePermit,Single Tent,
Graves Island,NS ,2,Full,CampsitePermit,Less than 40ft,
Porters Lake,NS ,4,Full,CampsitePermit,Tents,
Graves Island,ON ,2,Full,CampsitePermit,Single Tent,
Valleyview,NS ,2,Full,CampsitePermit,Single Tent,
Valleyview,NS ,4,Full,CampsitePermit,Less than 20ft,
Graves Island,NS ,2,Full,CampsitePermit,Less than 40ft,
Rissers Beach,NS ,4,Full,CampsitePermit,Tents,
Graves Island,NS ,2,Full,CampsitePermit,Less than 30ft,
Thomas Raddall,QC ,2,Full,CampsitePermit,Less than 20ft,
Blomidon,NS ,2,Full,CampsitePermit,Single Tent,
Graves Island,NS ,2,Full,CampsitePermit,Less than 20ft,
Blomidon,NS ,2,Full,CampsitePermit,Single Tent,
Amherst Shore,NS ,2,Full,CampsitePermit,Less than 20ft,
Porters Lake,NS ,4,Full,CampsitePermit,Single Tent,
Mira River,NS ,3,Full,CampsitePermit,Less than 20ft,
Laurie,NS ,4,Full,CampsitePermit,Tents,
Graves Island,QC ,1,Full,CampsitePermit,Single Tent,
Porters Lake,QC ,2,Full,CampsitePermit,Single Tent,
Cape Chignecto,NS ,2,Full,BackcountryPermit,Single Tent,
Graves Island,NS ,2,Full,CampsitePermit,Less than 40ft,
Battery,AB ,4,Full,CampsitePermit,Greater than 40ft,
Graves Island,NS ,2,Full,CampsitePermit,Tents,
Dollar Lake,NS ,3,Full,CampsitePermit,Single Tent,
Amherst Shore,ON ,2,Full,CampsitePermit,Single Tent,
Graves Island,NS ,2,Full,CampsitePermit,Less than 30ft,
Amherst Shore,AB ,2,Senior,CampsitePermit,Less than 30ft,
Graves Island,NS ,1,Full,CampsitePermit,Single Tent,
Graves Island,NS ,2,Senior,CampsitePermit,Less than 20ft,
Battery,NS ,4,Full,CampsitePermit,Single Tent,
Blomidon,BC ,2,Senior,CampsitePermit,Less than 30ft,
Blomidon,NS ,2,Full,CampsitePermit,Single Tent,
Mira River,ON ,2,Full,CampsitePermit,Single Tent,
Smileys,NS ,4,Full,CampsitePermit,Less than 20ft,
Caribou Munroes,NS ,5,Full,CampsitePermit,Tents,
Mira River,ON ,6,Senior,CampsitePermit,Less than 20ft,
Porters Lake,NS ,1,Senior,CampsitePermit,Less than 20ft,
Rissers Beach,NS ,2,Full,CampsitePermit,Less than 20ft,
Battery,NS ,2,Veteran,CampsitePermit,Single Tent,
Mira River,NS ,5,Full,CampsitePermit,Single Tent,
Porters Lake,NS ,2,Full,CampsitePermit,Less than 30ft,
Cape Chignecto,NB ,1,Full,BackcountryPermit,Single Tent,
Blomidon,NS ,2,Full,CampsitePermit,Less than 30ft,
Cape Chignecto,NS ,2,Full,BackcountryPermit,Single Tent,
Ellenwood Lake,NS ,5,Full,CampsitePermit,Single Tent,
Mira River,NS ,6,Full,CampsitePermit,Less than 30ft,
Rissers Beach,NS ,5,Full,CampsitePermit,Single Tent,
Smileys,NS ,4,Full,CampsitePermit,Less than 40ft,
Rissers Beach,NS ,2,Senior,CampsitePermit,Single Tent,
Ellenwood Lake,NS ,3,Full,CampsitePermit,Less than 30ft,
Graves Island,NS ,2,Full,CampsitePermit,Less than 20ft,
Porters Lake,NS ,4,Full,CampsitePermit,Tents,
Thomas Raddall,NS ,2,Full,CampsitePermit,Less than 20ft,
Mira River,BC ,2,Senior,CampsitePermit,Single Tent,
Battery,QC ,2,Senior,CampsitePermit,Single Tent,
Blomidon,NS ,6,Senior,CampsitePermit,Single Tent,
Rissers Beach,NS ,2,Senior,CampsitePermit,Less than 20ft,
Mira River,NS ,2,Full,CampsitePermit,Less than 30ft,
The Islands,NS ,2,Full,CampsitePermit,Single Tent,
Battery,NS ,2,Full,CampsitePermit,Tents,
Thomas Raddall,NS ,3,Full,CampsitePermit,Single Tent,
Five Islands,NS ,2,Full,CampsitePermit,Less than 30ft,
Mira River,NS ,4,Full,CampsitePermit,Less than 30ft,
Ellenwood Lake,NS ,4,Full,CampsitePermit,Greater than 40ft,
Battery,ON ,4,Full,CampsitePermit,Less than 20ft,
Whycocomagh,NS ,1,Veteran,CampsitePermit,Single Tent,
Five Islands,NS ,2,Full,CampsitePermit,Single Tent,
Thomas Raddall,QC ,4,Full,CampsitePermit,Less than 20ft,
Blomidon,NS ,2,Full,CampsitePermit,Less than 20ft,
Porters Lake,NS ,6,Full,CampsitePermit,Tents,
Dollar Lake,NS ,2,Full,CampsitePermit,Single Tent,
Thomas Raddall,NS ,2,Full,CampsitePermit,Single Tent,
Rissers Beach,NS ,2,Full,CampsitePermit,Less than 30ft,
Ellenwood Lake,NS ,6,Full,CampsitePermit,Single Tent,
Rissers Beach,NS ,2,Full,CampsitePermit,Less than 20ft,
Dollar Lake,NS ,3,Full,CampsitePermit,Single Tent,
Thomas Raddall,NS ,2,Full,CampsitePermit,Single Tent,
Five Islands,ON ,2,Full,CampsitePermit,Less than 20ft,
Graves Island,NS ,2,Full,CampsitePermit,Less than 20ft,
Rissers Beach,ON ,2,Full,CampsitePermit,Less than 20ft,
Blomidon,NS ,4,Full,CampsitePermit,Single Tent,
Dollar Lake,NS ,4,Full,CampsitePermit,Less than 30ft,
Graves Island,NS ,3,Full,CampsitePermit,Less than 30ft,
Rissers Beach,NS ,4,Full,CampsitePermit,Single Tent,
Whycocomagh,NS ,2,Full,CampsitePermit,Tents,
The Islands,NS ,1,Full,CampsitePermit,Tents,
Mira River,QC ,4,Full,CampsitePermit,Single Tent,
Five Islands,QC ,2,Full,CampsitePermit,Less than 20ft,
Mira River,NS ,3,Full,CampsitePermit,Less than 40ft,
Rissers Beach,NS ,5,Full,CampsitePermit,Less than 30ft,
Laurie,ON ,2,Full,CampsitePermit,Less than 20ft,
Caribou Munroes,NS ,5,Full,CampsitePermit,Tents,
Ellenwood Lake,NS ,2,Full,CampsitePermit,Single Tent,
Mira River,ON ,2,Full,CampsitePermit,Less than 30ft,
Caribou Munroes,NS ,2,Full,CampsitePermit,Less than 30ft,
Dollar Lake,NS ,3,Full,CampsitePermit,Single Tent,
Ellenwood Lake,NS ,6,Full,CampsitePermit,Single Tent,
Rissers Beach,NS ,4,Full,CampsitePermit,Less than 30ft,
Five Islands,AB ,3,Full,CampsitePermit,Single Tent,
Laurie,QC ,2,Senior,CampsitePermit,Less than 30ft,
Caribou Munroes,SK ,3,Full,CampsitePermit,Single Tent,
Dollar Lake,NS ,2,Full,CampsitePermit,Single Tent,
Rissers Beach,NS ,2,Full,CampsitePermit,Less than 20ft,
Battery,NS ,2,Full,CampsitePermit,Single Tent,
Graves Island,ON ,4,Full,CampsitePermit,Less than 30ft,
Porters Lake,NS ,6,Full,CampsitePermit,Less than 30ft,
Graves Island,NB ,1,Full,CampsitePermit,Single Tent,
Porters Lake,NS ,2,Senior,CampsitePermit,Less than 40ft,
Mira River,NS ,2,Full,CampsitePermit,Less than 20ft,
Five Islands,ON ,2,Full,CampsitePermit,Single Tent,
Boylston,ON ,2,Full,CampsitePermit,Single Tent,
Rissers Beach,NS ,1,Full,CampsitePermit,Single Tent,
Laurie,ON ,2,Full,CampsitePermit,Single Tent,
Caribou Munroes,ON ,4,Full,CampsitePermit,Tents,
Graves Island,NS ,4,Full,CampsitePermit,Single Tent,
Dollar Lake,NS ,2,Full,CampsitePermit,Single Tent,
Smileys,ON ,2,Full,CampsitePermit,Single Tent,
Graves Island,NS ,3,Veteran,CampsitePermit,Less than 40ft,
Five Islands,NS ,2,Senior,CampsitePermit,Tents,
Rissers Beach,NS ,2,Full,CampsitePermit,Less than 20ft,
Caribou Munroes,NS ,2,Senior,CampsitePermit,Less than 30ft,
Five Islands,NS ,4,Full,CampsitePermit,Single Tent,
Porters Lake,NS ,2,Full,CampsitePermit,Less than 30ft,
Caribou Munroes,NS ,2,Full,CampsitePermit,Less than 30ft,
Five Islands,ON ,1,Full,CampsitePermit,Single Tent,
Rissers Beach,NS ,5,Full,CampsitePermit,Single Tent,
Dollar Lake,NS ,5,Full,CampsitePermit,Single Tent,
Graves Island,NS ,4,Full,CampsitePermit,Less than 30ft,
The Islands,NS ,2,Full,CampsitePermit,Less than 20ft,
Caribou Munroes,QC ,1,Full,CampsitePermit,Single Tent,
Mira River,NS ,3,Full,CampsitePermit,Less than 20ft,
Thomas Raddall,NS ,4,Full,CampsitePermit,Less than 30ft,
Thomas Raddall,NS ,2,Full,CampsitePermit,Single Tent,
Rissers Beach,NS ,3,Full,CampsitePermit,Single Tent,
Caribou Munroes,NS ,4,Full,CampsitePermit,Single Tent,
Blomidon,NS ,4,Full,CampsitePermit,Single Tent,
Graves Island,NS ,4,Full,CampsitePermit,Less than 40ft,
Thomas Raddall,NS ,2,Full,CampsitePermit,Less than 30ft,
Porters Lake,NS ,6,Full,CampsitePermit,Tents,
Five Islands,QC ,2,Full,CampsitePermit,Less than 20ft,
Laurie,NS ,2,Full,CampsitePermit,Less than 30ft,
Cape Chignecto,NB ,4,Full,BackcountryPermit,Single Tent,
Whycocomagh,AB ,2,Full,CampsitePermit,Less than 30ft,
Rissers Beach,NS ,2,Full,CampsitePermit,Less than 40ft,
Dollar Lake,NS ,7,Full,CampsitePermit,Tents,
Salsman,NS ,3,Full,CampsitePermit,Tents,
Thomas Raddall,NS ,4,Full,CampsitePermit,Tents,
Valleyview,NS ,2,Full,CampsitePermit,Less than 40ft,
Whycocomagh,NS ,2,Full,CampsitePermit,Single Tent,
Battery,NS ,2,Senior,CampsitePermit,Less than 30ft,
Salsman,NS ,2,Full,CampsitePermit,Single Tent,
Graves Island,NS ,2,Full,CampsitePermit,Single Tent,
Ellenwood Lake,NS ,2,Full,CampsitePermit,Less than 20ft,
Five Islands,NS ,2,Full,CampsitePermit,Less than 20ft,
Ellenwood Lake,NS ,4,Full,CampsitePermit,Single Tent,
Mira River,NS ,5,Full,CampsitePermit,Less than 30ft,
Rissers Beach,NS ,2,Full,CampsitePermit,Less than 20ft,
Rissers Beach,NS ,6,Full,CampsitePermit,Less than 20ft,
Five Islands,NS ,4,Full,CampsitePermit,Single Tent,
Graves Island,ON ,4,Full,CampsitePermit,Less than 30ft,
Caribou Munroes,NS ,2,Full,CampsitePermit,Single Tent,
Porters Lake,QC ,2,Full,CampsitePermit,Less than 30ft,
Laurie,NS ,3,Full,CampsitePermit,Single Tent,
Five Islands,NS ,4,Veteran,CampsitePermit,Tents,
Caribou Munroes,NS ,4,Full,CampsitePermit,Less than 30ft,
Laurie,NS ,3,Full,CampsitePermit,Single Tent,
Smileys,NS ,2,Senior,CampsitePermit,Less than 30ft,
Caribou Munroes,ON ,2,Senior,CampsitePermit,Less than 20ft,
Porters Lake,NS ,2,Full,CampsitePermit,Less than 20ft,
Salsman,NB ,2,Full,CampsitePermit,Single Tent,
Porters Lake,NS ,4,Full,CampsitePermit,Tents,
Rissers Beach,NS ,2,Full,CampsitePermit,Single Tent,
Porters Lake,NS ,2,Full,CampsitePermit,Less than 20ft,
Caribou Munroes,ON ,2,Senior,CampsitePermit,Single Tent,
Valleyview,NS ,4,Full,CampsitePermit,Tents,
Rissers Beach,NS ,2,Full,CampsitePermit,Single Tent,
Salsman,NS ,4,Full,CampsitePermit,Single Tent,
Graves Island,NS ,5,Full,CampsitePermit,Tents,
Smileys,NS ,5,Full,CampsitePermit,Less than 20ft,
Caribou Munroes,NS ,2,FULL,CampsitePermit,Single Tent,
Smileys,NS ,2,Full,CampsitePermit,Single Tent,
Porters Lake,NS ,3,Full,CampsitePermit,Single Tent,
Graves Island,NS ,2,Full,CampsitePermit,Less than 20ft,
Caribou Munroes,NS ,3,Full,CampsitePermit,Less than 30ft,
Five Islands,NS ,4,Full,CampsitePermit,Tents,
Porters Lake,NS ,6,Full,CampsitePermit,Tents,
Graves Island,NS ,4,Full,CampsitePermit,Less than 20ft,
Cape Chignecto,QC ,1,Full,BackcountryPermit,Single Tent,
Rissers Beach,NS ,2,Full,CampsitePermit,Less than 30ft,
Amherst Shore,NS ,5,Full,CampsitePermit,Less than 30ft,
Dollar Lake,NS ,4,Full,CampsitePermit,Less than 30ft,
Blomidon,NS ,2,Full,CampsitePermit,Less than 30ft,
Thomas Raddall,NS ,2,Full,CampsitePermit,Single Tent,
Porters Lake,NS ,4,Full,CampsitePermit,Tents,
Graves Island,NS ,2,Full,CampsitePermit,Less than 30ft,
Rissers Beach,NS ,4,Full,CampsitePermit,Less than 30ft,
Graves Island,NS ,2,Full,CampsitePermit,Less than 20ft,
Ellenwood Lake,NS ,3,Full,CampsitePermit,Less than 20ft,
Blomidon,NS ,2,Full,CampsitePermit,Single Tent,
Dollar Lake,NS ,2,Senior,CampsitePermit,Less than 40ft,
Thomas Raddall,NS ,2,Full,CampsitePermit,Single Tent,
Five Islands,BC ,1,Full,CampsitePermit,Single Tent,
The Islands,NS ,2,Full,CampsitePermit,Single Tent,
Graves Island,PE ,1,Full,CampsitePermit,Tents,
Caribou Munroes,QC ,2,Full,CampsitePermit,Less than 30ft,
Laurie,NS ,5,Full,CampsitePermit,Less than 20ft,
Mira River,NS ,3,Senior,CampsitePermit,Single Tent,
Rissers Beach,NS ,5,Full,CampsitePermit,Less than 30ft,
Laurie,NS ,4,Full,CampsitePermit,Tents,
Graves Island,NS ,4,Full,CampsitePermit,Less than 30ft,
Valleyview,NS ,4,Full,CampsitePermit,Tents,
Blomidon,NS ,5,Full,CampsitePermit,Single Tent,
Rissers Beach,NS ,5,Full,CampsitePermit,Single Tent,
Graves Island,QC ,2,Full,CampsitePermit,Single Tent,
Rissers Beach,QC ,2,Senior,CampsitePermit,Less than 20ft,
Porters Lake,QC ,6,Full,CampsitePermit,Single Tent,
Caribou Munroes,NS ,2,Full,CampsitePermit,Single Tent,
Thomas Raddall,NS ,2,Full,CampsitePermit,Tents,
Five Islands,ON ,1,Full,CampsitePermit,Single Tent,
Whycocomagh,ON ,2,Full,CampsitePermit,Single Tent,
Blomidon,NS ,2,Full,CampsitePermit,Single Tent,
Laurie,NS ,2,Full,CampsitePermit,Single Tent,
Graves Island,ON ,1,Full,CampsitePermit,Single Tent,
Graves Island,NS ,2,Full,CampsitePermit,Less than 40ft,
Mira River,NS ,5,Full,CampsitePermit,Less than 40ft,
Mira River,NS ,2,Full,CampsitePermit,Less than 20ft,
Five Islands,ON ,2,Full,CampsitePermit,Single Tent,
Porters Lake,NS ,6,Full,CampsitePermit,Tents,
Whycocomagh,NS ,2,Full,CampsitePermit,Less than 20ft,
Mira River,NS ,4,Full,CampsitePermit,Less than 20ft,
Thomas Raddall,ON ,3,Full,CampsitePermit,Single Tent,
Graves Island,QC ,1,Full,CampsitePermit,Single Tent,
Caribou Munroes,NS ,2,Full,CampsitePermit,Less than 30ft,
Dollar Lake,NS ,4,Full,CampsitePermit,Single Tent,
Rissers Beach,NS ,3,Full,CampsitePermit,Less than 20ft,
Salsman,ON ,2,Senior,CampsitePermit,Less than 20ft,
Blomidon,NS ,2,Full,CampsitePermit,Single Tent,
Battery,AB ,2,Senior,CampsitePermit,Single Tent,
Porters Lake,NS ,3,Full,CampsitePermit,Less than 30ft,
Porters Lake,ON ,6,Full,CampsitePermit,Less than 40ft,
Dollar Lake,NS ,2,Veteran,CampsitePermit,Less than 20ft,
Porters Lake,NS ,2,Full,CampsitePermit,Tents,
Dollar Lake,NS ,2,Full,CampsitePermit,Less than 20ft,
Battery,ON ,1,Full,CampsitePermit,Single Tent,
Dollar Lake,NS ,4,Full,CampsitePermit,Tents,
Whycocomagh,ON ,6,Full,CampsitePermit,Tents,
The Islands,QC ,2,Senior,CampsitePermit,Less than 20ft,
Laurie,NS ,3,Full,CampsitePermit,Single Tent,
Amherst Shore,NB ,3,Veteran,CampsitePermit,Less than 40ft,
Mira River,NS ,2,Full,CampsitePermit,Less than 20ft,
The Islands,NS ,2,Full,CampsitePermit,Less than 20ft,
Salsman,AB ,2,Full,CampsitePermit,Less than 30ft,
Blomidon,NS ,4,Full,CampsitePermit,Less than 30ft,
The Islands,NS ,2,Full,CampsitePermit,Less than 20ft,
Graves Island,NS ,3,Full,CampsitePermit,Less than 30ft,
Caribou Munroes,BC ,2,Senior,CampsitePermit,Less than 20ft,
Blomidon,NS ,2,Full,CampsitePermit,Single Tent,
Rissers Beach,ON ,5,Full,CampsitePermit,Tents,
Thomas Raddall,NS ,4,Full,CampsitePermit,Single Tent,
The Islands,ON ,2,Full,CampsitePermit,Less than 20ft,
Caribou Munroes,QC ,2,Full,CampsitePermit,Single Tent,
Blomidon,NS ,2,Full,CampsitePermit,Single Tent,
Mira River,NS ,2,Full,CampsitePermit,Less than 20ft,
Mira River,QC ,1,Full,CampsitePermit,Single Tent,
Dollar Lake,NS ,4,Full,CampsitePermit,Less than 20ft,
Blomidon,AB ,1,Full,CampsitePermit,Single Tent,
Rissers Beach,NS ,2,Senior,CampsitePermit,Less than 20ft,
Mira River,NS ,2,Full,CampsitePermit,Single Tent,
Amherst Shore,QC ,2,Senior,CampsitePermit,Single Tent,
Valleyview,NS ,2,Full,CampsitePermit,Single Tent,
Amherst Shore,ON ,2,Senior,CampsitePermit,Less than 30ft,
Smileys,NS ,6,Full,CampsitePermit,Tents,
Caribou Munroes,NS ,4,Full,CampsitePermit,Single Tent,
Thomas Raddall,NS ,2,Full,CampsitePermit,Single Tent,
Five Islands,NS ,2,Veteran,CampsitePermit,Less than 20ft,
Porters Lake,QC ,2,Full,CampsitePermit,Less than 20ft,
Blomidon,NS ,2,Full,CampsitePermit,Single Tent,
Mira River,NS ,2,Full,CampsitePermit,Less than 20ft,
Thomas Raddall,NS ,5,Full,CampsitePermit,Tents,
The Islands,NS ,2,Full,CampsitePermit,Single Tent,
Porters Lake,NS ,2,Full,CampsitePermit,Less than 30ft,
Laurie,NS ,2,Full,CampsitePermit,Single Tent,
Dollar Lake,NS ,4,Full,CampsitePermit,Single Tent,
Battery,NB ,2,Senior,CampsitePermit,Single Tent,
Cape Chignecto,NS ,1,Full,BackcountryPermit,Single Tent,
Porters Lake,NB ,2,Full,CampsitePermit,Less than 20ft,
Caribou Munroes,QC ,2,Full,CampsitePermit,Single Tent,
Graves Island,NS ,4,Full,CampsitePermit,Less than 30ft,
Mira River,NS ,4,Full,CampsitePermit,Less than 30ft,
Amherst Shore,QC ,2,Full,CampsitePermit,Single Tent,
Cape Chignecto,NS ,4,Full,BackcountryPermit,Single Tent,
Caribou Munroes,ON ,4,Full,CampsitePermit,Less than 30ft,
Mira River,NS ,2,Full,CampsitePermit,Single Tent,
Battery,QC ,2,Full,CampsitePermit,Single Tent,
Five Islands,NS ,2,Full,CampsitePermit,Single Tent,
Mira River,NS ,2,Full,CampsitePermit,Single Tent,
Valleyview,NS ,2,Senior,CampsitePermit,Less than 20ft,
Rissers Beach,NB ,2,Full,CampsitePermit,Single Tent,
Graves Island,NS ,2,Full,CampsitePermit,Less than 30ft,
Caribou Munroes,NS ,2,Full,CampsitePermit,Single Tent,
Blomidon,NS ,3,Full,CampsitePermit,Single Tent,
Mira River,NS ,5,Full,CampsitePermit,Single Tent,
Mira River,NS ,2,Full,CampsitePermit,Less than 30ft,
Blomidon,NS ,4,Full,CampsitePermit,Tents,
Thomas Raddall,NS ,4,Full,CampsitePermit,Tents,
Porters Lake,NS ,4,Full,CampsitePermit,Less than 30ft,
Battery,NS ,2,Senior,CampsitePermit,Less than 30ft,
Porters Lake,NS ,3,Full,CampsitePermit,Tents,
Porters Lake,NB ,3,Full,CampsitePermit,Tents,
Thomas Raddall,NS ,3,Full,CampsitePermit,Single Tent,
Thomas Raddall,NB ,2,Full,CampsitePermit,Single Tent,
Rissers Beach,NS ,2,Full,CampsitePermit,Single Tent,
Amherst Shore,NB ,2,Full,CampsitePermit,Single Tent,
Caribou Munroes,NS ,4,Full,CampsitePermit,Single Tent,
Battery,NS ,2,Full,CampsitePermit,Less than 20ft,
Blomidon,NS ,3,Full,CampsitePermit,Tents,
Five Islands,NB ,3,Full,CampsitePermit,Single Tent,
Mira River,ON ,3,Full,CampsitePermit,Single Tent,
Rissers Beach,QC ,1,Full,CampsitePermit,Single Tent,
Caribou Munroes,NS ,3,Full,CampsitePermit,Less than 30ft,
Dollar Lake,NS ,5,Full,CampsitePermit,Single Tent,
Mira River,NS ,1,Senior,CampsitePermit,Single Tent,
The Islands,NS ,2,Full,CampsitePermit,Single Tent,
Blomidon,QC ,3,Full,CampsitePermit,Less than 20ft,
Caribou Munroes,NS ,5,Full,CampsitePermit,Less than 20ft,
Five Islands,NS ,4,Full,CampsitePermit,Tents,
Laurie,NS ,4,Senior,CampsitePermit,Single Tent,
Mira River,NS ,2,Full,CampsitePermit,Less than 20ft,
Thomas Raddall,NS ,2,Full,CampsitePermit,Single Tent,
Graves Island,NS ,3,Full,CampsitePermit,Less than 20ft,
Caribou Munroes,NS ,4,Full,CampsitePermit,Single Tent,
Five Islands,PE ,2,Full,CampsitePermit,Less than 30ft,
The Islands,BC ,3,Full,CampsitePermit,Less than 30ft,
Caribou Munroes,NS ,2,Full,CampsitePermit,Less than 20ft,
Laurie,NS ,6,Full,CampsitePermit,Single Tent,
Thomas Raddall,NS ,5,Full,CampsitePermit,Less than 20ft,
Five Islands,QC ,2,Full,CampsitePermit,Single Tent,
Five Islands,QC ,2,Senior,CampsitePermit,Less than 20ft,
Mira River,NS ,2,Full,CampsitePermit,Less than 30ft,
Whycocomagh,QC ,2,Full,CampsitePermit,Single Tent,
Cape Chignecto,QC ,3,Full,BackcountryPermit,Single Tent,
Five Islands,ON ,1,Full,CampsitePermit,Single Tent,
Rissers Beach,NS ,3,Full,CampsitePermit,Less than 20ft,
Blomidon,ON ,4,Full,CampsitePermit,Less than 30ft,
Caribou Munroes,ON ,4,Full,CampsitePermit,Less than 20ft,
Whycocomagh,NS ,2,Full,CampsitePermit,Less than 30ft,
Rissers Beach,NS ,1,Full,CampsitePermit,Single Tent,
Rissers Beach,ON ,4,Full,CampsitePermit,Tents,
Rissers Beach,NS ,4,Full,CampsitePermit,Single Tent,
Whycocomagh,NS ,6,Full,CampsitePermit,Tents,
Graves Island,QC ,1,Full,CampsitePermit,Single Tent,
Dollar Lake,NS ,4,Full,CampsitePermit,Single Tent,
Thomas Raddall,NL ,1,Full,CampsitePermit,Single Tent,
Ellenwood Lake,NS ,1,Full,CampsitePermit,Single Tent,
Mira River,NS ,2,Full,CampsitePermit,Less than 40ft,
Blomidon,BC ,2,Senior,CampsitePermit,Less than 30ft,
Blomidon,NS ,3,Full,CampsitePermit,Single Tent,
Caribou Munroes,NS ,5,Full,CampsitePermit,Tents,
Rissers Beach,NS ,2,Senior,CampsitePermit,Less than 20ft,
Graves Island,NS ,1,Full,CampsitePermit,Single Tent,
Ellenwood Lake,QC ,4,Full,CampsitePermit,Tents,
Graves Island,NS ,2,Senior,CampsitePermit,Less than 20ft,
Dollar Lake,NS ,6,Full,CampsitePermit,Single Tent,
Thomas Raddall,NS ,2,Senior,CampsitePermit,Less than 30ft,
Five Islands,NB ,5,Full,CampsitePermit,Single Tent,
Mira River,ON ,2,Full,CampsitePermit,Single Tent,
Battery,NS ,4,Senior,CampsitePermit,Tents,
Mira River,QC ,2,Senior,CampsitePermit,Less than 30ft,
Graves Island,NS ,1,Senior,CampsitePermit,Less than 30ft,
Battery,NS ,2,Full,CampsitePermit,Less than 20ft,
Mira River,NS ,4,Full,CampsitePermit,Less than 20ft,
Valleyview,NS ,2,Full,CampsitePermit,Less than 20ft,
Laurie,ON ,4,Full,CampsitePermit,Single Tent,
Caribou Munroes,NS ,4,Full,CampsitePermit,Tents,
Rissers Beach,ON ,2,Full,CampsitePermit,Single Tent,
Smileys,NS ,4,Full,CampsitePermit,Single Tent,
Thomas Raddall,NS ,2,Full,CampsitePermit,Single Tent,
Caribou Munroes,QC ,2,Full,CampsitePermit,Single Tent,
Smileys,NS ,2,Senior,CampsitePermit,Less than 40ft,
Ellenwood Lake,NS ,2,Full,CampsitePermit,Single Tent,
Cape Chignecto,QC ,2,Full,BackcountryPermit,Single Tent,
Porters Lake,NS ,2,Veteran,CampsitePermit,Less than 30ft,
Ellenwood Lake,NS ,2,Full,CampsitePermit,Single Tent,
Cape Chignecto,QC ,2,Full,BackcountryPermit,Single Tent,
Caribou Munroes,NS ,6,Full,CampsitePermit,Tents,
Graves Island,NS ,2,Full,CampsitePermit,Single Tent,
Amherst Shore,ON ,1,Full,CampsitePermit,Single Tent,
Battery,NS ,2,Senior,CampsitePermit,Less than 20ft,
Rissers Beach,NS ,2,Full,CampsitePermit,Less than 20ft,
Mira River,NS ,6,Full,CampsitePermit,Tents,
Dollar Lake,NS ,2,Full,CampsitePermit,Single Tent,
Rissers Beach,NS ,2,Senior,CampsitePermit,Single Tent,
Smileys,NS ,2,Full,CampsitePermit,Single Tent,
Dollar Lake,NS ,6,Full,CampsitePermit,Less than 20ft,
Porters Lake,NS ,2,Full,CampsitePermit,Single Tent,
Porters Lake,NS ,2,Senior,CampsitePermit,Tents,
Rissers Beach,NS ,6,Full,CampsitePermit,Less than 30ft,
Amherst Shore,ON ,2,Full,CampsitePermit,Single Tent,
Rissers Beach,NS ,2,Full,CampsitePermit,Less than 20ft,
Porters Lake,NL ,4,Full,CampsitePermit,Less than 20ft,
The Islands,NS ,2,Full,CampsitePermit,Single Tent,
Thomas Raddall,NS ,3,Full,CampsitePermit,Less than 20ft,
Porters Lake,QC ,1,Full,CampsitePermit,Single Tent,
Boylston,NS ,2,Full,CampsitePermit,Single Tent,
Five Islands,NS ,3,FULL,CampsitePermit,Single Tent,
Thomas Raddall,NS ,6,Full,CampsitePermit,Tents,
Laurie,NS ,2,Full,CampsitePermit,Less than 20ft,
Five Islands,QC ,2,Full,CampsitePermit,Single Tent,
Thomas Raddall,NS ,3,Full,CampsitePermit,Single Tent,
Dollar Lake,NS ,3,Full,CampsitePermit,Single Tent,
Caribou Munroes,QC ,2,Full,CampsitePermit,Single Tent,
Salsman,NS ,1,Senior,CampsitePermit,Single Tent,
Porters Lake,NB ,2,Full,CampsitePermit,Single Tent,
Porters Lake,NS ,2,Full,CampsitePermit,Less than 40ft,
Laurie,NS ,2,Full,CampsitePermit,Single Tent,
Blomidon,NS ,2,Full,CampsitePermit,Less than 30ft,
Caribou Munroes,NS ,2,Full,CampsitePermit,Less than 30ft,
Five Islands,ON ,2,Full,CampsitePermit,Single Tent,
Graves Island,NS ,4,Full,CampsitePermit,Single Tent,
Five Islands,NS ,2,Full,CampsitePermit,Less than 20ft,
Battery,ON ,2,Full,CampsitePermit,Single Tent,
Porters Lake,NS ,1,Full,CampsitePermit,Single Tent,
Valleyview,NS ,5,Full,CampsitePermit,Less than 30ft,
Blomidon,NS ,2,Full,CampsitePermit,Single Tent,
Salsman,NS ,3,Full,CampsitePermit,Less than 20ft,
Laurie,ON ,2,Full,CampsitePermit,Single Tent,
Mira River,NS ,5,Full,CampsitePermit,Less than 30ft,
Smileys,NS ,2,Full,CampsitePermit,Single Tent,
Graves Island,ON ,4,Full,CampsitePermit,Single Tent,
Thomas Raddall,NS ,2,Full,CampsitePermit,Single Tent,
Blomidon,NS ,5,Full,CampsitePermit,Less than 30ft,
Rissers Beach,NS ,2,Full,CampsitePermit,Single Tent,
Thomas Raddall,NS ,2,Full,CampsitePermit,Less than 20ft,
Mira River,NS ,3,Full,CampsitePermit,Single Tent,
Five Islands,NS ,1,Full,CampsitePermit,Less than 20ft,
Laurie,NS ,1,Full,CampsitePermit,Single Tent,
Porters Lake,NS ,6,Full,CampsitePermit,Tents,
Rissers Beach,NS ,4,Full,CampsitePermit,Less than 40ft,
Graves Island,NS ,2,Full,CampsitePermit,Less than 30ft,
Rissers Beach,NS ,4,Full,CampsitePermit,Single Tent,
Thomas Raddall,NS ,1,Full,CampsitePermit,Single Tent,
Mira River,NS ,3,Full,CampsitePermit,Single Tent,
Boylston,BC ,2,Full,CampsitePermit,Less than 30ft,
Caribou Munroes,NS ,3,Full,CampsitePermit,Less than 20ft,
Battery,QC ,2,Full,CampsitePermit,Less than 20ft,
Dollar Lake,NB ,2,Full,CampsitePermit,Single Tent,
Five Islands,NS ,2,Full,CampsitePermit,Less than 40ft,
Battery,NB ,2,Full,CampsitePermit,Single Tent,
Smileys,QC ,2,Senior,CampsitePermit,Less than 20ft,
Amherst Shore,NS ,4,Full,CampsitePermit,Less than 30ft,
Rissers Beach,NS ,2,Full,CampsitePermit,Less than 20ft,
Blomidon,NS ,4,Full,CampsitePermit,Tents,
Five Islands,NS ,2,Full,CampsitePermit,Single Tent,
Dollar Lake,ON ,5,Full,CampsitePermit,Single Tent,
Caribou Munroes,NS ,2,Full,CampsitePermit,Tents,
Smileys,SK ,1,Full,CampsitePermit,Single Tent,
Mira River,NS ,2,Full,CampsitePermit,Single Tent,
Caribou Munroes,QC ,2,Full,CampsitePermit,Single Tent,
Dollar Lake,NS ,4,Full,CampsitePermit,Single Tent,
Ellenwood Lake,NS ,1,Full,CampsitePermit,Single Tent,
Valleyview,QC ,3,Full,CampsitePermit,Less than 30ft,
Mira River,AB ,2,Senior,CampsitePermit,Greater than 40ft,
Blomidon,QC ,2,Full,CampsitePermit,Single Tent,
The Islands,NS ,4,Full,CampsitePermit,Less than 30ft,
Caribou Munroes,NS ,4,Full,CampsitePermit,Less than 20ft,
Graves Island,NS ,2,Senior,CampsitePermit,Less than 40ft,
Dollar Lake,NB ,6,Full,CampsitePermit,Single Tent,
Rissers Beach,NS ,2,Full,CampsitePermit,Less than 30ft,
Graves Island,NS ,2,Full,CampsitePermit,Single Tent,
Caribou Munroes,BC ,3,Full,CampsitePermit,Tents,
Mira River,NS ,3,Full,CampsitePermit,Less than 40ft,
The Islands,NS ,2,Full,CampsitePermit,Less than 30ft,
Rissers Beach,NS ,2,Full,CampsitePermit,Tents,
Caribou Munroes,ON ,3,Full,CampsitePermit,Single Tent,
The Islands,ON ,2,Full,CampsitePermit,Single Tent,
Thomas Raddall,NS ,4,Full,CampsitePermit,Less than 20ft,
Battery,SK ,2,Senior,CampsitePermit,Single Tent,
Porters Lake,NS ,2,Full,CampsitePermit,Single Tent,
Ellenwood Lake,NS ,2,Full,CampsitePermit,Single Tent,
Graves Island,NS ,2,Full,CampsitePermit,Less than 20ft,
Graves Island,NS ,3,Full,CampsitePermit,Single Tent,
Smileys,NS ,2,Full,CampsitePermit,Less than 20ft,
Dollar Lake,NS ,6,Full,CampsitePermit,Less than 30ft,
Caribou Munroes,NB ,2,Full,CampsitePermit,Single Tent,
Ellenwood Lake,NS ,2,Senior,CampsitePermit,Tents,
Caribou Munroes,ON ,2,Full,CampsitePermit,Single Tent,
Porters Lake,NS ,4,Full,CampsitePermit,Tents,
Caribou Munroes,NS ,2,Full,CampsitePermit,Less than 30ft,
Caribou Munroes,QC ,2,Full,CampsitePermit,Single Tent,
Amherst Shore,NS ,4,Full,CampsitePermit,Less than 20ft,
Porters Lake,NB ,4,Senior,CampsitePermit,Single Tent,
Amherst Shore,NS ,2,Veteran,CampsitePermit,Less than 30ft,
Rissers Beach,NS ,2,Full,CampsitePermit,Less than 20ft,
Dollar Lake,NS ,4,Full,CampsitePermit,Single Tent,
Ellenwood Lake,NS ,2,Full,CampsitePermit,Single Tent,
Salsman,NS ,2,Full,CampsitePermit,Single Tent,
Caribou Munroes,NS ,4,Full,CampsitePermit,Single Tent,
Dollar Lake,NS ,2,Full,CampsitePermit,Single Tent,
Dollar Lake,NS ,4,Full,CampsitePermit,Single Tent,
Mira River,NS ,4,Full,CampsitePermit,Less than 30ft,
Mira River,NS ,2,Full,CampsitePermit,Single Tent,
Thomas Raddall,NS ,6,Full,CampsitePermit,Tents,
Blomidon,ON ,1,Full,CampsitePermit,Single Tent,
Graves Island,NS ,5,Full,CampsitePermit,Tents,
Caribou Munroes,NS ,2,Full,CampsitePermit,Tents,
Rissers Beach,NS ,4,Full,CampsitePermit,Tents,
Dollar Lake,NS ,2,Full,CampsitePermit,Single Tent,
Ellenwood Lake,NB ,3,Full,CampsitePermit,Less than 20ft,
Mira River,NS ,4,Full,CampsitePermit,Less than 20ft,
Boylston,NS ,4,Full,CampsitePermit,Less than 30ft,
Rissers Beach,NS ,4,Full,CampsitePermit,Less than 30ft,
Graves Island,NS ,2,Full,CampsitePermit,Single Tent,
Cape Chignecto,NS ,1,Full,BackcountryPermit,Single Tent,
Smileys,NS ,4,Full,CampsitePermit,Less than 20ft,
Ellenwood Lake,NS ,3,Full,CampsitePermit,Less than 30ft,
Porters Lake,QC ,2,Full,CampsitePermit,Single Tent,
Caribou Munroes,NS ,6,Full,CampsitePermit,Less than 30ft,
Caribou Munroes,AB ,2,Full,CampsitePermit,Single Tent,
Blomidon,NS ,2,Full,CampsitePermit,Single Tent,
Boylston,ON ,2,Full,CampsitePermit,Single Tent,
Graves Island,NS ,3,Full,CampsitePermit,Less than 40ft,
Graves Island,NS ,2,Full,CampsitePermit,Less than 30ft,
Caribou Munroes,ON ,2,Full,CampsitePermit,Single Tent,
Smileys,NS ,2,Full,CampsitePermit,Less than 20ft,
Amherst Shore,ON ,2,Full,CampsitePermit,Single Tent,
Blomidon,QC ,2,Full,CampsitePermit,Single Tent,
Blomidon,NS ,2,Full,CampsitePermit,Single Tent,
Five Islands,NS ,6,Full,CampsitePermit,Less than 20ft,
Rissers Beach,NS ,4,Full,CampsitePermit,Greater than 40ft,
The Islands,NS ,4,Full,CampsitePermit,Less than 20ft,
Whycocomagh,BC ,2,Senior,CampsitePermit,Less than 20ft,
Five Islands,NS ,3,Full,CampsitePermit,Single Tent,
Cape Chignecto,NS ,1,Full,BackcountryPermit,Single Tent,
Laurie,QC ,2,Full,CampsitePermit,Single Tent,
Rissers Beach,ON ,2,Senior,CampsitePermit,Less than 20ft,
Caribou Munroes,NS ,2,Full,CampsitePermit,Less than 20ft,
Graves Island,NS ,2,Full,CampsitePermit,Less than 20ft,
Mira River,ON ,2,Full,CampsitePermit,Single Tent,
Cape Chignecto,NS ,1,Full,BackcountryPermit,Single Tent,
Battery,PE ,2,Senior,CampsitePermit,Single Tent,
Mira River,ON ,2,Senior,CampsitePermit,Single Tent,
Caribou Munroes,NS ,3,Full,CampsitePermit,Less than 30ft,
Dollar Lake,NS ,4,Full,CampsitePermit,Tents,
Dollar Lake,NS ,2,Full,CampsitePermit,Less than 30ft,
The Islands,NS ,3,Full,CampsitePermit,Less than 20ft,
Graves Island,NS ,2,Full,CampsitePermit,Less than 30ft,
Graves Island,NS ,2,Full,CampsitePermit,Less than 30ft,
Five Islands,NS ,2,Full,CampsitePermit,Tents,
Rissers Beach,NS ,2,Full,CampsitePermit,Less than 40ft,
Mira River,NS ,2,Full,CampsitePermit,Less than 20ft,
Laurie,NS ,2,Senior,CampsitePermit,Less than 40ft,
Mira River,NS ,3,Full,CampsitePermit,Less than 40ft,
Dollar Lake,NS ,2,Full,CampsitePermit,Single Tent,
Porters Lake,NS ,2,Full,CampsitePermit,Single Tent,
Laurie,NS ,2,Full,CampsitePermit,Less than 20ft,
Caribou Munroes,NS ,3,Full,CampsitePermit,Single Tent,
Mira River,ON ,2,Full,CampsitePermit,Less than 30ft,
Graves Island,NS ,1,Full,CampsitePermit,Single Tent,
Rissers Beach,NS ,1,Full,CampsitePermit,Single Tent,
Five Islands,ON ,2,Full,CampsitePermit,Single Tent,
Five Islands,NS ,2,Full,CampsitePermit,Single Tent,
Rissers Beach,ON ,2,Full,CampsitePermit,Single Tent,
Smileys,NS ,2,Full,CampsitePermit,Single Tent,
Rissers Beach,NS ,4,Full,CampsitePermit,Less than 40ft,
Porters Lake,NS ,2,Veteran,CampsitePermit,Less than 40ft,
Amherst Shore,NB ,2,Full,CampsitePermit,Single Tent,
Cape Chignecto,NS ,2,Full,BackcountryPermit,Single Tent,
Battery,NS ,4,Full,CampsitePermit,Single Tent,
Amherst Shore,PE ,2,Full,CampsitePermit,Single Tent,
Graves Island,NS ,2,Full,CampsitePermit,Less than 30ft,
Dollar Lake,NS ,4,Full,CampsitePermit,Tents,
Caribou Munroes,NS ,2,Senior,CampsitePermit,Less than 30ft,
Five Islands,QC ,2,Senior,CampsitePermit,Single Tent,
Thomas Raddall,NS ,5,Full,CampsitePermit,Single Tent,
Caribou Munroes,BC ,2,Full,CampsitePermit,Single Tent,
Rissers Beach,NS ,4,Full,CampsitePermit,Less than 30ft,
Porters Lake,ON ,2,Senior,CampsitePermit,Less than 20ft,
Mira River,NS ,4,Full,CampsitePermit,Less than 30ft,
Mira River,NB ,2,Full,CampsitePermit,Less than 40ft,
Porters Lake,NS ,1,Full,CampsitePermit,Single Tent,
Caribou Munroes,NS ,4,Full,CampsitePermit,Single Tent,
Five Islands,NS ,2,Full,CampsitePermit,Single Tent,
Whycocomagh,ON ,5,Senior,CampsitePermit,Tents,
Mira River,NS ,4,Full,CampsitePermit,Single Tent,
Caribou Munroes,NS ,4,Full,CampsitePermit,Single Tent,
Laurie,NS ,2,Full,CampsitePermit,Single Tent,
Graves Island,NS ,2,Full,CampsitePermit,Less than 20ft,
Porters Lake,NS ,3,Full,CampsitePermit,Less than 20ft,
Five Islands,NS ,3,Full,CampsitePermit,Tents,
Dollar Lake,NS ,5,Full,CampsitePermit,Tents,
Rissers Beach,NS ,3,Full,CampsitePermit,Less than 20ft,
Valleyview,NS ,2,Full,CampsitePermit,Single Tent,
Amherst Shore,NS ,4,Full,CampsitePermit,Less than 20ft,
Porters Lake,NS ,2,Full,CampsitePermit,Single Tent,
Graves Island,NS ,5,Full,CampsitePermit,Less than 20ft,
Caribou Munroes,NS ,2,Full,CampsitePermit,Less than 20ft,
Caribou Munroes,NS ,4,Full,CampsitePermit,Less than 20ft,
Mira River,NS ,2,Senior,CampsitePermit,Less than 20ft,
Blomidon,PE ,6,Full,CampsitePermit,Single Tent,
Cape Chignecto,NS ,2,Full,BackcountryPermit,Single Tent,
Thomas Raddall,ON ,1,Full,CampsitePermit,Single Tent,
Mira River,QC ,1,Full,CampsitePermit,Single Tent,
Mira River,NS ,6,Full,CampsitePermit,Less than 20ft,
Thomas Raddall,NS ,4,Full,CampsitePermit,Single Tent,
Graves Island,NS ,2,Senior,CampsitePermit,Less than 30ft,
Porters Lake,NS ,1,Full,CampsitePermit,Less than 30ft,
Rissers Beach,NS ,6,Full,CampsitePermit,Less than 20ft,
Dollar Lake,NS ,2,Full,CampsitePermit,Less than 30ft,
Rissers Beach,NS ,6,Full,CampsitePermit,Less than 30ft,
Graves Island,NS ,4,Full,CampsitePermit,Less than 30ft,
Salsman,NS ,1,Senior,CampsitePermit,Less than 40ft,
Rissers Beach,NS ,4,Full,CampsitePermit,Single Tent,
Battery,BC ,2,Senior,CampsitePermit,Single Tent,
Whycocomagh,NS ,2,Full,CampsitePermit,Less than 20ft,
Rissers Beach,NS ,2,Full,CampsitePermit,Single Tent,
Mira River,NS ,4,Full,CampsitePermit,Single Tent,
Salsman,NS ,2,Full,CampsitePermit,Less than 30ft,
Mira River,QC ,2,Full,CampsitePermit,Less than 20ft,
Laurie,BC ,4,Full,CampsitePermit,Less than 30ft,
Graves Island,PE ,2,Full,CampsitePermit,Single Tent,
Mira River,NS ,4,Full,CampsitePermit,Less than 20ft,
Mira River,NS ,5,Full,CampsitePermit,Less than 30ft,
Rissers Beach,NS ,2,Full,CampsitePermit,Single Tent,
Graves Island,NS ,2,Full,CampsitePermit,Less than 30ft,
Whycocomagh,NS ,2,Full,CampsitePermit,Less than 30ft,
Mira River,NS ,4,Full,CampsitePermit,Single Tent,
Dollar Lake,NS ,5,Full,CampsitePermit,Tents,
Caribou Munroes,NS ,2,Full,CampsitePermit,Single Tent,
Five Islands,BC ,2,Full,CampsitePermit,Less than 20ft,
Caribou Munroes,NS ,2,Full,CampsitePermit,Single Tent,
Thomas Raddall,NS ,2,Senior,CampsitePermit,Less than 20ft,
Cape Chignecto,NB ,2,Full,BackcountryPermit,Single Tent,
Five Islands,NS ,1,Full,CampsitePermit,Single Tent,
Caribou Munroes,NS ,3,Full,CampsitePermit,Single Tent,
Porters Lake,NS ,2,Veteran,CampsitePermit,Less than 30ft,
Graves Island,NS ,2,Full,CampsitePermit,Less than 30ft,
Mira River,QC ,3,Full,CampsitePermit,Single Tent,
Five Islands,NB ,4,Senior,CampsitePermit,Single Tent,
Laurie,ON ,3,Full,CampsitePermit,Less than 20ft,
Caribou Munroes,QC ,2,Full,CampsitePermit,Less than 20ft,
Dollar Lake,NS ,4,Full,CampsitePermit,Tents,
Salsman,QC ,2,Full,CampsitePermit,Single Tent,
Mira River,NS ,2,Full,CampsitePermit,Single Tent,
Thomas Raddall,NS ,2,Full,CampsitePermit,Single Tent,
Caribou Munroes,NS ,4,Full,CampsitePermit,Single Tent,
Cape Chignecto,NS ,1,Full,BackcountryPermit,Single Tent,
Caribou Munroes,NS ,2,Full,CampsitePermit,Less than 30ft,
Five Islands,NS ,1,Full,CampsitePermit,Single Tent,
Valleyview,NS ,5,Full,CampsitePermit,Single Tent,
Blomidon,NS ,3,Full,CampsitePermit,Tents,
Caribou Munroes,NS ,4,Full,CampsitePermit,Tents,
Cape Chignecto,NS ,4,Full,BackcountryPermit,Single Tent,
Amherst Shore,ON ,2,Full,CampsitePermit,Less than 20ft,
Porters Lake,NS ,4,Full,CampsitePermit,Less than 30ft,
Mira River,QC ,2,Full,CampsitePermit,Single Tent,
Amherst Shore,NS ,4,Full,CampsitePermit,Single Tent,
Blomidon,NS ,1,Full,CampsitePermit,Single Tent,
Graves Island,BC ,1,Full,CampsitePermit,Single Tent,
Salsman,NS ,4,Full,CampsitePermit,Tents,
Graves Island,NS ,1,Senior,CampsitePermit,Single Tent,
Rissers Beach,NS ,2,Full,CampsitePermit,Single Tent,
Mira River,QC ,2,Full,CampsitePermit,Single Tent,
Porters Lake,NS ,4,Full,CampsitePermit,Less than 20ft,
Caribou Munroes,NS ,2,Full,CampsitePermit,Single Tent,
Boylston,NS ,2,Full,CampsitePermit,Less than 40ft,
Graves Island,NS ,4,Full,CampsitePermit,Less than 20ft,
Mira River,AB ,2,Senior,CampsitePermit,Single Tent,
Rissers Beach,NS ,5,Full,CampsitePermit,Less than 20ft,
Mira River,ON ,2,Full,CampsitePermit,Single Tent,
Rissers Beach,NS ,2,Full,CampsitePermit,Less than 30ft,
Laurie,ON ,6,Full,CampsitePermit,Tents,
Dollar Lake,NS ,2,Full,CampsitePermit,Single Tent,
Amherst Shore,ON ,3,Full,CampsitePermit,Single Tent,
Mira River,ON ,2,Full,CampsitePermit,Single Tent,
Graves Island,NS ,2,Senior,CampsitePermit,Less than 40ft,
Amherst Shore,NL ,3,Full,CampsitePermit,Tents,
Blomidon,ON ,4,Full,CampsitePermit,Single Tent,
Whycocomagh,ON ,2,Senior,CampsitePermit,Less than 20ft,
Rissers Beach,NS ,4,Full,CampsitePermit,Less than 30ft,
Blomidon,ON ,2,Senior,CampsitePermit,Single Tent,
Mira River,QC ,2,Full,CampsitePermit,Less than 40ft,
Rissers Beach,NS ,1,Senior,CampsitePermit,Single Tent,
Amherst Shore,QC ,2,Full,CampsitePermit,Single Tent,
Rissers Beach,NS ,4,Full,CampsitePermit,Less than 20ft,
Graves Island,ON ,1,Full,CampsitePermit,Single Tent,
Mira River,NB ,3,Senior,CampsitePermit,Less than 30ft,
Five Islands,NB ,4,Senior,CampsitePermit,Less than 20ft,
Cape Chignecto,NB ,4,Full,BackcountryPermit,Single Tent,
Graves Island,ON ,2,Senior,CampsitePermit,Less than 40ft,
Thomas Raddall,NS ,4,Full,CampsitePermit,Tents,
Caribou Munroes,NS ,3,Full,CampsitePermit,Single Tent,
Mira River,NS ,3,Full,CampsitePermit,Single Tent,
Rissers Beach,NS ,4,Full,CampsitePermit,Less than 20ft,
Valleyview,ON ,2,Full,CampsitePermit,Single Tent,
Dollar Lake,NS ,2,Full,CampsitePermit,Single Tent,
Dollar Lake,NS ,3,Full,CampsitePermit,Single Tent,
Mira River,NS ,3,Full,CampsitePermit,Less than 20ft,
Caribou Munroes,NS ,4,Full,CampsitePermit,Tents,
Caribou Munroes,NS ,4,Full,CampsitePermit,Single Tent,
Graves Island,QC ,2,Full,CampsitePermit,Single Tent,
Valleyview,ON ,4,Full,CampsitePermit,Less than 20ft,
Blomidon,NS ,1,Full,CampsitePermit,Single Tent,
The Islands,QC ,1,Full,CampsitePermit,Less than 30ft,
Graves Island,NS ,4,Full,CampsitePermit,Less than 30ft,
Smileys,NS ,2,Full,CampsitePermit,Less than 20ft,
Dollar Lake,NS ,4,Full,CampsitePermit,Single Tent,
Rissers Beach,NS ,4,Full,CampsitePermit,Single Tent,
Porters Lake,NS ,4,Full,CampsitePermit,Single Tent,
Dollar Lake,NS ,3,Full,CampsitePermit,Single Tent,
Porters Lake,NS ,4,Full,CampsitePermit,Single Tent,
Mira River,NS ,3,Full,CampsitePermit,Single Tent,
Laurie,NS ,4,Full,CampsitePermit,Tents,
Thomas Raddall,NS ,2,Senior,CampsitePermit,Less than 30ft,
Porters Lake,NS ,4,Full,CampsitePermit,Less than 20ft,
The Islands,NS ,2,Full,CampsitePermit,Less than 30ft,
Caribou Munroes,NS ,4,Full,CampsitePermit,Single Tent,
Laurie,NS ,3,Full,CampsitePermit,Less than 30ft,
Valleyview,AB ,1,Full,CampsitePermit,Single Tent,
Smileys,NS ,2,Full,CampsitePermit,Single Tent,
Smileys,NS ,2,Full,CampsitePermit,Less than 40ft,
Caribou Munroes,NS ,4,Full,CampsitePermit,Less than 30ft,
Caribou Munroes,NS ,2,Senior,CampsitePermit,Less than 30ft,
Porters Lake,ON ,2,Full,CampsitePermit,Single Tent,
Amherst Shore,QC ,2,Senior,CampsitePermit,Single Tent,
Graves Island,BC ,1,Full,CampsitePermit,Single Tent,
Battery,NS ,2,Full,CampsitePermit,Single Tent,
Smileys,NS ,2,Full,CampsitePermit,Single Tent,
Blomidon,QC ,2,Full,CampsitePermit,Less than 20ft,
Rissers Beach,NS ,3,Full,CampsitePermit,Tents,
Mira River,ON ,2,Senior,CampsitePermit,Single Tent,
Whycocomagh,ON ,2,Full,CampsitePermit,Less than 30ft,
Caribou Munroes,NS ,4,Full,CampsitePermit,Less than 30ft,
Mira River,NS ,3,Full,CampsitePermit,Single Tent,
Five Islands,NS ,2,Full,CampsitePermit,Less than 20ft,
Cape Chignecto,NS ,2,Full,BackcountryPermit,Single Tent,
Blomidon,AB ,2,Full,CampsitePermit,Single Tent,
Dollar Lake,NS ,3,Full,CampsitePermit,Tents,
Laurie,NS ,2,Full,CampsitePermit,Less than 20ft,
Graves Island,NS ,2,Full,CampsitePermit,Less than 20ft,
Amherst Shore,NS ,2,Senior,CampsitePermit,Less than 20ft,
Mira River,NS ,4,Full,CampsitePermit,Less than 30ft,
Graves Island,NS ,2,Full,CampsitePermit,Less than 30ft,
Blomidon,NS ,6,Full,CampsitePermit,Single Tent,
Blomidon,NS ,2,Full,CampsitePermit,Single Tent,
Rissers Beach,NS ,4,Full,CampsitePermit,Less than 20ft,
Ellenwood Lake,NS ,2,Senior,CampsitePermit,Less than 30ft,
Caribou Munroes,QC ,2,Full,CampsitePermit,Less than 20ft,
Porters Lake,NS ,6,Full,CampsitePermit,Less than 20ft,
Dollar Lake,NS ,2,Full,CampsitePermit,Single Tent,
Smileys,NS ,6,Full,CampsitePermit,Tents,
Thomas Raddall,NS ,4,Full,CampsitePermit,Single Tent,
Whycocomagh,ON ,2,Senior,CampsitePermit,Less than 20ft,
Valleyview,NS ,5,Full,CampsitePermit,Less than 20ft,
Caribou Munroes,NS ,4,Full,CampsitePermit,Less than 30ft,
Graves Island,QC ,2,Full,CampsitePermit,Single Tent,
Rissers Beach,NS ,2,Full,CampsitePermit,Less than 30ft,
Amherst Shore,NS ,4,Full,CampsitePermit,Tents,
Boylston,NS ,2,Full,CampsitePermit,Single Tent,
Graves Island,NS ,3,Full,CampsitePermit,Less than 20ft,
Rissers Beach,NS ,6,Full,CampsitePermit,Tents,
Caribou Munroes,NS ,6,Full,CampsitePermit,Less than 20ft,
Whycocomagh,NS ,2,Full,CampsitePermit,Less than 20ft,
Mira River,QC ,1,Full,CampsitePermit,Single Tent,
Caribou Munroes,NS ,3,Full,CampsitePermit,Less than 20ft,
The Islands,ON ,1,Full,CampsitePermit,Single Tent,
Laurie,NS ,2,Full,CampsitePermit,Single Tent,
Rissers Beach,NS ,2,Full,CampsitePermit,Single Tent,
Rissers Beach,NS ,4,Full,CampsitePermit,Single Tent,
Mira River,NS ,6,Full,CampsitePermit,Less than 30ft,
Five Islands,ON ,1,Full,CampsitePermit,Single Tent,
Five Islands,NS ,2,Full,CampsitePermit,Less than 20ft,
Laurie,NS ,3,Full,CampsitePermit,Less than 20ft,
Thomas Raddall,NS ,5,Full,CampsitePermit,Tents,
Rissers Beach,NS ,2,Senior,CampsitePermit,Less than 40ft,
Ellenwood Lake,NS ,4,Full,CampsitePermit,Less than 20ft,
Blomidon,NS ,7,Full,CampsitePermit,Single Tent,
The Islands,NS ,2,Full,CampsitePermit,Less than 20ft,
Graves Island,QC ,1,Full,CampsitePermit,Single Tent,
The Islands,NS ,3,Full,CampsitePermit,Single Tent,
Graves Island,NS ,4,Full,CampsitePermit,Tents,
Whycocomagh,QC ,2,Full,CampsitePermit,Less than 20ft,
Smileys,NS ,2,Full,CampsitePermit,Single Tent,
Graves Island,NS ,2,Full,CampsitePermit,Less than 20ft,
Graves Island,NS ,3,Full,CampsitePermit,Single Tent,
Smileys,NB ,2,Full,CampsitePermit,Single Tent,
The Islands,NB ,2,Full,CampsitePermit,Less than 30ft,
Ellenwood Lake,NS ,3,Full,CampsitePermit,Single Tent,
Whycocomagh,QC ,2,Full,CampsitePermit,Single Tent,
Mira River,NS ,5,Full,CampsitePermit,Less than 40ft,
Mira River,NS ,4,Full,CampsitePermit,Single Tent,
Caribou Munroes,NS ,2,Full,CampsitePermit,Less than 20ft,
Smileys,NS ,5,Full,CampsitePermit,Tents,
Blomidon,NS ,3,Full,CampsitePermit,Single Tent,
Porters Lake,NS ,4,Full,CampsitePermit,Tents,
Mira River,NS ,3,Full,CampsitePermit,Less than 20ft,
Mira River,QC ,2,Full,CampsitePermit,Less than 20ft,
Thomas Raddall,NS ,2,Senior,CampsitePermit,Single Tent,
Rissers Beach,NS ,1,Senior,CampsitePermit,Single Tent,
Blomidon,NS ,2,Full,CampsitePermit,Single Tent,
Mira River,NS ,5,Full,CampsitePermit,Single Tent,
Graves Island,NS ,2,Full,CampsitePermit,Less than 20ft,
Amherst Shore,QC ,1,Full,CampsitePermit,Single Tent,
Salsman,NS ,2,Full,CampsitePermit,Single Tent,
Porters Lake,NS ,1,Full,CampsitePermit,Single Tent,
Five Islands,QC ,3,Full,CampsitePermit,Single Tent,
Rissers Beach,NS ,4,Full,CampsitePermit,Less than 20ft,
Cape Chignecto,PE ,1,Full,BackcountryPermit,Cabin,
Cape Chignecto,NS ,1,Full,BackcountryPermit,Single Tent,
Caribou Munroes,NS ,3,Full,CampsitePermit,Less than 20ft,
Graves Island,NS ,6,Full,CampsitePermit,Tents,
Dollar Lake,NS ,6,Full,CampsitePermit,Tents,
Mira River,NS ,4,Full,CampsitePermit,Less than 30ft,
Dollar Lake,NS ,4,Full,CampsitePermit,Less than 20ft,
Graves Island,NS ,3,Full,CampsitePermit,Single Tent,
Laurie,NS ,4,Full,CampsitePermit,Tents,
Dollar Lake,NS ,4,Full,CampsitePermit,Less than 20ft,
Amherst Shore,NS ,2,Full,CampsitePermit,Single Tent,
Rissers Beach,NS ,2,Full,CampsitePermit,Less than 30ft,
Graves Island,NS ,2,Full,CampsitePermit,Single Tent,
Rissers Beach,QC ,2,Full,CampsitePermit,Single Tent,
Mira River,QC ,3,Full,CampsitePermit,Single Tent,
Thomas Raddall,QC ,2,Full,CampsitePermit,Single Tent,
Dollar Lake,NS ,4,Full,CampsitePermit,Less than 20ft,
Whycocomagh,ON ,6,Full,CampsitePermit,Single Tent,
Porters Lake,ON ,2,Full,CampsitePermit,Less than 20ft,
Thomas Raddall,NS ,2,Full,CampsitePermit,Single Tent,
Mira River,NS ,2,Full,CampsitePermit,Less than 20ft,
Rissers Beach,NS ,2,Full,CampsitePermit,Single Tent,
Laurie,NS ,2,Full,CampsitePermit,Less than 20ft,
Laurie,NS ,3,Full,CampsitePermit,Single Tent,
Caribou Munroes,NS ,6,Full,CampsitePermit,Less than 40ft,
Rissers Beach,NB ,4,Full,CampsitePermit,Tents,
Blomidon,NS ,4,Full,CampsitePermit,Less than 20ft,
Dollar Lake,NS ,2,Full,CampsitePermit,Single Tent,
Caribou Munroes,QC ,2,Full,CampsitePermit,Single Tent,
Porters Lake,QC ,2,Full,CampsitePermit,Less than 20ft,
Laurie,NS ,6,Full,CampsitePermit,Tents,
Blomidon,NS ,4,Full,CampsitePermit,Single Tent,
Dollar Lake,NS ,3,Full,CampsitePermit,Single Tent,
Battery,NS ,2,Full,CampsitePermit,Single Tent,
Rissers Beach,MB ,1,Full,CampsitePermit,Single Tent,
Mira River,QC ,2,Full,CampsitePermit,Less than 20ft,
Rissers Beach,NS ,2,Senior,CampsitePermit,Less than 20ft,
Five Islands,ON ,4,Full,CampsitePermit,Less than 20ft,
Rissers Beach,ON ,2,Full,CampsitePermit,Single Tent,
Rissers Beach,NS ,6,Full,CampsitePermit,Tents,
Blomidon,NS ,1,Full,CampsitePermit,Single Tent,
Graves Island,NS ,4,Full,CampsitePermit,Tents,
Mira River,NS ,3,Full,CampsitePermit,Less than 40ft,
Whycocomagh,NB ,2,Full,CampsitePermit,Less than 20ft,
Rissers Beach,NS ,2,Full,CampsitePermit,Less than 30ft,
Rissers Beach,NS ,3,Full,CampsitePermit,Single Tent,
Rissers Beach,NS ,5,Full,CampsitePermit,Single Tent,
Porters Lake,NS ,4,Full,CampsitePermit,Less than 20ft,
Mira River,ON ,2,Senior,CampsitePermit,Single Tent,
Graves Island,NS ,2,Senior,CampsitePermit,Less than 40ft,
Laurie,NS ,2,Senior,CampsitePermit,Less than 30ft,
Porters Lake,NB ,2,Senior,CampsitePermit,Less than 40ft,
Blomidon,NS ,2,Full,CampsitePermit,Tents,
Rissers Beach,NS ,2,Full,CampsitePermit,Single Tent,
Caribou Munroes,NS ,2,Full,CampsitePermit,Single Tent,
Rissers Beach,ON ,3,Full,CampsitePermit,Single Tent,
Thomas Raddall,NS ,2,Full,CampsitePermit,Single Tent,
Graves Island,BC ,1,Senior,CampsitePermit,Single Tent,
Blomidon,NS ,4,Full,CampsitePermit,Less than 20ft,
Rissers Beach,NS ,2,Full,CampsitePermit,Greater than 40ft,
Battery,NS ,2,Full,CampsitePermit,Less than 20ft,
Graves Island,NS ,2,Senior,CampsitePermit,Less than 20ft,
Battery,NS ,4,Full,CampsitePermit,Single Tent,
Whycocomagh,NS ,2,Full,CampsitePermit,Tents,
Valleyview,NS ,2,Full,CampsitePermit,Single Tent,
Thomas Raddall,ON ,1,Senior,CampsitePermit,Single Tent,
Graves Island,QC ,5,Full,CampsitePermit,Single Tent,
Rissers Beach,NS ,2,Full,CampsitePermit,Less than 20ft,
Graves Island,NS ,4,Full,CampsitePermit,Less than 30ft,
Mira River,QC ,2,Full,CampsitePermit,Single Tent,
Mira River,NS ,2,Full,CampsitePermit,Less than 30ft,
Mira River,NS ,4,Full,CampsitePermit,Less than 30ft,
Graves Island,NS ,2,Full,CampsitePermit,Single Tent,
The Islands,NS ,3,Senior,CampsitePermit,Tents,
Five Islands,QC ,3,Full,CampsitePermit,Less than 30ft,
Cape Chignecto,NS ,2,Full,BackcountryPermit,Single Tent,
Amherst Shore,NS ,4,Full,CampsitePermit,Single Tent,
Caribou Munroes,QC ,5,Full,CampsitePermit,Less than 20ft,
Graves Island,NB ,3,Full,CampsitePermit,Less than 20ft,
Caribou Munroes,QC ,2,Full,CampsitePermit,Tents,
Five Islands,NS ,2,Full,CampsitePermit,Single Tent,
Graves Island,BC ,1,Full,CampsitePermit,Single Tent,
Graves Island,NS ,2,Full,CampsitePermit,Less than 40ft,
Blomidon,NS ,3,Senior,CampsitePermit,Single Tent,
Thomas Raddall,NS ,2,Full,CampsitePermit,Less than 30ft,
Battery,NS ,2,Senior,CampsitePermit,Single Tent,
Dollar Lake,NS ,4,Full,CampsitePermit,Single Tent,
Boylston,NS ,2,Veteran,CampsitePermit,Less than 20ft,
Porters Lake,NS ,3,Full,CampsitePermit,Single Tent,
Graves Island,ON ,4,Full,CampsitePermit,Tents,
Caribou Munroes,NS ,4,Full,CampsitePermit,Tents,
Laurie,NS ,2,Full,CampsitePermit,Less than 30ft,
Ellenwood Lake,NS ,2,Full,CampsitePermit,Less than 20ft,
Caribou Munroes,ON ,4,Full,CampsitePermit,Less than 40ft,
Five Islands,ON ,2,Full,CampsitePermit,Single Tent,
The Islands,NS ,3,Full,CampsitePermit,Single Tent,
Graves Island,NS ,2,Full,CampsitePermit,Less than 30ft,
Ellenwood Lake,NS ,4,Full,CampsitePermit,Tents,
Graves Island,NS ,2,Full,CampsitePermit,Less than 30ft,
The Islands,ON ,2,Full,CampsitePermit,Single Tent,
Caribou Munroes,QC ,6,Full,CampsitePermit,Tents,
Dollar Lake,NS ,4,Full,CampsitePermit,Less than 30ft,
The Islands,ON ,2,Senior,CampsitePermit,Single Tent,
Graves Island,NS ,2,Veteran,CampsitePermit,Less than 30ft,
Battery,NS ,5,Full,CampsitePermit,Single Tent,
Amherst Shore,NS ,4,Senior,CampsitePermit,Less than 30ft,
Five Islands,QC ,3,Full,CampsitePermit,Less than 30ft,
Graves Island,NS ,3,Full,CampsitePermit,Single Tent,
Graves Island,NS ,2,Veteran,CampsitePermit,Less than 30ft,
Graves Island,NS ,4,Full,CampsitePermit,Less than 30ft,
Battery,AB ,2,Senior,CampsitePermit,Less than 30ft,
Five Islands,NS ,2,Full,CampsitePermit,Single Tent,
Five Islands,NS ,2,Full,CampsitePermit,Single Tent,
Smileys,NS ,6,Full,CampsitePermit,Less than 20ft,
Caribou Munroes,NS ,3,Full,CampsitePermit,Single Tent,
Porters Lake,QC ,3,Senior,CampsitePermit,Single Tent,
Graves Island,PE ,2,Full,CampsitePermit,Single Tent,
Graves Island,NS ,2,Full,CampsitePermit,Less than 30ft,
Dollar Lake,NS ,2,Full,CampsitePermit,Less than 20ft,
Whycocomagh,BC ,2,Full,CampsitePermit,Less than 20ft,
Laurie,NS ,2,Full,CampsitePermit,Single Tent,
Five Islands,ON ,2,Senior,CampsitePermit,Less than 20ft,
The Islands,NS ,4,Full,CampsitePermit,Tents,
Rissers Beach,NS ,2,Full,CampsitePermit,Single Tent,
Rissers Beach,NS ,2,Senior,CampsitePermit,Less than 30ft,
Laurie,NS ,4,Full,CampsitePermit,Less than 20ft,
Graves Island,AB ,1,Full,CampsitePermit,Single Tent,
Laurie,NS ,2,Senior,CampsitePermit,Less than 20ft,
Blomidon,NS ,4,Full,CampsitePermit,Single Tent,
Dollar Lake,NS ,4,Full,CampsitePermit,Single Tent,
Blomidon,NS ,2,Full,CampsitePermit,Single Tent,
Smileys,NS ,2,Full,CampsitePermit,Single Tent,
Porters Lake,NS ,4,Full,CampsitePermit,Tents,
Graves Island,QC ,2,Full,CampsitePermit,Less than 30ft,
Laurie,NS ,3,Full,CampsitePermit,Less than 20ft,
Caribou Munroes,NS ,2,Senior,CampsitePermit,Single Tent,
Boylston,ON ,4,Full,CampsitePermit,Single Tent,
Laurie,NS ,4,Full,CampsitePermit,Less than 30ft,
Blomidon,ON ,4,Full,CampsitePermit,Single Tent,
Graves Island,NS ,2,Full,CampsitePermit,Single Tent,
Dollar Lake,QC ,1,Full,CampsitePermit,Single Tent,
Mira River,NS ,4,Full,CampsitePermit,Less than 30ft,
Graves Island,NS ,1,Full,CampsitePermit,Single Tent,
Graves Island,NS ,2,Full,CampsitePermit,Less than 30ft,
Rissers Beach,QC ,4,Full,CampsitePermit,Less than 30ft,
Amherst Shore,NB ,3,Senior,CampsitePermit,Less than 40ft,
Dollar Lake,NS ,2,Full,CampsitePermit,Single Tent,
Caribou Munroes,ON ,3,Senior,CampsitePermit,Tents,
Blomidon,NS ,2,Full,CampsitePermit,Single Tent,
Blomidon,QC ,2,Full,CampsitePermit,Single Tent,
Battery,ON ,2,Full,CampsitePermit,Single Tent,
Caribou Munroes,NS ,3,Full,CampsitePermit,Less than 30ft,
Mira River,NS ,2,Senior,CampsitePermit,Single Tent,
Caribou Munroes,NS ,6,Full,CampsitePermit,Single Tent,
Laurie,NS ,4,Full,CampsitePermit,Tents,
Caribou Munroes,BC ,1,Full,CampsitePermit,Single Tent,
Whycocomagh,ON ,2,Senior,CampsitePermit,Single Tent,
Rissers Beach,NS ,2,Full,CampsitePermit,Less than 20ft,
Thomas Raddall,NS ,1,Full,CampsitePermit,Single Tent,
Dollar Lake,NS ,5,Full,CampsitePermit,Tents,
Cape Chignecto,NS ,2,Full,BackcountryPermit,Single Tent,
Battery,ON ,2,Full,CampsitePermit,Single Tent,
Blomidon,NS ,4,Full,CampsitePermit,Tents,
Dollar Lake,NS ,4,Full,CampsitePermit,Single Tent,
Thomas Raddall,BC ,1,Full,CampsitePermit,Less than 40ft,
Five Islands,NB ,2,Full,CampsitePermit,Single Tent,
Caribou Munroes,NS ,2,Full,CampsitePermit,Single Tent,
Rissers Beach,NS ,6,Full,CampsitePermit,Tents,
Mira River,QC ,4,Full,CampsitePermit,Single Tent,
Graves Island,NS ,5,Full,CampsitePermit,Less than 20ft,
Laurie,NS ,3,Full,CampsitePermit,Less than 20ft,
The Islands,NB ,2,Full,CampsitePermit,Single Tent,
Dollar Lake,NS ,6,Full,CampsitePermit,Single Tent,
Rissers Beach,NS ,3,Full,CampsitePermit,Single Tent,
Rissers Beach,NS ,6,Full,CampsitePermit,Tents,
Laurie,NS ,4,Senior,CampsitePermit,Tents,
Smileys,NS ,4,Full,CampsitePermit,Less than 20ft,
Rissers Beach,NS ,2,Full,CampsitePermit,Less than 20ft,
Dollar Lake,NS ,4,Full,CampsitePermit,Single Tent,
Battery,ON ,1,Senior,CampsitePermit,Single Tent,
Five Islands,NS ,1,Host,CampsitePermit,Less than 20ft,
Graves Island,NS ,4,Full,CampsitePermit,Less than 20ft,
Whycocomagh,ON ,1,Full,CampsitePermit,Less than 30ft,
Smileys,NS ,5,Full,CampsitePermit,Tents,
Whycocomagh,BC ,2,Full,CampsitePermit,Single Tent,
Porters Lake,NS ,4,Full,CampsitePermit,Single Tent,
Whycocomagh,ON ,2,Full,CampsitePermit,Single Tent,
Graves Island,NS ,2,Full,CampsitePermit,Less than 20ft,
Amherst Shore,NS ,2,Full,CampsitePermit,Single Tent,
Dollar Lake,NS ,4,Full,CampsitePermit,Tents,
Graves Island,QC ,2,Full,CampsitePermit,Less than 20ft,
Dollar Lake,NS ,3,Full,CampsitePermit,Single Tent,
Dollar Lake,NS ,2,Full,CampsitePermit,Single Tent,
Amherst Shore,NB ,2,Senior,CampsitePermit,Less than 30ft,
Thomas Raddall,ON ,2,Full,CampsitePermit,Tents,
Graves Island,NS ,2,Full,CampsitePermit,Less than 30ft,
Ellenwood Lake,NS ,5,Full,CampsitePermit,Tents,
Smileys,NS ,2,Senior,CampsitePermit,Less than 40ft,
Dollar Lake,NS ,2,Full,CampsitePermit,Less than 30ft,
Smileys,NS ,5,Full,CampsitePermit,Less than 30ft,
Boylston,NS ,2,Senior,CampsitePermit,Less than 30ft,
Five Islands,ON ,1,Full,CampsitePermit,Single Tent,
Caribou Munroes,QC ,5,Full,CampsitePermit,Less than 30ft,
Porters Lake,NS ,3,Full,CampsitePermit,Less than 30ft,
Graves Island,NS ,2,Full,CampsitePermit,Less than 30ft,
Porters Lake,BC ,2,Full,CampsitePermit,Less than 40ft,
Thomas Raddall,NS ,6,Full,CampsitePermit,Less than 30ft,
Thomas Raddall,NS ,4,Full,CampsitePermit,Single Tent,
Cape Chignecto,NS ,2,Full,BackcountryPermit,Single Tent,
Mira River,NS ,4,Full,CampsitePermit,Less than 40ft,
Caribou Munroes,ON ,2,Full,CampsitePermit,Single Tent,
Battery,BC ,2,Full,CampsitePermit,Single Tent,
Cape Chignecto,ON ,5,Full,BackcountryPermit,Single Tent,
Dollar Lake,NS ,4,Full,CampsitePermit,Single Tent,
Battery,NS ,1,Full,CampsitePermit,Single Tent,
Caribou Munroes,MB ,2,Full,CampsitePermit,Single Tent,
Ellenwood Lake,NS ,4,Full,CampsitePermit,Less than 40ft,
Thomas Raddall,NS ,6,Full,CampsitePermit,Tents,
Five Islands,NS ,2,Senior,CampsitePermit,Less than 20ft,
Porters Lake,NS ,4,Full,CampsitePermit,Less than 30ft,
Battery,NS ,5,Full,CampsitePermit,Single Tent,
Battery,ON ,2,Full,CampsitePermit,Single Tent,
Graves Island,ON ,4,Full,CampsitePermit,Tents,
Caribou Munroes,QC ,2,Full,CampsitePermit,Single Tent,
Rissers Beach,ON ,6,Veteran,CampsitePermit,Less than 20ft,
Caribou Munroes,ON ,2,Full,CampsitePermit,Single Tent,
Caribou Munroes,BC ,2,Senior,CampsitePermit,Less than 30ft,
Porters Lake,NS ,3,Senior,CampsitePermit,Less than 40ft,
Whycocomagh,ON ,2,Full,CampsitePermit,Single Tent,
Whycocomagh,NS ,2,Full,CampsitePermit,Single Tent,
Smileys,NS ,4,Full,CampsitePermit,Less than 20ft,
Valleyview,NS ,2,Full,CampsitePermit,Single Tent,
Graves Island,NS ,2,Senior,CampsitePermit,Single Tent,
Porters Lake,NS ,2,Full,CampsitePermit,Single Tent,
Graves Island,NS ,2,Full,CampsitePermit,Less than 30ft,
Dollar Lake,NS ,2,Full,CampsitePermit,Less than 20ft,
Amherst Shore,QC ,3,Full,CampsitePermit,Less than 20ft,
Graves Island,NS ,3,Full,CampsitePermit,Less than 30ft,
Graves Island,NS ,2,Full,CampsitePermit,Less than 30ft,
Porters Lake,NS ,2,Full,CampsitePermit,Less than 30ft,
Mira River,QC ,3,Full,CampsitePermit,Less than 20ft,
Mira River,NS ,4,Full,CampsitePermit,Less than 30ft,
Laurie,NS ,2,Full,CampsitePermit,Single Tent,
Battery,ON ,5,Full,CampsitePermit,Less than 40ft,
Boylston,QC ,1,Full,CampsitePermit,Less than 20ft,
The Islands,NS ,1,Full,CampsitePermit,Single Tent,
Mira River,NS ,3,Full,CampsitePermit,Single Tent,
Salsman,NS ,2,Full,CampsitePermit,Tents,
Rissers Beach,NS ,3,Full,CampsitePermit,Less than 20ft,
Smileys,NS ,3,Full,CampsitePermit,Single Tent,
Salsman,NS ,3,Full,CampsitePermit,Less than 20ft,
Mira River,NS ,3,Full,CampsitePermit,Single Tent,
Porters Lake,QC ,2,Full,CampsitePermit,Less than 30ft,
Caribou Munroes,ON ,2,Full,CampsitePermit,Single Tent,
Graves Island,QC ,2,Full,CampsitePermit,Single Tent,
Five Islands,NS ,4,Full,CampsitePermit,Tents,
Thomas Raddall,NS ,5,Full,CampsitePermit,Less than 20ft,
Laurie,QC ,1,Full,CampsitePermit,Single Tent,
Porters Lake,ON ,2,Full,CampsitePermit,Single Tent,
Rissers Beach,NS ,5,Full,CampsitePermit,Less than 20ft,
Thomas Raddall,NS ,2,Full,CampsitePermit,Single Tent,
Cape Chignecto,NB ,4,Full,BackcountryPermit,Single Tent,
Caribou Munroes,NS ,2,Full,CampsitePermit,Less than 30ft,
Caribou Munroes,NS ,2,Senior,CampsitePermit,Less than 30ft,
Five Islands,NS ,2,Full,CampsitePermit,Single Tent,
Five Islands,NS ,5,Full,CampsitePermit,Single Tent,
Blomidon,QC ,4,Full,CampsitePermit,Less than 20ft,
Caribou Munroes,ON ,2,Full,CampsitePermit,Single Tent,
Five Islands,ON ,5,Full,CampsitePermit,Single Tent,
Smileys,NS ,2,Full,CampsitePermit,Less than 30ft,
Porters Lake,NS ,2,Full,CampsitePermit,Single Tent,
Cape Chignecto,NB ,1,Full,BackcountryPermit,Single Tent,
Caribou Munroes,NS ,2,Full,CampsitePermit,Less than 30ft,
Rissers Beach,NS ,3,Full,CampsitePermit,Tents,
Mira River,NS ,4,Full,CampsitePermit,Single Tent,
Five Islands,NS ,2,Full,CampsitePermit,Single Tent,
Whycocomagh,NS ,4,Full,CampsitePermit,Less than 30ft,
Ellenwood Lake,QC ,2,Full,CampsitePermit,Single Tent,
Blomidon,BC ,1,Full,CampsitePermit,Single Tent,
Mira River,NS ,4,Full,CampsitePermit,Less than 20ft,
Rissers Beach,NS ,4,Full,CampsitePermit,Tents,
Five Islands,NS ,2,Full,CampsitePermit,Single Tent,
Mira River,NS ,3,Full,CampsitePermit,Single Tent,
Mira River,NS ,2,Full,CampsitePermit,Single Tent,
Blomidon,NS ,6,Full,CampsitePermit,Tents,
Laurie,NS ,2,Full,CampsitePermit,Single Tent,
Salsman,NS ,4,Full,CampsitePermit,Less than 20ft,
Dollar Lake,NS ,4,Senior,CampsitePermit,Less than 20ft,
Boylston,NB ,2,Full,CampsitePermit,Single Tent,
Rissers Beach,NS ,6,Full,CampsitePermit,Tents,
Mira River,ON ,2,Full,CampsitePermit,Less than 20ft,
Ellenwood Lake,QC ,2,Senior,CampsitePermit,Single Tent,
Cape Chignecto,ON ,2,Full,BackcountryPermit,Single Tent,
Porters Lake,NL ,2,Veteran,CampsitePermit,Less than 30ft,
Amherst Shore,NS ,3,Full,CampsitePermit,Less than 20ft,
Dollar Lake,NS ,4,Full,CampsitePermit,Less than 30ft,
Graves Island,NS ,1,Full,CampsitePermit,Single Tent,
Thomas Raddall,QC ,3,Full,CampsitePermit,Less than 20ft,
The Islands,NS ,2,Full,CampsitePermit,Less than 20ft,
Amherst Shore,ON ,6,Full,CampsitePermit,Less than 40ft,
Rissers Beach,NS ,2,Full,CampsitePermit,Single Tent,
Thomas Raddall,NS ,4,Full,CampsitePermit,Less than 40ft,
Graves Island,NS ,2,Full,CampsitePermit,Single Tent,
The Islands,NS ,3,Full,CampsitePermit,Single Tent,
Graves Island,NS ,4,Full,CampsitePermit,Tents,
Mira River,NS ,6,Full,CampsitePermit,Less than 20ft,
Mira River,NS ,7,Full,CampsitePermit,Tents,
Graves Island,NS ,2,Full,CampsitePermit,Less than 20ft,
Dollar Lake,NS ,2,Full,CampsitePermit,Tents,
Graves Island,PE ,2,Full,CampsitePermit,Single Tent,
Rissers Beach,NS ,5,Full,CampsitePermit,Single Tent,
Cape Chignecto,NS ,4,Full,BackcountryPermit,Single Tent,
Battery,ON ,2,Senior,CampsitePermit,Single Tent,
Rissers Beach,NS ,2,Veteran,CampsitePermit,Single Tent,
Graves Island,QC ,5,Full,CampsitePermit,Single Tent,
Porters Lake,NB ,1,Full,CampsitePermit,Tents,
Ellenwood Lake,NS ,2,Full,CampsitePermit,Single Tent,
Valleyview,NS ,3,Full,CampsitePermit,Single Tent,
Whycocomagh,QC ,2,Full,CampsitePermit,Less than 20ft,
Rissers Beach,NS ,5,Full,CampsitePermit,Single Tent,
Dollar Lake,NS ,2,Full,CampsitePermit,Single Tent,
Mira River,NS ,2,Full,CampsitePermit,Less than 20ft,
Mira River,NS ,4,Full,CampsitePermit,Single Tent,
Ellenwood Lake,NS ,4,Full,CampsitePermit,Tents,
Thomas Raddall,NS ,2,Full,CampsitePermit,Single Tent,
Rissers Beach,NS ,4,Full,CampsitePermit,Less than 40ft,
Rissers Beach,NS ,2,Full,CampsitePermit,Single Tent,
Graves Island,PE ,6,Full,CampsitePermit,Less than 40ft,
Rissers Beach,NS ,2,Full,CampsitePermit,Single Tent,
Dollar Lake,NS ,2,Full,CampsitePermit,Single Tent,
Dollar Lake,NS ,6,Full,CampsitePermit,Tents,
Laurie,NS ,3,Full,CampsitePermit,Single Tent,
The Islands,BC ,2,Full,CampsitePermit,Less than 20ft,
Amherst Shore,NB ,2,Senior,CampsitePermit,Less than 30ft,
Caribou Munroes,NS ,2,Senior,CampsitePermit,Less than 30ft,
Boylston,NS ,1,Full,CampsitePermit,Less than 20ft,
Graves Island,NS ,4,Full,CampsitePermit,Less than 30ft,
Porters Lake,NS ,4,Full,CampsitePermit,Less than 30ft,
Smileys,NS ,3,Full,CampsitePermit,Less than 30ft,
Blomidon,NS ,4,Full,CampsitePermit,Less than 30ft,
Battery,QC ,2,Full,CampsitePermit,Single Tent,
Valleyview,NS ,1,Full,CampsitePermit,Single Tent,
Mira River,NS ,4,Full,CampsitePermit,Single Tent,
Thomas Raddall,NS ,5,Full,CampsitePermit,Single Tent,
Ellenwood Lake,NS ,4,Full,CampsitePermit,Tents,
The Islands,BC ,2,Senior,CampsitePermit,Less than 30ft,
Five Islands,NS ,6,Full,CampsitePermit,Tents,
Rissers Beach,NS ,4,Full,CampsitePermit,Less than 20ft,
Ellenwood Lake,NS ,3,Full,CampsitePermit,Single Tent,
Porters Lake,NB ,4,Full,CampsitePermit,Tents,
Smileys,NS ,3,Full,CampsitePermit,Less than 40ft,
Rissers Beach,NS ,8,Full,CampsitePermit,Single Tent,
Thomas Raddall,NS ,1,Senior,CampsitePermit,Less than 20ft,
Rissers Beach,NS ,1,Full,CampsitePermit,Less than 30ft,
Ellenwood Lake,NS ,2,Senior,CampsitePermit,Less than 20ft,
Caribou Munroes,ON ,2,Full,CampsitePermit,Less than 20ft,
Ellenwood Lake,NS ,2,Senior,CampsitePermit,Less than 30ft,
Amherst Shore,ON ,2,Senior,CampsitePermit,Single Tent,
Five Islands,NS ,2,Full,CampsitePermit,Less than 30ft,
Porters Lake,QC ,2,Full,CampsitePermit,Single Tent,
Caribou Munroes,NS ,2,Full,CampsitePermit,Less than 20ft,
Laurie,NS ,4,Full,CampsitePermit,Single Tent,
Mira River,NS ,2,Full,CampsitePermit,Single Tent,
Smileys,NS ,2,Full,CampsitePermit,Less than 20ft,
Valleyview,NS ,7,Full,CampsitePermit,Tents,
Dollar Lake,NS ,2,Full,CampsitePermit,Single Tent,
Smileys,NS ,2,Full,CampsitePermit,Single Tent,
Blomidon,NS ,4,Full,CampsitePermit,Tents,
Graves Island,NS ,3,Full,CampsitePermit,Less than 30ft,
Rissers Beach,NS ,6,Full,CampsitePermit,Single Tent,
Mira River,BC ,2,Veteran,CampsitePermit,Single Tent,
Blomidon,NS ,2,Full,CampsitePermit,Less than 30ft,
Dollar Lake,NS ,2,Full,CampsitePermit,Less than 30ft,
Cape Chignecto,NS ,2,Full,BackcountryPermit,Single Tent,
Dollar Lake,NS ,5,Full,CampsitePermit,Tents,
Caribou Munroes,NS ,6,Full,CampsitePermit,Less than 30ft,
Graves Island,NS ,2,Full,CampsitePermit,Less than 30ft,
Porters Lake,NS ,1,Full,CampsitePermit,Single Tent,
Battery,ON ,7,Full,CampsitePermit,Less than 20ft,
Caribou Munroes,NS ,4,Full,CampsitePermit,Less than 20ft,
Cape Chignecto,ON ,2,Full,BackcountryPermit,Single Tent,
Graves Island,NS ,1,Full,CampsitePermit,Single Tent,
Whycocomagh,NS ,4,Full,YurtPermit,Tents,
Dollar Lake,NS ,2,Senior,CampsitePermit,Less than 20ft,
Cape Chignecto,NS ,2,Full,BackcountryPermit,Single Tent,
Dollar Lake,NS ,4,Full,CampsitePermit,Less than 20ft,
Graves Island,NS ,2,Full,CampsitePermit,Less than 20ft,
Porters Lake,NS ,3,Full,CampsitePermit,Single Tent,
Blomidon,NS ,3,Full,CampsitePermit,Less than 20ft,
Graves Island,NS ,1,Full,CampsitePermit,Single Tent,
Caribou Munroes,AB ,2,Full,CampsitePermit,Single Tent,
Thomas Raddall,QC ,2,Full,CampsitePermit,Single Tent,
Laurie,ON ,2,Full,CampsitePermit,Single Tent,
Rissers Beach,ON ,2,Full,CampsitePermit,Single Tent,
Battery,ON ,2,Full,CampsitePermit,Single Tent,
Rissers Beach,NS ,3,Full,CampsitePermit,Single Tent,
Dollar Lake,NS ,3,Full,CampsitePermit,Less than 30ft,
Blomidon,NS ,4,Full,CampsitePermit,Single Tent,
Caribou Munroes,ON ,2,Full,CampsitePermit,Single Tent,
Caribou Munroes,AB ,2,Full,CampsitePermit,Single Tent,
Thomas Raddall,NS ,2,Full,CampsitePermit,Single Tent,
Battery,NS ,4,Full,CampsitePermit,Single Tent,
The Islands,QC ,2,Full,CampsitePermit,Single Tent,
Dollar Lake,NS ,1,Full,CampsitePermit,Tents,
Graves Island,NS ,5,Full,CampsitePermit,Single Tent,
The Islands,NS ,2,Full,CampsitePermit,Single Tent,
Rissers Beach,NS ,2,Full,CampsitePermit,Less than 20ft,
Laurie,ON ,2,Full,CampsitePermit,Single Tent,
Battery,QC ,3,Full,CampsitePermit,Single Tent,
Graves Island,NS ,4,Full,CampsitePermit,Single Tent,
Cape Chignecto,NB ,4,Full,BackcountryPermit,Single Tent,
Laurie,NS ,6,Full,CampsitePermit,Tents,
Caribou Munroes,NS ,4,Full,CampsitePermit,Less than 20ft,
Caribou Munroes,NS ,5,Full,CampsitePermit,Less than 30ft,
Ellenwood Lake,NS ,5,Full,CampsitePermit,Single Tent,
Five Islands,ON ,2,Full,CampsitePermit,Less than 20ft,
Mira River,NB ,1,Full,CampsitePermit,Single Tent,
Laurie,NS ,3,Full,CampsitePermit,Single Tent,
Dollar Lake,NS ,2,Full,CampsitePermit,Single Tent,
Salsman,NS ,2,Full,CampsitePermit,Single Tent,
Blomidon,NS ,2,Full,CampsitePermit,Single Tent,
Mira River,NS ,2,Full,CampsitePermit,Single Tent,
Smileys,NS ,2,Full,CampsitePermit,Less than 30ft,
Cape Chignecto,NB ,2,Full,BackcountryPermit,Single Tent,
Mira River,NS ,1,Full,CampsitePermit,Single Tent,
Mira River,NS ,2,Full,CampsitePermit,Less than 40ft,
Dollar Lake,NS ,5,Full,CampsitePermit,Single Tent,
Mira River,NS ,4,Full,CampsitePermit,Single Tent,
Cape Chignecto,NB ,5,Full,BackcountryPermit,Cabin,
Smileys,NS ,2,Full,CampsitePermit,Single Tent,
Blomidon,NS ,2,FULL,CampsitePermit,Single Tent,
Battery,NS ,4,Full,CampsitePermit,Single Tent,
Dollar Lake,NS ,2,Full,CampsitePermit,Single Tent,
Blomidon,NS ,6,Full,CampsitePermit,Tents,
Caribou Munroes,NS ,6,Full,CampsitePermit,Tents,
Mira River,NS ,2,Full,CampsitePermit,Less than 20ft,
Amherst Shore,NS ,2,Full,CampsitePermit,Less than 20ft,
Blomidon,ON ,4,Full,CampsitePermit,Single Tent,
Mira River,QC ,2,Full,CampsitePermit,Single Tent,
Dollar Lake,NS ,6,Full,CampsitePermit,Single Tent,
Mira River,NS ,2,Full,CampsitePermit,Less than 30ft,
Caribou Munroes,NS ,1,Full,CampsitePermit,Single Tent,
Mira River,AB ,2,Full,CampsitePermit,Single Tent,
Valleyview,QC ,2,Full,CampsitePermit,Single Tent,
Graves Island,NS ,2,Veteran,CampsitePermit,Less than 30ft,
Rissers Beach,NS ,2,Full,CampsitePermit,Less than 20ft,
Ellenwood Lake,ON ,4,Full,CampsitePermit,Single Tent,
Rissers Beach,NS ,6,Full,CampsitePermit,Less than 30ft,
Blomidon,NS ,2,Full,CampsitePermit,Less than 20ft,
Amherst Shore,AB ,2,Senior,CampsitePermit,Less than 40ft,
Rissers Beach,NS ,2,Full,CampsitePermit,Single Tent,
Rissers Beach,NS ,3,Full,CampsitePermit,Tents,
Battery,NS ,2,Full,CampsitePermit,Single Tent,
Porters Lake,QC ,3,Full,CampsitePermit,Single Tent,
Dollar Lake,NS ,2,Full,CampsitePermit,Less than 30ft,
Caribou Munroes,NS ,3,Full,CampsitePermit,Tents,
Caribou Munroes,NS ,4,Full,CampsitePermit,Less than 30ft,
Thomas Raddall,ON ,6,Full,CampsitePermit,Less than 20ft,
Porters Lake,NS ,6,Full,CampsitePermit,Tents,
Graves Island,QC ,2,Full,CampsitePermit,Less than 20ft,
Salsman,QC ,2,Full,CampsitePermit,Less than 30ft,
Mira River,SK ,2,Senior,CampsitePermit,Less than 30ft,
Mira River,NS ,2,Full,CampsitePermit,Less than 20ft,
Battery,NS ,2,Full,CampsitePermit,Single Tent,
Dollar Lake,NS ,4,Full,CampsitePermit,Single Tent,
Amherst Shore,NS ,6,Full,CampsitePermit,Single Tent,
Rissers Beach,NS ,3,Senior,CampsitePermit,Less than 20ft,
Ellenwood Lake,NS ,1,Full,CampsitePermit,Single Tent,
Mira River,NS ,2,Full,CampsitePermit,Less than 20ft,
Thomas Raddall,NS ,2,Full,CampsitePermit,Single Tent,
Graves Island,NS ,6,Full,CampsitePermit,Tents,
Caribou Munroes,NS ,2,Full,CampsitePermit,Less than 20ft,
Smileys,NS ,4,Full,CampsitePermit,Less than 20ft,
Thomas Raddall,NS ,2,Senior,CampsitePermit,Less than 20ft,
Graves Island,NS ,2,Senior,CampsitePermit,Tents,
Mira River,NS ,6,Full,CampsitePermit,Tents,
Valleyview,NS ,2,Senior,CampsitePermit,Single Tent,
Blomidon,NS ,2,Full,CampsitePermit,Less than 30ft,
Graves Island,NS ,1,Full,CampsitePermit,Single Tent,
Mira River,NS ,5,Full,CampsitePermit,Less than 30ft,
Rissers Beach,NS ,2,Full,CampsitePermit,Single Tent,
Thomas Raddall,NS ,1,Full,CampsitePermit,Single Tent,
Whycocomagh,NS ,2,Senior,CampsitePermit,Less than 20ft,
Five Islands,ON ,2,Full,CampsitePermit,Single Tent,
Smileys,NS ,4,Full,CampsitePermit,Single Tent,
Five Islands,ON ,3,Full,CampsitePermit,Tents,
Laurie,NS ,2,Full,CampsitePermit,Single Tent,
Porters Lake,NS ,2,Full,CampsitePermit,Tents,
Whycocomagh,QC ,1,Full,CampsitePermit,Single Tent,
Caribou Munroes,NS ,2,Full,CampsitePermit,Single Tent,
Mira River,NS ,2,Full,CampsitePermit,Less than 20ft,
Cape Chignecto,NB ,2,Full,BackcountryPermit,Single Tent,
Rissers Beach,AB ,3,Full,CampsitePermit,Single Tent,
Rissers Beach,BC ,3,Full,CampsitePermit,Less than 30ft,
Rissers Beach,NS ,4,Full,CampsitePermit,Less than 30ft,
Rissers Beach,NS ,3,Full,CampsitePermit,Tents,
Smileys,NS ,2,Full,CampsitePermit,Less than 40ft,
Battery,QC ,2,Full,CampsitePermit,Single Tent,
Whycocomagh,QC ,4,Full,CampsitePermit,Less than 30ft,
Rissers Beach,NB ,3,Full,CampsitePermit,Tents,
Graves Island,NS ,3,Full,CampsitePermit,Less than 30ft,
Rissers Beach,NS ,2,Full,CampsitePermit,Less than 20ft,
The Islands,NS ,2,Senior,CampsitePermit,Tents,
Dollar Lake,NS ,5,Full,CampsitePermit,Single Tent,
Amherst Shore,NS ,2,Full,CampsitePermit,Less than 20ft,
Five Islands,NS ,2,Full,CampsitePermit,Single Tent,
Dollar Lake,NS ,3,Full,CampsitePermit,Single Tent,
Mira River,NS ,2,Senior,CampsitePermit,Less than 20ft,
Mira River,QC ,2,Full,CampsitePermit,Single Tent,
Smileys,NS ,4,Full,CampsitePermit,Less than 30ft,
Rissers Beach,NS ,3,Full,CampsitePermit,Single Tent,
Smileys,NS ,4,Full,CampsitePermit,Less than 20ft,
Graves Island,NS ,2,Veteran,CampsitePermit,Less than 20ft,
Thomas Raddall,BC ,2,Senior,CampsitePermit,Less than 20ft,
Graves Island,NS ,2,Full,CampsitePermit,Less than 20ft,
Graves Island,ON ,1,Senior,CampsitePermit,Single Tent,
Smileys,NS ,4,Full,CampsitePermit,Single Tent,
Whycocomagh,NS ,6,Full,CampsitePermit,Single Tent,
Porters Lake,QC ,2,Full,CampsitePermit,Less than 30ft,
Cape Chignecto,NB ,1,Full,BackcountryPermit,Single Tent,
Dollar Lake,NS ,5,Full,CampsitePermit,Single Tent,
Laurie,NS ,3,Full,CampsitePermit,Single Tent,
Blomidon,NS ,1,Full,CampsitePermit,Single Tent,
Dollar Lake,NS ,2,Full,CampsitePermit,Less than 20ft,
Rissers Beach,NS ,5,Full,CampsitePermit,Single Tent,
Rissers Beach,NS ,1,Full,CampsitePermit,Single Tent,
Graves Island,NS ,2,Senior,CampsitePermit,Single Tent,
Porters Lake,NS ,2,Full,CampsitePermit,Single Tent,
Graves Island,ON ,2,Full,CampsitePermit,Single Tent,
Amherst Shore,NS ,2,Senior,CampsitePermit,Less than 20ft,
Rissers Beach,NS ,2,Full,CampsitePermit,Less than 30ft,
Rissers Beach,QC ,2,Full,CampsitePermit,Single Tent,
The Islands,NS ,5,Full,CampsitePermit,Less than 20ft,
Smileys,NS ,2,Full,CampsitePermit,Single Tent,
Thomas Raddall,ON ,2,Full,CampsitePermit,Single Tent,
Mira River,NS ,3,Full,CampsitePermit,Single Tent,
Dollar Lake,ON ,1,Full,CampsitePermit,Single Tent,
Cape Chignecto,QC ,2,Full,BackcountryPermit,Single Tent,
Thomas Raddall,NS ,2,Full,CampsitePermit,Less than 20ft,
Laurie,NS ,2,Full,CampsitePermit,Less than 30ft,
Thomas Raddall,NS ,4,Full,CampsitePermit,Less than 20ft,
Battery,NS ,3,Full,CampsitePermit,Single Tent,
Blomidon,QC ,2,Full,CampsitePermit,Less than 30ft,
Smileys,NS ,3,Full,CampsitePermit,Single Tent,
Five Islands,QC ,2,Full,CampsitePermit,Single Tent,
Caribou Munroes,QC ,2,Senior,CampsitePermit,Less than 20ft,
Thomas Raddall,NS ,3,Full,CampsitePermit,Single Tent,
Ellenwood Lake,NS ,4,Full,CampsitePermit,Less than 30ft,
Dollar Lake,NS ,2,Full,CampsitePermit,Less than 20ft,
Amherst Shore,NS ,2,Full,CampsitePermit,Less than 20ft,
The Islands,NS ,4,Full,CampsitePermit,Less than 30ft,
Blomidon,NS ,1,Full,CampsitePermit,Single Tent,
Thomas Raddall,NS ,6,Full,CampsitePermit,Less than 20ft,
Salsman,ON ,2,Senior,CampsitePermit,Less than 40ft,
Porters Lake,NS ,5,Full,CampsitePermit,Tents,
Porters Lake,NL ,2,Full,CampsitePermit,Less than 30ft,
Rissers Beach,NS ,5,Full,CampsitePermit,Single Tent,
Mira River,NS ,6,Full,CampsitePermit,Less than 30ft,
Smileys,NS ,3,Full,CampsitePermit,Tents,
Blomidon,NS ,1,Full,CampsitePermit,Single Tent,
Graves Island,QC ,2,Full,CampsitePermit,Single Tent,
Five Islands,BC ,2,Full,CampsitePermit,Single Tent,
Cape Chignecto,NB ,2,Full,BackcountryPermit,Single Tent,
Graves Island,NS ,6,Full,CampsitePermit,Less than 30ft,
Valleyview,NB ,3,Full,CampsitePermit,Single Tent,
Graves Island,NS ,4,Full,CampsitePermit,Less than 30ft,
Mira River,NS ,4,Full,CampsitePermit,Less than 30ft,
Whycocomagh,ON ,2,Senior,CampsitePermit,Single Tent,
Ellenwood Lake,NS ,2,Senior,CampsitePermit,Less than 20ft,
Rissers Beach,NS ,2,Senior,CampsitePermit,Less than 30ft,
Mira River,NS ,2,Full,CampsitePermit,Single Tent,
Rissers Beach,NS ,2,Senior,CampsitePermit,Less than 30ft,
Thomas Raddall,ON ,2,Full,CampsitePermit,Single Tent,
Graves Island,NS ,1,Full,CampsitePermit,Single Tent,
Cape Chignecto,NS ,2,Full,BackcountryPermit,Single Tent,
Caribou Munroes,NS ,5,Full,CampsitePermit,Less than 30ft,
Mira River,ON ,2,Full,CampsitePermit,Single Tent,
Blomidon,QC ,3,Full,CampsitePermit,Less than 30ft,
Thomas Raddall,NS ,6,Full,CampsitePermit,Less than 30ft,
Ellenwood Lake,NS ,4,Full,CampsitePermit,Single Tent,
Valleyview,PE ,2,Full,CampsitePermit,Single Tent,
Mira River,NS ,4,Full,CampsitePermit,Less than 30ft,
Dollar Lake,NS ,6,Full,CampsitePermit,Single Tent,
Caribou Munroes,NS ,4,Full,CampsitePermit,Tents,
Thomas Raddall,QC ,5,Full,CampsitePermit,Less than 30ft,
Caribou Munroes,NS ,4,Full,CampsitePermit,Less than 20ft,
Mira River,NS ,5,Full,CampsitePermit,Less than 30ft,
Amherst Shore,QC ,2,Full,CampsitePermit,Single Tent,
Porters Lake,NS ,2,Full,CampsitePermit,Single Tent,
Porters Lake,NS ,4,Full,CampsitePermit,Tents,
Ellenwood Lake,NS ,2,Full,CampsitePermit,Single Tent,
Mira River,NS ,4,Full,CampsitePermit,Single Tent,
Caribou Munroes,NS ,2,Veteran,CampsitePermit,Less than 30ft,
Caribou Munroes,NS ,2,Full,CampsitePermit,Single Tent,
Dollar Lake,NS ,2,Full,CampsitePermit,Single Tent,
Smileys,NS ,4,Full,CampsitePermit,Single Tent,
Caribou Munroes,NS ,2,Full,CampsitePermit,Tents,
Whycocomagh,NS ,4,Senior,CampsitePermit,Less than 20ft,
Caribou Munroes,NS ,2,Full,CampsitePermit,Single Tent,
Caribou Munroes,NS ,5,Full,CampsitePermit,Tents,
Mira River,NS ,1,Full,CampsitePermit,Single Tent,
Thomas Raddall,NS ,1,Full,CampsitePermit,Single Tent,
Blomidon,NS ,2,Full,CampsitePermit,Less than 40ft,
Blomidon,QC ,2,Full,CampsitePermit,Single Tent,
Rissers Beach,NS ,5,Full,CampsitePermit,Less than 30ft,
Caribou Munroes,QC ,5,Full,CampsitePermit,Single Tent,
Graves Island,QC ,2,Full,CampsitePermit,Single Tent,
Five Islands,NS ,2,Senior,CampsitePermit,Less than 20ft,
Ellenwood Lake,NS ,3,Full,CampsitePermit,Single Tent,
Graves Island,NS ,2,Senior,CampsitePermit,Single Tent,
Cape Chignecto,NS ,2,Full,BackcountryPermit,Single Tent,
Rissers Beach,QC ,4,Full,CampsitePermit,Less than 20ft,
Blomidon,NS ,4,Full,CampsitePermit,Less than 20ft,
Graves Island,NS ,2,Full,CampsitePermit,Single Tent,
Salsman,NS ,2,Full,CampsitePermit,Less than 20ft,
The Islands,QC ,2,Full,CampsitePermit,Less than 30ft,
Dollar Lake,NS ,4,Full,CampsitePermit,Single Tent,
Mira River,NS ,2,Full,CampsitePermit,Tents,
Dollar Lake,NS ,4,Full,CampsitePermit,Less than 20ft,
Blomidon,NS ,2,Full,CampsitePermit,Less than 20ft,
Amherst Shore,NS ,2,Full,CampsitePermit,Single Tent,
Battery,NS ,2,Host,CampsitePermit,Single Tent,
Dollar Lake,NS ,1,Full,CampsitePermit,Single Tent,
Amherst Shore,ON ,2,Senior,CampsitePermit,Single Tent,
Amherst Shore,NS ,2,Senior,CampsitePermit,Single Tent,
Thomas Raddall,NS ,4,Full,CampsitePermit,Less than 20ft,
Mira River,NS ,4,Full,CampsitePermit,Single Tent,
The Islands,QC ,2,Full,CampsitePermit,Less than 30ft,
Salsman,NS ,2,Full,CampsitePermit,Less than 40ft,
Cape Chignecto,NS ,3,Full,BackcountryPermit,Cabin,
Caribou Munroes,NS ,3,Full,CampsitePermit,Single Tent,
Caribou Munroes,ON ,3,Full,CampsitePermit,Less than 40ft,
Mira River,NS ,2,Full,CampsitePermit,Less than 30ft,
Caribou Munroes,NS ,2,Full,CampsitePermit,Single Tent,
Dollar Lake,NS ,1,Senior,CampsitePermit,Less than 30ft,
Dollar Lake,NS ,6,Full,CampsitePermit,Tents,
Graves Island,NS ,2,Full,CampsitePermit,Less than 30ft,
Thomas Raddall,NS ,2,Full,CampsitePermit,Less than 30ft,
Porters Lake,NS ,6,Full,CampsitePermit,Tents,
Five Islands,ON ,2,Full,CampsitePermit,Single Tent,
Amherst Shore,QC ,2,Full,CampsitePermit,Single Tent,
Battery,NS ,2,Full,CampsitePermit,Less than 30ft,
Battery,BC ,5,Full,CampsitePermit,Single Tent,
Thomas Raddall,NS ,4,Full,CampsitePermit,Single Tent,
Battery,ON ,3,Full,CampsitePermit,Single Tent,
Dollar Lake,NS ,4,Full,CampsitePermit,Single Tent,
Rissers Beach,NS ,1,Senior,CampsitePermit,Single Tent,
Ellenwood Lake,NS ,2,Full,CampsitePermit,Less than 30ft,
Thomas Raddall,NS ,2,Full,CampsitePermit,Less than 20ft,
Caribou Munroes,NS ,3,Full,CampsitePermit,Less than 30ft,
Rissers Beach,NS ,1,Full,CampsitePermit,Single Tent,
Ellenwood Lake,NS ,4,Full,CampsitePermit,Single Tent,
Caribou Munroes,NS ,2,Full,CampsitePermit,Less than 20ft,
Graves Island,NS ,2,Full,CampsitePermit,Less than 20ft,
Graves Island,QC ,1,Full,CampsitePermit,Single Tent,
Dollar Lake,NS ,4,Full,CampsitePermit,Single Tent,
Dollar Lake,NS ,6,Full,CampsitePermit,Tents,
Salsman,NS ,3,Full,CampsitePermit,Less than 30ft,
Rissers Beach,NS ,2,Full,CampsitePermit,Less than 40ft,
The Islands,NS ,2,Full,CampsitePermit,Single Tent,
Ellenwood Lake,NS ,6,Full,CampsitePermit,Single Tent,
Mira River,NS ,5,Full,CampsitePermit,Less than 20ft,
Porters Lake,NS ,6,Senior,CampsitePermit,Less than 20ft,
Dollar Lake,NS ,3,Full,CampsitePermit,Single Tent,
Five Islands,NS ,4,Full,CampsitePermit,Less than 40ft,
Thomas Raddall,NS ,2,Full,CampsitePermit,Single Tent,
Caribou Munroes,NS ,4,Full,CampsitePermit,Less than 20ft,
Rissers Beach,NS ,3,Full,CampsitePermit,Less than 30ft,
Rissers Beach,NS ,6,Full,CampsitePermit,Tents,
Caribou Munroes,QC ,2,Full,CampsitePermit,Less than 30ft,
Ellenwood Lake,NS ,3,Full,CampsitePermit,Less than 20ft,
Mira River,NS ,4,Full,CampsitePermit,Single Tent,
Whycocomagh,NS ,2,Full,CampsitePermit,Tents,
Dollar Lake,NS ,3,Full,CampsitePermit,Less than 20ft,
Thomas Raddall,ON ,2,Full,CampsitePermit,Less than 30ft,
Blomidon,NS ,2,Full,CampsitePermit,Single Tent,
Battery,AB ,3,Full,CampsitePermit,Single Tent,
Graves Island,NS ,2,Full,CampsitePermit,Less than 30ft,
Graves Island,NS ,2,Full,CampsitePermit,Single Tent,
Battery,NS ,1,Full,CampsitePermit,Single Tent,
Rissers Beach,NS ,4,Full,CampsitePermit,Tents,
Mira River,NS ,4,Full,CampsitePermit,Single Tent,
Caribou Munroes,NS ,4,Full,CampsitePermit,Less than 30ft,
Graves Island,NS ,4,Full,CampsitePermit,Less than 40ft,
Porters Lake,NS ,4,Full,CampsitePermit,Single Tent,
Smileys,NB ,2,Senior,CampsitePermit,Less than 30ft,
Ellenwood Lake,NS ,2,Full,CampsitePermit,Less than 30ft,
Caribou Munroes,ON ,4,Full,CampsitePermit,Less than 20ft,
Caribou Munroes,ON ,2,Full,CampsitePermit,Single Tent,
Ellenwood Lake,NS ,2,Full,CampsitePermit,Single Tent,
Valleyview,NS ,3,Full,CampsitePermit,Less than 20ft,
Smileys,NS ,2,Senior,CampsitePermit,Less than 30ft,
Laurie,NS ,4,Full,CampsitePermit,Single Tent,
Battery,ON ,2,Full,CampsitePermit,Single Tent,
Graves Island,ON ,5,Full,CampsitePermit,Less than 30ft,
The Islands,QC ,1,Full,CampsitePermit,Less than 20ft,
Mira River,NS ,2,Full,CampsitePermit,Less than 30ft,
Thomas Raddall,NS ,2,Full,CampsitePermit,Less than 40ft,
Rissers Beach,NS ,2,Full,CampsitePermit,Less than 40ft,
Rissers Beach,NS ,2,Full,CampsitePermit,Single Tent,
Caribou Munroes,QC ,2,Full,CampsitePermit,Single Tent,
Thomas Raddall,NS ,3,Full,CampsitePermit,Tents,
Graves Island,NS ,2,Senior,CampsitePermit,Less than 30ft,
Mira River,NS ,1,Full,CampsitePermit,Single Tent,
Blomidon,PE ,2,Full,CampsitePermit,Single Tent,
The Islands,NS ,2,Full,CampsitePermit,Single Tent,
Rissers Beach,ON ,2,Full,CampsitePermit,Single Tent,
Blomidon,NS ,4,Full,CampsitePermit,Less than 20ft,
Mira River,NS ,2,Full,CampsitePermit,Less than 30ft,
Caribou Munroes,NB ,3,Full,CampsitePermit,Single Tent,
Mira River,NS ,2,Full,CampsitePermit,Less than 30ft,
Graves Island,NS ,2,Full,CampsitePermit,Less than 40ft,
The Islands,NS ,2,Senior,CampsitePermit,Single Tent,
Graves Island,NS ,1,Senior,CampsitePermit,Single Tent,
Rissers Beach,NS ,4,Full,CampsitePermit,Less than 40ft,
Blomidon,NS ,2,Full,CampsitePermit,Single Tent,
Five Islands,ON ,2,Full,CampsitePermit,Single Tent,
Graves Island,NS ,6,Full,CampsitePermit,Single Tent,
Mira River,NS ,2,Full,CampsitePermit,Less than 30ft,
Ellenwood Lake,AB ,2,Full,CampsitePermit,Single Tent,
Five Islands,NS ,5,Full,CampsitePermit,Single Tent,
Smileys,NS ,2,Full,CampsitePermit,Single Tent,
Caribou Munroes,NS ,2,Full,CampsitePermit,Single Tent,
Dollar Lake,NS ,2,Full,CampsitePermit,Single Tent,
Boylston,NS ,4,Full,CampsitePermit,Single Tent,
Caribou Munroes,NS ,2,Full,CampsitePermit,Less than 20ft,
Caribou Munroes,NS ,2,Full,CampsitePermit,Less than 30ft,
Mira River,NB ,4,Full,CampsitePermit,Less than 30ft,
Dollar Lake,NS ,5,Full,CampsitePermit,Less than 30ft,
Ellenwood Lake,NS ,2,Full,CampsitePermit,Single Tent,
Blomidon,NS ,3,Full,CampsitePermit,Single Tent,
Caribou Munroes,NS ,3,Full,CampsitePermit,Less than 20ft,
Five Islands,NS ,2,Full,CampsitePermit,Single Tent,
Porters Lake,NS ,2,Full,CampsitePermit,Less than 30ft,
Mira River,NS ,3,Full,CampsitePermit,Single Tent,
Smileys,PE ,2,Full,CampsitePermit,Single Tent,
Five Islands,NS ,2,Full,CampsitePermit,Single Tent,
Porters Lake,NS ,2,Full,CampsitePermit,Less than 20ft,
Whycocomagh,NS ,3,Full,CampsitePermit,Tents,
Rissers Beach,NS ,2,Full,CampsitePermit,Single Tent,
Rissers Beach,NS ,2,Full,CampsitePermit,Less than 40ft,
Dollar Lake,NS ,3,Full,CampsitePermit,Single Tent,
Salsman,NS ,2,Full,CampsitePermit,Less than 30ft,
Five Islands,ON ,4,Full,CampsitePermit,Less than 20ft,
Mira River,NS ,6,Full,CampsitePermit,Single Tent,
Blomidon,NS ,3,Full,CampsitePermit,Single Tent,
Battery,NS ,2,Full,CampsitePermit,Single Tent,
Smileys,NS ,5,Full,CampsitePermit,Single Tent,
Graves Island,NS ,1,Full,CampsitePermit,Single Tent,
Ellenwood Lake,NS ,5,Full,CampsitePermit,Single Tent,
Blomidon,NS ,3,Senior,CampsitePermit,Single Tent,
Laurie,NS ,2,Full,CampsitePermit,Single Tent,
Caribou Munroes,NS ,4,Full,CampsitePermit,Single Tent,
Graves Island,NS ,1,Full,CampsitePermit,Single Tent,
Thomas Raddall,NS ,2,Full,CampsitePermit,Less than 30ft,
Five Islands,NS ,5,Full,CampsitePermit,Single Tent,
Caribou Munroes,NS ,2,Full,CampsitePermit,Less than 20ft,
Rissers Beach,NS ,4,Full,CampsitePermit,Single Tent,
Laurie,NS ,2,Full,CampsitePermit,Single Tent,
Caribou Munroes,ON ,2,Senior,CampsitePermit,Less than 20ft,
Dollar Lake,NS ,4,Full,CampsitePermit,Tents,
Caribou Munroes,NS ,2,Full,CampsitePermit,Less than 20ft,
Five Islands,NS ,3,Full,CampsitePermit,Single Tent,
Dollar Lake,NS ,3,Full,CampsitePermit,Single Tent,
Rissers Beach,NS ,2,Full,CampsitePermit,Less than 20ft,
Caribou Munroes,NS ,2,Full,CampsitePermit,Single Tent,
Dollar Lake,NS ,4,Full,CampsitePermit,Less than 20ft,
Dollar Lake,NB ,2,Full,CampsitePermit,Single Tent,
Rissers Beach,NS ,2,Full,CampsitePermit,Single Tent,
Mira River,NS ,4,Full,CampsitePermit,Less than 40ft,
Caribou Munroes,ON ,2,Full,CampsitePermit,Single Tent,
Porters Lake,NS ,4,Full,CampsitePermit,Less than 30ft,
Salsman,NS ,2,Senior,CampsitePermit,Less than 30ft,
Graves Island,NS ,2,Full,CampsitePermit,Single Tent,
Mira River,NB ,2,Full,CampsitePermit,Single Tent,
Dollar Lake,NS ,2,Full,CampsitePermit,Single Tent,
Whycocomagh,QC ,5,Full,CampsitePermit,Single Tent,
Graves Island,NS ,2,Full,CampsitePermit,Less than 20ft,
Graves Island,NS ,5,Full,CampsitePermit,Less than 30ft,
Mira River,NS ,1,Full,CampsitePermit,Single Tent,
Graves Island,NS ,2,Full,CampsitePermit,Single Tent,
Mira River,NS ,3,Full,CampsitePermit,Less than 20ft,
The Islands,NS ,4,Full,CampsitePermit,Tents,
Caribou Munroes,NS ,4,Full,CampsitePermit,Less than 40ft,
Graves Island,NS ,5,Full,CampsitePermit,Tents,
Rissers Beach,NS ,3,Full,CampsitePermit,Less than 30ft,
Cape Chignecto,NB ,2,Full,BackcountryPermit,Single Tent,
Thomas Raddall,NS ,4,Full,CampsitePermit,Less than 20ft,
Caribou Munroes,NS ,2,Full,CampsitePermit,Single Tent,
Ellenwood Lake,NS ,2,Full,CampsitePermit,Less than 40ft,
Five Islands,QC ,2,Full,CampsitePermit,Less than 20ft,
Rissers Beach,NS ,6,Full,CampsitePermit,Tents,
Rissers Beach,NS ,2,Full,CampsitePermit,Less than 30ft,
Caribou Munroes,NS ,2,Full,CampsitePermit,Less than 20ft,
Rissers Beach,NS ,6,Full,CampsitePermit,Less than 40ft,
Rissers Beach,NS ,2,Full,CampsitePermit,Less than 30ft,
Dollar Lake,NS ,4,Full,CampsitePermit,Single Tent,
Caribou Munroes,NS ,2,Full,CampsitePermit,Less than 20ft,
Thomas Raddall,NS ,6,Full,CampsitePermit,Tents,
Smileys,NS ,1,Full,CampsitePermit,Tents,
Blomidon,NS ,2,Full,CampsitePermit,Less than 30ft,
Porters Lake,ON ,2,Full,CampsitePermit,Single Tent,
Graves Island,QC ,4,Full,CampsitePermit,Single Tent,
Dollar Lake,NS ,2,Full,CampsitePermit,Single Tent,
Mira River,NS ,6,Full,CampsitePermit,Single Tent,
Mira River,NS ,2,Full,CampsitePermit,Less than 30ft,
Five Islands,NS ,2,Full,CampsitePermit,Less than 20ft,
Battery,ON ,2,Senior,CampsitePermit,Less than 20ft,
Dollar Lake,NS ,4,Full,CampsitePermit,Single Tent,
Mira River,NS ,4,Full,CampsitePermit,Less than 30ft,
Thomas Raddall,NS ,2,Full,CampsitePermit,Single Tent,
Rissers Beach,NS ,2,Full,CampsitePermit,Less than 40ft,
Graves Island,NS ,3,Full,CampsitePermit,Less than 30ft,
Caribou Munroes,NS ,5,Full,CampsitePermit,Single Tent,
Thomas Raddall,QC ,2,Full,CampsitePermit,Less than 20ft,
Caribou Munroes,NS ,4,Full,CampsitePermit,Less than 20ft,
Laurie,NS ,5,Full,CampsitePermit,Single Tent,
Thomas Raddall,NB ,2,Full,CampsitePermit,Less than 30ft,
Thomas Raddall,NS ,1,Full,CampsitePermit,Single Tent,
Blomidon,NS ,4,Full,CampsitePermit,Less than 30ft,
Graves Island,NS ,2,Full,CampsitePermit,Greater than 40ft,
Dollar Lake,NS ,5,Full,CampsitePermit,Tents,
Ellenwood Lake,NS ,2,Full,CampsitePermit,Less than 30ft,
Rissers Beach,NS ,5,Full,CampsitePermit,Single Tent,
Ellenwood Lake,NS ,3,Full,CampsitePermit,Tents,
Caribou Munroes,NS ,4,Full,CampsitePermit,Single Tent,
Dollar Lake,NS ,3,Full,CampsitePermit,Less than 30ft,
Rissers Beach,NS ,2,Senior,CampsitePermit,Less than 20ft,
Mira River,NS ,4,Full,CampsitePermit,Less than 20ft,
Whycocomagh,QC ,1,Full,CampsitePermit,Single Tent,
Graves Island,NS ,3,Full,CampsitePermit,Less than 30ft,
Salsman,SK ,2,Senior,CampsitePermit,Less than 40ft,
Valleyview,NS ,2,Full,CampsitePermit,Less than 30ft,
Mira River,ON ,5,Full,CampsitePermit,Single Tent,
Dollar Lake,NS ,1,Full,CampsitePermit,Single Tent,
Caribou Munroes,NS ,7,Full,CampsitePermit,Single Tent,
Rissers Beach,NS ,3,Full,CampsitePermit,Single Tent,
Smileys,NS ,3,Full,CampsitePermit,Single Tent,
The Islands,ON ,2,Full,CampsitePermit,Less than 30ft,
Rissers Beach,NS ,1,Full,CampsitePermit,Less than 30ft,
Rissers Beach,NS ,2,Full,CampsitePermit,Single Tent,
Porters Lake,NB ,6,Full,CampsitePermit,Tents,
Amherst Shore,QC ,1,Full,CampsitePermit,Single Tent,
Caribou Munroes,NS ,2,Senior,CampsitePermit,Less than 40ft,
Dollar Lake,NS ,3,Full,CampsitePermit,Single Tent,
Dollar Lake,NS ,3,Full,CampsitePermit,Single Tent,
Rissers Beach,NS ,2,Senior,CampsitePermit,Single Tent,
Mira River,ON ,2,Full,CampsitePermit,Single Tent,
Blomidon,NS ,6,Veteran,CampsitePermit,Less than 20ft,
Thomas Raddall,NS ,2,Full,CampsitePermit,Single Tent,
Graves Island,ON ,2,Full,CampsitePermit,Single Tent,
Porters Lake,NS ,6,Full,CampsitePermit,Tents,
Porters Lake,NS ,4,Full,CampsitePermit,Less than 30ft,
Thomas Raddall,NS ,3,Full,CampsitePermit,Less than 20ft,
Valleyview,NS ,2,Host,CampsitePermit,Single Tent,
Mira River,NS ,5,Full,CampsitePermit,Tents,
Caribou Munroes,NB ,2,Senior,CampsitePermit,Single Tent,
Five Islands,NS ,4,Full,CampsitePermit,Single Tent,
Graves Island,NS ,5,Full,CampsitePermit,Less than 20ft,
Thomas Raddall,NS ,2,Full,CampsitePermit,Less than 40ft,
The Islands,NS ,2,Senior,CampsitePermit,Less than 30ft,
Thomas Raddall,NS ,2,Senior,CampsitePermit,Single Tent,
Rissers Beach,NS ,5,Full,CampsitePermit,Less than 30ft,
Graves Island,NS ,4,Full,CampsitePermit,Tents,
Rissers Beach,NS ,3,Full,CampsitePermit,Less than 40ft,
Mira River,NS ,2,Full,CampsitePermit,Less than 30ft,
Mira River,ON ,2,Full,CampsitePermit,Single Tent,
Five Islands,NS ,1,Full,CampsitePermit,Single Tent,
Battery,NB ,1,Full,CampsitePermit,Single Tent,
Battery,QC ,2,Full,CampsitePermit,Single Tent,
Porters Lake,NS ,3,Full,CampsitePermit,Single Tent,
The Islands,NS ,4,Full,CampsitePermit,Single Tent,
Thomas Raddall,NS ,2,Full,CampsitePermit,Single Tent,
The Islands,NS ,2,Senior,CampsitePermit,Less than 20ft,
Five Islands,NB ,4,Senior,CampsitePermit,Less than 30ft,
Rissers Beach,NS ,2,Full,CampsitePermit,Less than 20ft,
Graves Island,NS ,2,Senior,CampsitePermit,Less than 30ft,
Five Islands,NS ,2,Full,CampsitePermit,Less than 30ft,
Dollar Lake,NS ,6,Full,CampsitePermit,Tents,
Caribou Munroes,QC ,2,Full,CampsitePermit,Single Tent,
Rissers Beach,NS ,1,Senior,CampsitePermit,Single Tent,
Porters Lake,NS ,4,Full,CampsitePermit,Less than 30ft,
Rissers Beach,NS ,4,Full,CampsitePermit,Less than 30ft,
Graves Island,NS ,3,Full,CampsitePermit,Less than 30ft,
Amherst Shore,NB ,2,Full,CampsitePermit,Less than 20ft,
Dollar Lake,NS ,11,Full,CampsitePermit,Single Tent,
Mira River,NS ,3,Full,CampsitePermit,Less than 20ft,
Rissers Beach,NS ,4,Full,CampsitePermit,Single Tent,
Graves Island,QC ,2,Senior,CampsitePermit,Single Tent,
Amherst Shore,QC ,1,Full,CampsitePermit,Single Tent,
Thomas Raddall,ON ,2,Senior,CampsitePermit,Single Tent,
Five Islands,QC ,5,Full,CampsitePermit,Less than 20ft,
Graves Island,ON ,3,Full,CampsitePermit,Less than 20ft,
Caribou Munroes,NS ,5,Full,CampsitePermit,Tents,
Rissers Beach,NS ,4,Full,CampsitePermit,Less than 30ft,
Ellenwood Lake,NS ,3,Full,CampsitePermit,Single Tent,
Rissers Beach,NS ,5,Full,CampsitePermit,Less than 30ft,
Smileys,NS ,2,Full,CampsitePermit,Less than 30ft,
Graves Island,NS ,4,Full,CampsitePermit,Less than 30ft,
Battery,BC ,2,Full,CampsitePermit,Single Tent,
Mira River,ON ,2,Full,CampsitePermit,Greater than 40ft,
Battery,ON ,4,Full,CampsitePermit,Less than 20ft,
Blomidon,NS ,1,Full,CampsitePermit,Single Tent,
Porters Lake,NS ,6,Full,CampsitePermit,Tents,
Blomidon,NS ,3,Full,CampsitePermit,Single Tent,
Graves Island,NS ,1,Senior,CampsitePermit,Single Tent,
Valleyview,NS ,1,Full,CampsitePermit,Single Tent,
Valleyview,NS ,2,Host,CampsitePermit,Less than 40ft,
Dollar Lake,NS ,2,Full,CampsitePermit,Single Tent,
Graves Island,NS ,6,Full,CampsitePermit,Tents,
Rissers Beach,NS ,4,Veteran,CampsitePermit,Less than 30ft,
Whycocomagh,NS ,4,Full,YurtPermit,Tents,
Ellenwood Lake,NS ,9,Full,CampsitePermit,Less than 20ft,
Blomidon,NS ,2,Full,CampsitePermit,Less than 20ft,
Laurie,NS ,2,Full,CampsitePermit,Less than 30ft,
The Islands,NS ,2,Full,CampsitePermit,Less than 20ft,
Rissers Beach,NS ,5,Full,CampsitePermit,Less than 40ft,
Caribou Munroes,QC ,4,Full,CampsitePermit,Single Tent,
Battery,QC ,2,Full,CampsitePermit,Single Tent,
Dollar Lake,NS ,4,Full,CampsitePermit,Single Tent,
Ellenwood Lake,NS ,3,Full,CampsitePermit,Less than 20ft,
The Islands,NS ,2,Full,CampsitePermit,Single Tent,
Battery,NS ,2,Full,CampsitePermit,Less than 20ft,
Battery,BC ,2,Full,CampsitePermit,Single Tent,
Graves Island,NS ,2,Full,CampsitePermit,Tents,
Rissers Beach,NS ,4,Full,CampsitePermit,Single Tent,
Whycocomagh,ON ,2,Senior,CampsitePermit,Single Tent,
Thomas Raddall,NS ,3,Full,CampsitePermit,Single Tent,
Five Islands,NS ,2,Full,CampsitePermit,Single Tent,
Blomidon,NS ,6,Full,CampsitePermit,Tents,
Amherst Shore,BC ,2,Full,CampsitePermit,Single Tent,
Dollar Lake,NS ,3,Full,CampsitePermit,Less than 20ft,
Amherst Shore,NS ,2,Full,CampsitePermit,Single Tent,
Dollar Lake,NS ,6,Full,CampsitePermit,Tents,
Graves Island,NS ,3,Full,CampsitePermit,Less than 40ft,
Ellenwood Lake,NS ,6,Full,CampsitePermit,Less than 40ft,
Porters Lake,NS ,2,Full,CampsitePermit,Less than 40ft,
Laurie,NS ,2,Full,CampsitePermit,Less than 30ft,
Caribou Munroes,NS ,2,Full,CampsitePermit,Less than 20ft,
Rissers Beach,NS ,5,Full,CampsitePermit,Tents,
Battery,NS ,2,Full,CampsitePermit,Single Tent,
Porters Lake,QC ,4,Full,CampsitePermit,Less than 20ft,
Thomas Raddall,ON ,2,Full,CampsitePermit,Less than 20ft,
Whycocomagh,AB ,2,Senior,CampsitePermit,Less than 20ft,
Valleyview,NS ,2,Full,CampsitePermit,Single Tent,
Thomas Raddall,NS ,1,Full,CampsitePermit,Less than 40ft,
Dollar Lake,NS ,6,Full,CampsitePermit,Less than 20ft,
Thomas Raddall,NS ,2,Full,CampsitePermit,Less than 30ft,
Whycocomagh,QC ,1,Full,CampsitePermit,Single Tent,
Smileys,NS ,4,Full,CampsitePermit,Single Tent,
Amherst Shore,ON ,1,Full,CampsitePermit,Single Tent,
Caribou Munroes,NS ,6,Full,CampsitePermit,Single Tent,
Battery,NS ,1,Senior,CampsitePermit,Single Tent,
Graves Island,NS ,4,Full,CampsitePermit,Less than 30ft,
Cape Chignecto,NB ,2,Full,BackcountryPermit,Single Tent,
Graves Island,ON ,2,Full,CampsitePermit,Less than 40ft,
Caribou Munroes,NS ,6,Full,CampsitePermit,Less than 20ft,
Mira River,NS ,4,Full,CampsitePermit,Less than 20ft,
Rissers Beach,NS ,4,Full,CampsitePermit,Less than 30ft,
Blomidon,NS ,2,Full,CampsitePermit,Single Tent,
Mira River,NS ,5,Full,CampsitePermit,Less than 30ft,
Dollar Lake,NS ,4,Full,CampsitePermit,Tents,
Dollar Lake,NS ,3,Full,CampsitePermit,Single Tent,
Dollar Lake,NS ,4,Full,CampsitePermit,Tents,
Mira River,ON ,3,Full,CampsitePermit,Single Tent,
Rissers Beach,NS ,4,Full,CampsitePermit,Less than 20ft,
Amherst Shore,ON ,3,Full,CampsitePermit,Single Tent,
Amherst Shore,NS ,4,Full,CampsitePermit,Tents,
Mira River,NS ,4,Full,CampsitePermit,Less than 30ft,
Porters Lake,NS ,3,Full,CampsitePermit,Tents,
Ellenwood Lake,NS ,3,Full,CampsitePermit,Single Tent,
Rissers Beach,NS ,2,Full,CampsitePermit,Single Tent,
Amherst Shore,NS ,2,Full,CampsitePermit,Less than 30ft,
Amherst Shore,NS ,2,Full,CampsitePermit,Less than 30ft,
Mira River,AB ,2,Senior,CampsitePermit,Less than 30ft,
Rissers Beach,NS ,2,Senior,CampsitePermit,Less than 30ft,
Graves Island,ON ,2,Full,CampsitePermit,Single Tent,
Dollar Lake,NS ,5,Full,CampsitePermit,Tents,
Thomas Raddall,NS ,2,Senior,CampsitePermit,Less than 30ft,
Whycocomagh,NB ,2,Full,CampsitePermit,Single Tent,
Porters Lake,QC ,1,Full,CampsitePermit,Single Tent,
Dollar Lake,NS ,2,Full,CampsitePermit,Less than 20ft,
Graves Island,NS ,1,Full,CampsitePermit,Single Tent,
Caribou Munroes,ON ,2,Full,CampsitePermit,Single Tent,
Cape Chignecto,NB ,2,Full,BackcountryPermit,Single Tent,
Battery,AB ,2,Full,CampsitePermit,Single Tent,
Valleyview,NS ,2,Full,CampsitePermit,Single Tent,
Blomidon,NS ,4,Full,CampsitePermit,Less than 30ft,
Rissers Beach,NS ,2,Full,CampsitePermit,Single Tent,
Smileys,NS ,2,Full,CampsitePermit,Less than 30ft,
Porters Lake,NS ,4,Full,CampsitePermit,Tents,
Porters Lake,NS ,3,Full,CampsitePermit,Single Tent,
Graves Island,NS ,35,Full,CampsitePermit,Tents,
Five Islands,NS ,2,Full,CampsitePermit,Single Tent,
Smileys,NS ,2,Full,CampsitePermit,Less than 30ft,
Mira River,NS ,4,Full,CampsitePermit,Less than 30ft,
Porters Lake,ON ,3,Senior,CampsitePermit,Less than 20ft,
Cape Chignecto,NB ,3,Full,BackcountryPermit,Single Tent,
Rissers Beach,NS ,2,Full,CampsitePermit,Less than 20ft,
Ellenwood Lake,ON ,3,Full,CampsitePermit,Tents,
Valleyview,NS ,2,Full,CampsitePermit,Less than 30ft,
Rissers Beach,QC ,2,Full,CampsitePermit,Single Tent,
Smileys,NS ,2,Full,CampsitePermit,Less than 30ft,
Ellenwood Lake,NS ,2,Full,CampsitePermit,Single Tent,
Rissers Beach,NS ,3,Full,CampsitePermit,Less than 30ft,
Graves Island,NS ,2,Full,CampsitePermit,Less than 30ft,
Boylston,NS ,2,Full,CampsitePermit,Single Tent,
Dollar Lake,NS ,4,Full,CampsitePermit,Tents,
Salsman,NS ,2,Senior,CampsitePermit,Less than 30ft,
Graves Island,NS ,1,Full,CampsitePermit,Single Tent,
Mira River,QC ,2,Full,CampsitePermit,Less than 20ft,
Thomas Raddall,NS ,2,Full,CampsitePermit,Tents,
Five Islands,QC ,2,Full,CampsitePermit,Single Tent,
Dollar Lake,NS ,2,Full,CampsitePermit,Single Tent,
Ellenwood Lake,NS ,4,Full,CampsitePermit,Single Tent,
Salsman,NS ,2,Full,CampsitePermit,Single Tent,
Graves Island,NS ,3,Full,CampsitePermit,Less than 20ft,
Valleyview,ON ,2,Full,CampsitePermit,Greater than 40ft,
Blomidon,NS ,4,Full,CampsitePermit,Less than 30ft,
Graves Island,NS ,2,Veteran,CampsitePermit,Less than 30ft,
Mira River,NS ,2,Full,CampsitePermit,Less than 30ft,
Caribou Munroes,QC ,4,Full,CampsitePermit,Single Tent,
Mira River,NS ,2,Full,CampsitePermit,Less than 20ft,
Battery,QC ,2,Senior,CampsitePermit,Single Tent,
Graves Island,NS ,1,Full,CampsitePermit,Single Tent,
Porters Lake,QC ,1,Full,CampsitePermit,Single Tent,
Five Islands,NS ,6,Full,CampsitePermit,Less than 30ft,
Five Islands,NS ,1,Senior,CampsitePermit,Single Tent,
Laurie,QC ,2,Full,CampsitePermit,Single Tent,
Thomas Raddall,NS ,3,Full,CampsitePermit,Tents,
Cape Chignecto,NS ,4,Full,BackcountryPermit,Single Tent,
Thomas Raddall,NS ,5,Full,CampsitePermit,Less than 30ft,
Smileys,NS ,6,Full,CampsitePermit,Less than 30ft,
Rissers Beach,ON ,2,Full,CampsitePermit,Single Tent,
Cape Chignecto,NB ,2,Full,BackcountryPermit,Single Tent,
Graves Island,NS ,2,Senior,CampsitePermit,Less than 30ft,
Graves Island,NS ,1,Full,CampsitePermit,Single Tent,
Graves Island,NS ,4,Full,CampsitePermit,Less than 20ft,
Graves Island,NS ,2,Full,CampsitePermit,Less than 20ft,
The Islands,NS ,3,Full,CampsitePermit,Less than 30ft,
Rissers Beach,NS ,5,Full,CampsitePermit,Less than 20ft,
Ellenwood Lake,NS ,5,Full,CampsitePermit,Single Tent,
Thomas Raddall,NS ,3,Full,CampsitePermit,Single Tent,
Smileys,NS ,1,Full,CampsitePermit,Less than 20ft,
Amherst Shore,ON ,2,Full,CampsitePermit,Single Tent,
Caribou Munroes,QC ,3,Full,CampsitePermit,Less than 20ft,
Thomas Raddall,NS ,5,Senior,CampsitePermit,Less than 20ft,
Mira River,ON ,2,Full,CampsitePermit,Single Tent,
Laurie,QC ,2,Full,CampsitePermit,Single Tent,
Valleyview,NS ,2,Senior,CampsitePermit,Single Tent,
Porters Lake,QC ,2,Full,CampsitePermit,Single Tent,
Smileys,NS ,6,Full,CampsitePermit,Single Tent,
Caribou Munroes,QC ,2,Senior,CampsitePermit,Single Tent,
Smileys,NS ,2,Senior,CampsitePermit,Less than 30ft,
Graves Island,NS ,3,Senior,CampsitePermit,Less than 20ft,
Five Islands,NS ,6,Full,CampsitePermit,Tents,
Porters Lake,NS ,2,Full,CampsitePermit,Single Tent,
Amherst Shore,NS ,2,Senior,CampsitePermit,Single Tent,
Five Islands,NS ,5,Full,CampsitePermit,Tents,
Thomas Raddall,NS ,5,Full,CampsitePermit,Tents,
Caribou Munroes,NS ,5,Full,CampsitePermit,Tents,
The Islands,ON ,1,Full,CampsitePermit,Less than 20ft,
Thomas Raddall,QC ,2,Full,CampsitePermit,Less than 30ft,
Graves Island,NS ,2,Senior,CampsitePermit,Less than 40ft,
Amherst Shore,QC ,1,Senior,CampsitePermit,Less than 20ft,
Whycocomagh,NS ,1,Senior,CampsitePermit,Single Tent,
Battery,ON ,2,Full,CampsitePermit,Less than 30ft,
Graves Island,NS ,4,Full,CampsitePermit,Tents,
Graves Island,NS ,2,Full,CampsitePermit,Less than 30ft,
Mira River,NS ,4,Full,CampsitePermit,Less than 30ft,
Mira River,NS ,5,Full,CampsitePermit,Less than 20ft,
Rissers Beach,NB ,2,Senior,CampsitePermit,Less than 20ft,
Mira River,NS ,3,Full,CampsitePermit,Single Tent,
Caribou Munroes,QC ,2,Full,CampsitePermit,Single Tent,
Caribou Munroes,QC ,2,Senior,CampsitePermit,Single Tent,
Porters Lake,ON ,5,Full,CampsitePermit,Less than 20ft,
Mira River,QC ,2,Senior,CampsitePermit,Less than 30ft,
Dollar Lake,NS ,6,Full,CampsitePermit,Tents,
Graves Island,NS ,2,Full,CampsitePermit,Less than 30ft,
Five Islands,NS ,6,Full,CampsitePermit,Tents,
Battery,NS ,3,Full,CampsitePermit,Single Tent,
Caribou Munroes,NS ,2,Full,CampsitePermit,Single Tent,
Salsman,ON ,2,Full,CampsitePermit,Single Tent,
Dollar Lake,NS ,4,Veteran,CampsitePermit,Less than 40ft,
Graves Island,NS ,2,Full,CampsitePermit,Less than 20ft,
Cape Chignecto,NS ,2,Full,BackcountryPermit,Single Tent,
Ellenwood Lake,MB ,6,Full,CampsitePermit,Single Tent,
Amherst Shore,QC ,2,Full,CampsitePermit,Less than 30ft,
Ellenwood Lake,QC ,2,Senior,CampsitePermit,Single Tent,
Caribou Munroes,NS ,1,Senior,CampsitePermit,Single Tent,
Cape Chignecto,NB ,2,Full,BackcountryPermit,Single Tent,
The Islands,NS ,5,Full,CampsitePermit,Tents,
Porters Lake,NS ,5,Full,CampsitePermit,Less than 30ft,
Dollar Lake,NS ,6,Full,CampsitePermit,Tents,
Mira River,ON ,4,Full,CampsitePermit,Less than 30ft,
Cape Chignecto,NS ,1,Full,BackcountryPermit,Single Tent,
Mira River,NS ,4,Senior,CampsitePermit,Less than 20ft,
Rissers Beach,NS ,5,Full,CampsitePermit,Less than 20ft,
Rissers Beach,NS ,2,Full,CampsitePermit,Less than 30ft,
Five Islands,NB ,5,Full,CampsitePermit,Single Tent,
Dollar Lake,NS ,2,Full,CampsitePermit,Less than 30ft,
Dollar Lake,NS ,3,Full,CampsitePermit,Single Tent,
Graves Island,NS ,2,Full,CampsitePermit,Less than 30ft,
Smileys,NS ,6,Full,CampsitePermit,Single Tent,
Battery,NS ,1,Senior,CampsitePermit,Single Tent,
Dollar Lake,NS ,2,Full,CampsitePermit,Less than 20ft,
Mira River,ON ,6,Full,CampsitePermit,Less than 30ft,
Dollar Lake,NS ,4,Full,CampsitePermit,Single Tent,
Thomas Raddall,AB ,2,Full,CampsitePermit,Single Tent,
Ellenwood Lake,ON ,2,Full,CampsitePermit,Single Tent,
Caribou Munroes,NS ,3,Full,CampsitePermit,Single Tent,
Mira River,NS ,1,Veteran,CampsitePermit,Single Tent,
Rissers Beach,NS ,2,Full,CampsitePermit,Less than 20ft,
Blomidon,AB ,1,Full,CampsitePermit,Single Tent,
Rissers Beach,NS ,2,Full,CampsitePermit,Less than 20ft,
Porters Lake,PE ,2,Full,CampsitePermit,Single Tent,
Laurie,NS ,6,Full,CampsitePermit,Single Tent,
Boylston,NL ,2,Full,CampsitePermit,Single Tent,
Thomas Raddall,NS ,2,Full,CampsitePermit,Single Tent,
Cape Chignecto,ON ,1,Full,BackcountryPermit,Single Tent,
Rissers Beach,QC ,2,Senior,CampsitePermit,Less than 30ft,
Five Islands,NS ,2,Full,CampsitePermit,Single Tent,
Dollar Lake,NS ,3,Full,CampsitePermit,Less than 30ft,
Valleyview,NS ,6,Full,CampsitePermit,Single Tent,
Mira River,NS ,2,Full,CampsitePermit,Less than 30ft,
Blomidon,NS ,1,Full,CampsitePermit,Single Tent,
Mira River,NS ,4,Full,CampsitePermit,Less than 40ft,
Laurie,NS ,3,Full,CampsitePermit,Single Tent,
Whycocomagh,NS ,2,Full,CampsitePermit,Single Tent,
Boylston,MB ,4,Full,CampsitePermit,Less than 40ft,
Battery,NS ,2,Senior,CampsitePermit,Single Tent,
Caribou Munroes,NS ,4,Full,CampsitePermit,Single Tent,
Whycocomagh,NS ,6,Full,YurtPermit,Tents,
Porters Lake,NS ,2,Full,CampsitePermit,Single Tent,
Rissers Beach,NS ,4,Full,CampsitePermit,Less than 20ft,
Five Islands,ON ,2,Full,CampsitePermit,Single Tent,
Valleyview,ON ,2,Senior,CampsitePermit,Single Tent,
Caribou Munroes,ON ,2,Full,CampsitePermit,Single Tent,
Rissers Beach,NS ,4,Full,CampsitePermit,Tents,
Rissers Beach,NS ,4,Full,CampsitePermit,Less than 20ft,
Graves Island,NS ,5,Full,CampsitePermit,Single Tent,
Laurie,QC ,2,Full,CampsitePermit,Less than 20ft,
Graves Island,NS ,2,Full,CampsitePermit,Less than 30ft,
Amherst Shore,QC ,2,Full,CampsitePermit,Single Tent,
Mira River,NS ,4,Full,CampsitePermit,Single Tent,
Caribou Munroes,NS ,4,Full,CampsitePermit,Single Tent,
Graves Island,NS ,2,Full,CampsitePermit,Single Tent,
Rissers Beach,NS ,2,Full,CampsitePermit,Single Tent,
The Islands,BC ,2,Full,CampsitePermit,Less than 30ft,
Valleyview,QC ,1,Full,CampsitePermit,Single Tent,
Caribou Munroes,NS ,2,Full,CampsitePermit,Less than 30ft,
Battery,NS ,4,Full,CampsitePermit,Single Tent,
Laurie,NS ,2,Full,CampsitePermit,Less than 20ft,
Graves Island,QC ,2,Full,CampsitePermit,Single Tent,
Porters Lake,NS ,3,Full,CampsitePermit,Tents,
Caribou Munroes,NS ,2,Full,CampsitePermit,Less than 20ft,
Porters Lake,NS ,6,Full,CampsitePermit,Tents,
Graves Island,NS ,6,Full,CampsitePermit,Tents,
Graves Island,NS ,2,Senior,CampsitePermit,Less than 30ft,
Cape Chignecto,NB ,2,Full,BackcountryPermit,Single Tent,
Five Islands,NS ,3,Full,CampsitePermit,Single Tent,
Laurie,NS ,6,Full,CampsitePermit,Single Tent,
Porters Lake,QC ,3,Full,CampsitePermit,Single Tent,
Rissers Beach,NS ,5,Full,CampsitePermit,Less than 40ft,
Porters Lake,NS ,2,Full,CampsitePermit,Single Tent,
Whycocomagh,QC ,2,Full,CampsitePermit,Single Tent,
Graves Island,NS ,2,Senior,CampsitePermit,Less than 20ft,
Porters Lake,NS ,1,Full,CampsitePermit,Less than 30ft,
Laurie,ON ,6,Full,CampsitePermit,Less than 20ft,
Battery,QC ,2,Full,CampsitePermit,Less than 20ft,
The Islands,NS ,5,Full,CampsitePermit,Tents,
Blomidon,SK ,2,Full,CampsitePermit,Single Tent,
Amherst Shore,BC ,2,Senior,CampsitePermit,Single Tent,
Caribou Munroes,NS ,2,Full,CampsitePermit,Less than 30ft,
Thomas Raddall,NS ,4,Full,CampsitePermit,Less than 20ft,
Five Islands,QC ,2,Full,CampsitePermit,Single Tent,
Graves Island,NS ,2,Full,CampsitePermit,Single Tent,
Graves Island,NS ,2,Full,CampsitePermit,Less than 20ft,
Battery,QC ,5,Full,CampsitePermit,Single Tent,
Graves Island,NS ,2,Full,CampsitePermit,Less than 30ft,
Caribou Munroes,NS ,2,Senior,CampsitePermit,Less than 20ft,
Porters Lake,QC ,2,Full,CampsitePermit,Less than 30ft,
Smileys,NS ,3,Full,CampsitePermit,Single Tent,
Smileys,NS ,4,Full,CampsitePermit,Less than 20ft,
Mira River,NS ,3,Senior,CampsitePermit,Single Tent,
Cape Chignecto,AB ,2,Full,BackcountryPermit,Single Tent,
Rissers Beach,NS ,5,Full,CampsitePermit,Less than 30ft,
Ellenwood Lake,ON ,2,Full,CampsitePermit,Less than 20ft,
Porters Lake,ON ,3,Full,CampsitePermit,Less than 20ft,
Caribou Munroes,NS ,4,Full,CampsitePermit,Less than 30ft,
Rissers Beach,QC ,2,Senior,CampsitePermit,Less than 30ft,
Battery,NS ,1,Full,CampsitePermit,Single Tent,
Smileys,NS ,4,Full,CampsitePermit,Less than 30ft,
Rissers Beach,NS ,2,Senior,CampsitePermit,Greater than 40ft,
Battery,NS ,5,Full,CampsitePermit,Single Tent,
Caribou Munroes,NB ,3,Full,CampsitePermit,Single Tent,
Porters Lake,NS ,4,Full,CampsitePermit,Less than 30ft,
Battery,NS ,2,Full,CampsitePermit,Single Tent,
Smileys,NS ,2,Full,CampsitePermit,Single Tent,
Graves Island,NS ,4,Full,CampsitePermit,Single Tent,
Smileys,NS ,1,Full,CampsitePermit,Single Tent,
Laurie,ON ,2,Full,CampsitePermit,Single Tent,
Blomidon,ON ,2,Full,CampsitePermit,Single Tent,
Caribou Munroes,QC ,3,Full,CampsitePermit,Single Tent,
Rissers Beach,ON ,4,Full,CampsitePermit,Less than 30ft,
Thomas Raddall,NS ,2,Full,CampsitePermit,Single Tent,
Mira River,QC ,2,Senior,CampsitePermit,Less than 30ft,
Mira River,NS ,6,Full,CampsitePermit,Tents,
Mira River,NS ,4,Full,CampsitePermit,Single Tent,
Thomas Raddall,NS ,3,Full,CampsitePermit,Single Tent,
Rissers Beach,NS ,2,Full,CampsitePermit,Less than 30ft,
Thomas Raddall,NS ,2,Full,CampsitePermit,Less than 30ft,
Dollar Lake,NS ,4,Full,CampsitePermit,Less than 30ft,
Blomidon,MB ,2,Full,CampsitePermit,Tents,
Valleyview,NS ,4,Full,CampsitePermit,Less than 30ft,
Rissers Beach,NS ,2,Senior,CampsitePermit,Less than 20ft,
Rissers Beach,NS ,2,Full,CampsitePermit,Less than 30ft,
Graves Island,NS ,1,Full,CampsitePermit,Single Tent,
Rissers Beach,NS ,3,Full,CampsitePermit,Single Tent,
Cape Chignecto,NS ,2,Full,BackcountryPermit,Single Tent,
Blomidon,NS ,2,Full,CampsitePermit,Single Tent,
Graves Island,NS ,2,Full,CampsitePermit,Less than 30ft,
Whycocomagh,NS ,2,Full,CampsitePermit,Single Tent,
Whycocomagh,ON ,2,Full,CampsitePermit,Single Tent,
Thomas Raddall,NS ,2,Full,CampsitePermit,Single Tent,
Rissers Beach,NS ,2,Full,CampsitePermit,Less than 30ft,
Graves Island,NS ,2,Full,CampsitePermit,Single Tent,
Laurie,NS ,5,Full,CampsitePermit,Less than 30ft,
Rissers Beach,QC ,2,Full,CampsitePermit,Single Tent,
Laurie,NS ,4,Full,CampsitePermit,Less than 20ft,
Porters Lake,NS ,2,Full,CampsitePermit,Less than 30ft,
Porters Lake,NS ,4,Full,CampsitePermit,Single Tent,
Blomidon,NS ,4,Full,CampsitePermit,Single Tent,
Rissers Beach,NS ,2,Senior,CampsitePermit,Less than 30ft,
Dollar Lake,NS ,4,Full,CampsitePermit,Single Tent,
Graves Island,NS ,2,Full,CampsitePermit,Less than 30ft,
The Islands,ON ,2,Full,CampsitePermit,Single Tent,
Rissers Beach,NS ,3,Full,CampsitePermit,Single Tent,
Graves Island,NS ,2,Full,CampsitePermit,Single Tent,
Graves Island,NS ,2,Senior,CampsitePermit,Less than 40ft,
Cape Chignecto,NB ,3,Full,BackcountryPermit,Single Tent,
Mira River,NS ,3,Full,CampsitePermit,Less than 30ft,
Cape Chignecto,NB ,2,Full,BackcountryPermit,Single Tent,
Smileys,NS ,2,Full,CampsitePermit,Single Tent,
Rissers Beach,NS ,4,Full,CampsitePermit,Less than 30ft,
Rissers Beach,NS ,4,Full,CampsitePermit,Tents,
Caribou Munroes,QC ,2,Senior,CampsitePermit,Less than 30ft,
Mira River,NS ,2,Full,CampsitePermit,Less than 30ft,
Caribou Munroes,NS ,4,Full,CampsitePermit,Tents,
Boylston,NS ,4,Full,CampsitePermit,Less than 30ft,
Rissers Beach,NB ,2,Senior,CampsitePermit,Single Tent,
Whycocomagh,NS ,3,Full,CampsitePermit,Single Tent,
Graves Island,ON ,2,Full,CampsitePermit,Single Tent,
Whycocomagh,NS ,2,Senior,CampsitePermit,Single Tent,
Porters Lake,NS ,2,Full,CampsitePermit,Less than 30ft,
Rissers Beach,NS ,6,Full,CampsitePermit,Tents,
Amherst Shore,NS ,6,Full,CampsitePermit,Single Tent,
Five Islands,ON ,7,Full,CampsitePermit,Less than 30ft,
The Islands,NS ,4,Full,CampsitePermit,Single Tent,
Thomas Raddall,NS ,3,Full,CampsitePermit,Single Tent,
Porters Lake,PE ,2,Full,CampsitePermit,Less than 30ft,
The Islands,NS ,4,Full,CampsitePermit,Single Tent,
Ellenwood Lake,NS ,3,Full,CampsitePermit,Less than 20ft,
Dollar Lake,NS ,4,Full,CampsitePermit,Single Tent,
Rissers Beach,NS ,2,FULL,CampsitePermit,Less than 20ft,
Mira River,NS ,3,Senior,CampsitePermit,Less than 40ft,
Rissers Beach,NS ,4,Full,CampsitePermit,Single Tent,
Blomidon,NS ,1,Full,CampsitePermit,Single Tent,
Smileys,NS ,4,Full,CampsitePermit,Less than 30ft,
Rissers Beach,NS ,4,Full,CampsitePermit,Less than 30ft,
Amherst Shore,NB ,2,Senior,CampsitePermit,Single Tent,
Dollar Lake,NS ,2,Full,CampsitePermit,Single Tent,
Boylston,BC ,2,Senior,CampsitePermit,Less than 30ft,
Porters Lake,NS ,6,Full,CampsitePermit,Tents,
Caribou Munroes,QC ,4,Full,CampsitePermit,Single Tent,
Ellenwood Lake,QC ,2,Senior,CampsitePermit,Single Tent,
Mira River,NS ,2,Full,CampsitePermit,Single Tent,
Graves Island,NS ,4,Full,CampsitePermit,Less than 30ft,
Blomidon,NS ,6,Full,CampsitePermit,Tents,
Rissers Beach,NS ,1,Full,CampsitePermit,Less than 20ft,
Rissers Beach,NS ,2,Full,CampsitePermit,Less than 30ft,
Ellenwood Lake,NS ,2,Full,CampsitePermit,Single Tent,
Thomas Raddall,NS ,2,Full,CampsitePermit,Less than 20ft,
Smileys,BC ,2,Senior,CampsitePermit,Less than 30ft,
Amherst Shore,NS ,5,Full,CampsitePermit,Less than 20ft,
Thomas Raddall,NS ,2,Full,CampsitePermit,Single Tent,
Mira River,QC ,2,Senior,CampsitePermit,Less than 20ft,
Amherst Shore,NS ,3,Full,CampsitePermit,Less than 30ft,
Dollar Lake,NS ,4,Full,CampsitePermit,Single Tent,
Ellenwood Lake,NS ,3,Full,CampsitePermit,Single Tent,
The Islands,NS ,6,Full,CampsitePermit,Tents,
Valleyview,NS ,2,Senior,CampsitePermit,Single Tent,
Cape Chignecto,NB ,1,Full,BackcountryPermit,Single Tent,
Laurie,NS ,4,Full,CampsitePermit,Single Tent,
Graves Island,NS ,2,Full,CampsitePermit,Single Tent,
Graves Island,NS ,2,Full,CampsitePermit,Single Tent,
Dollar Lake,NS ,2,Full,CampsitePermit,Single Tent,
Rissers Beach,NS ,2,Full,CampsitePermit,Less than 20ft,
Porters Lake,NS ,2,Full,CampsitePermit,Less than 20ft,
Amherst Shore,QC ,2,Full,CampsitePermit,Single Tent,
Dollar Lake,NS ,2,Full,CampsitePermit,Single Tent,
Caribou Munroes,NS ,2,Full,CampsitePermit,Less than 30ft,
Rissers Beach,NB ,1,Full,CampsitePermit,Less than 20ft,
Graves Island,NS ,2,Full,CampsitePermit,Less than 20ft,
Graves Island,ON ,2,Full,CampsitePermit,Less than 40ft,
Ellenwood Lake,NS ,6,Full,CampsitePermit,Less than 20ft,
Valleyview,NS ,4,Full,CampsitePermit,Less than 30ft,
Boylston,AB ,2,Senior,CampsitePermit,Single Tent,
Graves Island,NS ,4,Full,CampsitePermit,Less than 30ft,
Mira River,NS ,2,Full,CampsitePermit,Less than 30ft,
The Islands,NS ,2,Full,CampsitePermit,Single Tent,
Blomidon,NS ,1,Full,CampsitePermit,Less than 20ft,
Caribou Munroes,NS ,2,Full,CampsitePermit,Single Tent,
Rissers Beach,ON ,2,Full,CampsitePermit,Less than 30ft,
Cape Chignecto,NS ,1,Full,BackcountryPermit,Single Tent,
Ellenwood Lake,ON ,2,Full,CampsitePermit,Single Tent,
Blomidon,ON ,2,Full,CampsitePermit,Single Tent,
Caribou Munroes,NS ,2,Full,CampsitePermit,Less than 20ft,
Rissers Beach,NS ,5,Full,CampsitePermit,Less than 20ft,
Caribou Munroes,NS ,4,Full,CampsitePermit,Single Tent,
Battery,NS ,4,Full,CampsitePermit,Less than 20ft,
Dollar Lake,NS ,3,Full,CampsitePermit,Less than 20ft,
Porters Lake,NS ,6,Full,CampsitePermit,Tents,
Thomas Raddall,NS ,4,Full,CampsitePermit,Single Tent,
Caribou Munroes,NS ,5,Full,CampsitePermit,Less than 30ft,
Amherst Shore,NS ,4,Full,CampsitePermit,Single Tent,
Ellenwood Lake,NS ,4,Full,CampsitePermit,Single Tent,
Porters Lake,NS ,3,Full,CampsitePermit,Less than 30ft,
Caribou Munroes,NS ,2,Full,CampsitePermit,Single Tent,
Blomidon,NS ,4,Full,CampsitePermit,Less than 20ft,
Caribou Munroes,NS ,2,Full,CampsitePermit,Less than 30ft,
Amherst Shore,QC ,2,Senior,CampsitePermit,Less than 20ft,
Graves Island,NS ,2,Senior,CampsitePermit,Tents,
Porters Lake,NS ,4,Veteran,CampsitePermit,Less than 30ft,
Caribou Munroes,NS ,2,Full,CampsitePermit,Less than 40ft,
Caribou Munroes,ON ,2,Full,CampsitePermit,Single Tent,
Porters Lake,NS ,6,Full,CampsitePermit,Tents,
Graves Island,NS ,2,Senior,CampsitePermit,Less than 40ft,
Rissers Beach,NS ,3,Full,CampsitePermit,Less than 20ft,
Whycocomagh,AB ,2,Full,CampsitePermit,Single Tent,
Porters Lake,NS ,2,Senior,CampsitePermit,Less than 20ft,
Rissers Beach,QC ,3,Full,CampsitePermit,Single Tent,
Graves Island,NS ,2,Full,CampsitePermit,Less than 20ft,
Whycocomagh,QC ,2,Full,CampsitePermit,Less than 20ft,
The Islands,NS ,2,Senior,CampsitePermit,Less than 20ft,
Graves Island,NS ,6,Full,CampsitePermit,Less than 20ft,
Battery,ON ,5,Full,CampsitePermit,Single Tent,
Rissers Beach,NS ,4,Full,CampsitePermit,Single Tent,
Cape Chignecto,NS ,2,Full,BackcountryPermit,Single Tent,
Mira River,NS ,2,Full,CampsitePermit,Less than 20ft,
Five Islands,NS ,5,Full,CampsitePermit,Single Tent,
Salsman,NS ,1,Full,CampsitePermit,Single Tent,
Mira River,NS ,3,Full,CampsitePermit,Less than 20ft,
Caribou Munroes,ON ,2,Senior,CampsitePermit,Less than 20ft,
Whycocomagh,NS ,3,Full,CampsitePermit,Tents,
Amherst Shore,NS ,2,Full,CampsitePermit,Single Tent,
Mira River,NS ,4,Full,CampsitePermit,Less than 30ft,
Caribou Munroes,NS ,5,Full,CampsitePermit,Less than 30ft,
Dollar Lake,NS ,4,Full,CampsitePermit,Tents,
Blomidon,NS ,5,Full,CampsitePermit,Single Tent,
Blomidon,NS ,4,Full,CampsitePermit,Less than 30ft,
Porters Lake,NS ,3,Full,CampsitePermit,Single Tent,
Graves Island,NS ,1,Full,CampsitePermit,Single Tent,
Porters Lake,NS ,2,Full,CampsitePermit,Less than 20ft,
Battery,NS ,2,Full,CampsitePermit,Single Tent,
Smileys,NS ,2,Senior,CampsitePermit,Less than 30ft,
Mira River,NS ,2,Senior,CampsitePermit,Less than 30ft,
Rissers Beach,BC ,2,Full,CampsitePermit,Single Tent,
Caribou Munroes,NS ,4,Full,CampsitePermit,Less than 20ft,
Salsman,NS ,4,Full,CampsitePermit,Tents,
Caribou Munroes,NS ,1,Full,CampsitePermit,Less than 20ft,
Laurie,NS ,2,Full,CampsitePermit,Single Tent,
Rissers Beach,NS ,4,Full,CampsitePermit,Less than 40ft,
Laurie,NS ,4,Full,CampsitePermit,Tents,
Salsman,NS ,2,Senior,CampsitePermit,Less than 20ft,
Mira River,NS ,2,Full,CampsitePermit,Single Tent,
Five Islands,QC ,4,Full,CampsitePermit,Single Tent,
Rissers Beach,NS ,5,Full,CampsitePermit,Less than 40ft,
Rissers Beach,NS ,2,Full,CampsitePermit,Single Tent,
Porters Lake,NS ,2,Full,CampsitePermit,Less than 30ft,
Ellenwood Lake,NS ,5,Full,CampsitePermit,Single Tent,
Rissers Beach,NS ,4,Full,CampsitePermit,Tents,
Cape Chignecto,NS ,2,Full,BackcountryPermit,Single Tent,
Whycocomagh,NS ,3,Full,CampsitePermit,Less than 20ft,
Mira River,NS ,2,Full,CampsitePermit,Single Tent,
Caribou Munroes,NS ,4,Full,CampsitePermit,Single Tent,
Mira River,NS ,2,Senior,CampsitePermit,Less than 40ft,
Thomas Raddall,NS ,4,Full,CampsitePermit,Less than 20ft,
Caribou Munroes,NS ,1,Full,CampsitePermit,Less than 20ft,
Battery,ON ,3,Full,CampsitePermit,Tents,
Dollar Lake,NS ,2,Full,CampsitePermit,Single Tent,
Rissers Beach,NS ,4,Full,CampsitePermit,Less than 20ft,
Porters Lake,ON ,2,Senior,CampsitePermit,Less than 30ft,
Rissers Beach,NS ,2,Senior,CampsitePermit,Less than 20ft,
Rissers Beach,QC ,4,Full,CampsitePermit,Less than 20ft,
Smileys,NS ,3,Full,CampsitePermit,Single Tent,
Porters Lake,NS ,2,Full,CampsitePermit,Less than 40ft,
Amherst Shore,QC ,2,Full,CampsitePermit,Single Tent,
Blomidon,NS ,2,Full,CampsitePermit,Single Tent,
Rissers Beach,NS ,3,Full,CampsitePermit,Less than 30ft,
Graves Island,NS ,3,Full,CampsitePermit,Single Tent,
Caribou Munroes,NS ,2,Senior,CampsitePermit,Less than 30ft,
Graves Island,NL ,2,Full,CampsitePermit,Single Tent,
Smileys,NS ,2,Full,CampsitePermit,Single Tent,
Blomidon,NS ,3,Full,CampsitePermit,Single Tent,
Laurie,ON ,1,Full,CampsitePermit,Single Tent,
Caribou Munroes,NS ,3,Full,CampsitePermit,Single Tent,
Graves Island,NS ,2,Senior,CampsitePermit,Less than 40ft,
Porters Lake,NS ,2,Senior,CampsitePermit,Less than 30ft,
Blomidon,NS ,4,Full,CampsitePermit,Single Tent,
Battery,NS ,2,Full,CampsitePermit,Single Tent,
Five Islands,NS ,2,Full,CampsitePermit,Less than 30ft,
Blomidon,NS ,2,Full,CampsitePermit,Less than 20ft,
Mira River,ON ,4,Full,CampsitePermit,Single Tent,
The Islands,NS ,5,Full,CampsitePermit,Single Tent,
Caribou Munroes,NS ,6,Full,CampsitePermit,Less than 30ft,
Caribou Munroes,NS ,3,Full,CampsitePermit,Tents,
Salsman,NS ,3,Full,CampsitePermit,Less than 30ft,
Graves Island,NS ,4,Full,CampsitePermit,Less than 40ft,
Whycocomagh,NS ,2,Full,CampsitePermit,Tents,
Graves Island,QC ,4,Full,CampsitePermit,Less than 20ft,
Porters Lake,NS ,4,Full,CampsitePermit,Less than 20ft,
Rissers Beach,NS ,2,Senior,CampsitePermit,Less than 20ft,
Mira River,NS ,2,Senior,CampsitePermit,Single Tent,
The Islands,NS ,2,Full,CampsitePermit,Less than 20ft,
Porters Lake,NS ,4,Full,CampsitePermit,Less than 30ft,
Smileys,NS ,4,Full,CampsitePermit,Less than 20ft,
Laurie,QC ,6,Full,CampsitePermit,Tents,
Graves Island,PE ,3,Full,CampsitePermit,Less than 20ft,
Laurie,BC ,3,Full,CampsitePermit,Tents,
Whycocomagh,NS ,3,Full,CampsitePermit,Less than 30ft,
Blomidon,NS ,2,Full,CampsitePermit,Less than 40ft,
Mira River,NS ,3,Senior,CampsitePermit,Less than 20ft,
Smileys,NS ,3,Full,CampsitePermit,Less than 20ft,
Battery,ON ,2,Full,CampsitePermit,Single Tent,
Rissers Beach,NS ,3,Full,CampsitePermit,Less than 30ft,
Cape Chignecto,NB ,2,Full,BackcountryPermit,Single Tent,
Blomidon,NS ,2,Full,CampsitePermit,Single Tent,
Caribou Munroes,ON ,2,Full,CampsitePermit,Less than 30ft,
Rissers Beach,NS ,1,Full,CampsitePermit,Single Tent,
Graves Island,BC ,2,Full,CampsitePermit,Less than 20ft,
Dollar Lake,NS ,2,Full,CampsitePermit,Single Tent,
Caribou Munroes,QC ,3,Full,CampsitePermit,Less than 20ft,
Smileys,NS ,2,Senior,CampsitePermit,Less than 20ft,
Dollar Lake,NS ,3,Full,CampsitePermit,Single Tent,
Graves Island,NS ,2,Senior,CampsitePermit,Less than 30ft,
Mira River,NS ,6,Full,CampsitePermit,Single Tent,
Mira River,QC ,2,Full,CampsitePermit,Single Tent,
Rissers Beach,NS ,3,Full,CampsitePermit,Single Tent,
Battery,NS ,5,Full,CampsitePermit,Single Tent,
Dollar Lake,NS ,6,Full,CampsitePermit,Single Tent,
Graves Island,ON ,2,Senior,CampsitePermit,Less than 40ft,
Laurie,NS ,2,Full,CampsitePermit,Single Tent,
Blomidon,NS ,2,Full,CampsitePermit,Tents,
Rissers Beach,NS ,3,Full,CampsitePermit,Single Tent,
Salsman,NS ,2,Full,CampsitePermit,Tents,
Graves Island,NS ,2,Full,CampsitePermit,Less than 30ft,
Graves Island,NS ,4,Full,CampsitePermit,Single Tent,
Five Islands,QC ,2,Senior,CampsitePermit,Less than 20ft,
Mira River,ON ,2,Full,CampsitePermit,Less than 20ft,
Amherst Shore,NB ,2,Full,CampsitePermit,Single Tent,
Battery,NS ,1,Full,CampsitePermit,Single Tent,
Ellenwood Lake,NS ,5,Senior,CampsitePermit,Tents,
Dollar Lake,NS ,4,Full,CampsitePermit,Single Tent,
Porters Lake,NS ,1,Full,CampsitePermit,Single Tent,
Laurie,NS ,4,Full,CampsitePermit,Single Tent,
Mira River,NS ,2,Senior,CampsitePermit,Less than 40ft,
Rissers Beach,QC ,4,Full,CampsitePermit,Single Tent,
Caribou Munroes,NS ,4,Full,CampsitePermit,Single Tent,
Battery,NS ,2,Full,CampsitePermit,Less than 20ft,
Dollar Lake,NS ,5,Full,CampsitePermit,Less than 30ft,
Rissers Beach,NS ,2,Full,CampsitePermit,Less than 40ft,
Rissers Beach,NB ,1,Full,CampsitePermit,Single Tent,
Five Islands,NS ,4,Full,CampsitePermit,Single Tent,
Thomas Raddall,NS ,2,Full,CampsitePermit,Single Tent,
Graves Island,NB ,5,Full,CampsitePermit,Tents,
Rissers Beach,NS ,4,Full,CampsitePermit,Less than 30ft,
Cape Chignecto,NS ,1,Full,BackcountryPermit,Single Tent,
Five Islands,NS ,4,Full,CampsitePermit,Single Tent,
Caribou Munroes,ON ,1,Full,CampsitePermit,Single Tent,
Mira River,NS ,3,Full,CampsitePermit,Single Tent,
Graves Island,ON ,7,Full,CampsitePermit,Single Tent,
Graves Island,NS ,2,Full,CampsitePermit,Single Tent,
Five Islands,NS ,3,Full,CampsitePermit,Single Tent,
Amherst Shore,NS ,2,Full,CampsitePermit,Less than 20ft,
Rissers Beach,NS ,5,Full,CampsitePermit,Tents,
Dollar Lake,NS ,4,Full,CampsitePermit,Single Tent,
Five Islands,NS ,3,Full,CampsitePermit,Single Tent,
Porters Lake,NS ,4,Full,CampsitePermit,Less than 30ft,
Caribou Munroes,ON ,4,Full,CampsitePermit,Less than 30ft,
Graves Island,NS ,4,Full,CampsitePermit,Single Tent,
Graves Island,NS ,4,Full,CampsitePermit,Less than 30ft,
Rissers Beach,ON ,4,Full,CampsitePermit,Single Tent,
Caribou Munroes,NS ,4,Full,CampsitePermit,Less than 20ft,
Salsman,NS ,2,Senior,CampsitePermit,Less than 30ft,
Five Islands,NS ,5,Full,CampsitePermit,Single Tent,
Ellenwood Lake,NS ,2,Full,CampsitePermit,Single Tent,
Graves Island,NS ,2,Full,CampsitePermit,Less than 40ft,
Cape Chignecto,NB ,2,Full,BackcountryPermit,Single Tent,
Rissers Beach,NS ,2,Full,CampsitePermit,Less than 20ft,
Thomas Raddall,NS ,2,Full,CampsitePermit,Single Tent,
Rissers Beach,NS ,2,Full,CampsitePermit,Less than 30ft,
Valleyview,NB ,2,Senior,CampsitePermit,Single Tent,
Rissers Beach,ON ,3,Full,CampsitePermit,Less than 30ft,
Battery,ON ,2,Senior,CampsitePermit,Less than 30ft,
Thomas Raddall,NS ,4,Full,CampsitePermit,Single Tent,
Battery,NS ,2,Full,CampsitePermit,Single Tent,
Blomidon,NS ,2,Full,CampsitePermit,Single Tent,
Rissers Beach,NS ,4,Full,CampsitePermit,Less than 30ft,
Five Islands,NS ,5,Full,CampsitePermit,Single Tent,
Dollar Lake,NS ,2,Full,CampsitePermit,Less than 20ft,
Blomidon,NS ,5,Full,CampsitePermit,Single Tent,
Blomidon,NS ,3,Full,CampsitePermit,Less than 30ft,
Rissers Beach,NS ,2,Full,CampsitePermit,Less than 20ft,
Amherst Shore,NB ,2,Full,CampsitePermit,Less than 40ft,
Mira River,NS ,3,Full,CampsitePermit,Less than 30ft,
Graves Island,NS ,2,Full,CampsitePermit,Less than 20ft,
Salsman,NS ,3,Full,CampsitePermit,Tents,
Rissers Beach,NS ,4,Full,CampsitePermit,Single Tent,
Caribou Munroes,NS ,2,Full,CampsitePermit,Less than 20ft,
Smileys,ON ,2,Full,CampsitePermit,Less than 20ft,
Porters Lake,AB ,1,Full,CampsitePermit,Single Tent,
Five Islands,ON ,1,Full,CampsitePermit,Less than 20ft,
The Islands,NS ,2,Full,CampsitePermit,Less than 30ft,
Thomas Raddall,NS ,2,Full,CampsitePermit,Single Tent,
Graves Island,NS ,4,Full,CampsitePermit,Single Tent,
Caribou Munroes,QC ,2,Full,CampsitePermit,Single Tent,
Blomidon,NS ,1,Full,CampsitePermit,Single Tent,
Graves Island,NS ,3,Full,CampsitePermit,Tents,
Mira River,NS ,4,Full,CampsitePermit,Less than 30ft,
Amherst Shore,QC ,1,Full,CampsitePermit,Single Tent,
Rissers Beach,NS ,5,Full,CampsitePermit,Less than 30ft,
Graves Island,NS ,2,Senior,CampsitePermit,Less than 40ft,
Blomidon,NS ,2,Senior,CampsitePermit,Single Tent,
Battery,NS ,4,Full,CampsitePermit,Less than 20ft,
Caribou Munroes,QC ,4,Full,CampsitePermit,Less than 20ft,
Caribou Munroes,NS ,2,Full,CampsitePermit,Single Tent,
Mira River,NS ,3,Full,CampsitePermit,Less than 20ft,
Mira River,ON ,2,Full,CampsitePermit,Single Tent,
Five Islands,NS ,2,Full,CampsitePermit,Single Tent,
Laurie,NS ,2,Senior,CampsitePermit,Less than 20ft,
Rissers Beach,NS ,4,Full,CampsitePermit,Single Tent,
Graves Island,AB ,1,Senior,CampsitePermit,Single Tent,
Battery,NS ,2,Full,CampsitePermit,Less than 20ft,
Porters Lake,ON ,2,Full,CampsitePermit,Less than 20ft,
Mira River,NS ,2,Full,CampsitePermit,Single Tent,
Porters Lake,ON ,2,Full,CampsitePermit,Single Tent,
Caribou Munroes,NS ,1,Full,CampsitePermit,Single Tent,
Blomidon,NS ,3,Full,CampsitePermit,Single Tent,
The Islands,QC ,2,Full,CampsitePermit,Less than 30ft,
Five Islands,NS ,4,Full,CampsitePermit,Single Tent,
Mira River,NS ,5,Full,CampsitePermit,Less than 40ft,
Graves Island,QC ,2,Full,CampsitePermit,Single Tent,
Dollar Lake,ON ,4,Full,CampsitePermit,Single Tent,
Five Islands,NB ,4,Senior,CampsitePermit,Less than 20ft,
Mira River,NS ,4,Senior,CampsitePermit,Less than 30ft,
Graves Island,NS ,4,Full,CampsitePermit,Less than 30ft,
Dollar Lake,NS ,2,Full,CampsitePermit,Less than 20ft,
Amherst Shore,NS ,2,Full,CampsitePermit,Single Tent,
The Islands,NS ,4,Full,CampsitePermit,Less than 30ft,
Blomidon,NS ,2,Full,CampsitePermit,Single Tent,
Salsman,NS ,3,Senior,CampsitePermit,Less than 30ft,
Thomas Raddall,NS ,2,Full,CampsitePermit,Less than 20ft,
Graves Island,NS ,2,Full,CampsitePermit,Single Tent,
Porters Lake,NS ,4,Full,CampsitePermit,Less than 20ft,
Five Islands,NS ,2,Full,CampsitePermit,Single Tent,
Dollar Lake,NS ,2,Full,CampsitePermit,Less than 30ft,
Dollar Lake,NS ,2,Full,CampsitePermit,Less than 30ft,
Rissers Beach,NS ,2,Full,CampsitePermit,Less than 20ft,
Caribou Munroes,NS ,4,Full,CampsitePermit,Single Tent,
Graves Island,NS ,1,Full,CampsitePermit,Single Tent,
Rissers Beach,MB ,6,FULL,CampsitePermit,Single Tent,
Laurie,ON ,2,Full,CampsitePermit,Single Tent,
Rissers Beach,NS ,3,Full,CampsitePermit,Less than 30ft,
Thomas Raddall,NS ,2,Senior,CampsitePermit,Less than 20ft,
Blomidon,NB ,1,Full,CampsitePermit,Single Tent,
Battery,BC ,1,Full,CampsitePermit,Single Tent,
Mira River,ON ,3,Full,CampsitePermit,Single Tent,
Porters Lake,NS ,4,Full,CampsitePermit,Tents,
Graves Island,NS ,1,Senior,CampsitePermit,Less than 20ft,
Mira River,NS ,2,Full,CampsitePermit,Single Tent,
Whycocomagh,ON ,2,Senior,CampsitePermit,Less than 20ft,
Graves Island,NS ,2,Full,CampsitePermit,Less than 20ft,
Graves Island,NS ,2,Full,CampsitePermit,Less than 40ft,
Ellenwood Lake,ON ,2,Full,CampsitePermit,Single Tent,
Amherst Shore,QC ,2,Full,CampsitePermit,Single Tent,
Porters Lake,ON ,2,Senior,CampsitePermit,Less than 30ft,
Dollar Lake,NS ,3,Full,CampsitePermit,Tents,
Mira River,NS ,3,Full,CampsitePermit,Less than 30ft,
Graves Island,NS ,2,Full,CampsitePermit,Single Tent,
Dollar Lake,NS ,3,Full,CampsitePermit,Single Tent,
Graves Island,NS ,2,Senior,CampsitePermit,Less than 30ft,
Blomidon,NS ,3,Full,CampsitePermit,Single Tent,
Amherst Shore,NS ,6,Full,CampsitePermit,Tents,
Graves Island,ON ,2,Full,CampsitePermit,Less than 20ft,
Caribou Munroes,NS ,4,Full,CampsitePermit,Less than 30ft,
Blomidon,NS ,2,Full,CampsitePermit,Single Tent,
Dollar Lake,NS ,6,Full,CampsitePermit,Less than 20ft,
Ellenwood Lake,NS ,4,Full,CampsitePermit,Less than 30ft,
Graves Island,PE ,2,Full,CampsitePermit,Single Tent,
Caribou Munroes,NS ,2,Full,CampsitePermit,Less than 20ft,
Blomidon,NS ,2,Full,CampsitePermit,Single Tent,
Amherst Shore,QC ,1,Full,CampsitePermit,Single Tent,
Caribou Munroes,NS ,2,Full,CampsitePermit,Less than 20ft,
Rissers Beach,NS ,2,Full,CampsitePermit,Less than 30ft,
Graves Island,QC ,2,Full,CampsitePermit,Single Tent,
Mira River,BC ,1,Senior,CampsitePermit,Tents,
Mira River,BC ,2,Senior,CampsitePermit,Single Tent,
Rissers Beach,NS ,1,Full,CampsitePermit,Single Tent,
Caribou Munroes,BC ,2,Full,CampsitePermit,Single Tent,
Thomas Raddall,NS ,1,Full,CampsitePermit,Single Tent,
Laurie,NS ,4,Full,CampsitePermit,Single Tent,
Blomidon,NS ,6,Full,CampsitePermit,Tents,
Ellenwood Lake,NS ,2,Veteran,CampsitePermit,Single Tent,
Rissers Beach,NS ,3,Full,CampsitePermit,Single Tent,
Caribou Munroes,NS ,1,Full,CampsitePermit,Tents,
Dollar Lake,NS ,2,Full,CampsitePermit,Single Tent,
Graves Island,NS ,2,Full,CampsitePermit,Single Tent,
Porters Lake,NS ,2,Full,CampsitePermit,Single Tent,
Dollar Lake,NS ,4,Veteran,CampsitePermit,Less than 20ft,
Graves Island,NS ,6,Full,CampsitePermit,Tents,
Battery,ON ,2,Senior,CampsitePermit,Single Tent,
Thomas Raddall,NS ,2,Full,CampsitePermit,Less than 20ft,
Ellenwood Lake,NS ,2,Full,CampsitePermit,Single Tent,
Thomas Raddall,NS ,2,Senior,CampsitePermit,Less than 40ft,
Porters Lake,NS ,2,Veteran,CampsitePermit,Less than 30ft,
Caribou Munroes,NS ,2,Full,CampsitePermit,Less than 20ft,
Porters Lake,NS ,2,Full,CampsitePermit,Single Tent,
Porters Lake,ON ,4,Full,CampsitePermit,Less than 30ft,
Porters Lake,NS ,3,Full,CampsitePermit,Single Tent,
Thomas Raddall,NS ,2,Full,CampsitePermit,Single Tent,
Caribou Munroes,ON ,2,Full,CampsitePermit,Single Tent,
Graves Island,ON ,4,Full,CampsitePermit,Less than 30ft,
Mira River,NS ,4,Full,CampsitePermit,Less than 30ft,
Blomidon,NS ,2,Full,CampsitePermit,Single Tent,
Caribou Munroes,QC ,2,Full,CampsitePermit,Single Tent,
Rissers Beach,NS ,4,Full,CampsitePermit,Less than 30ft,
Mira River,NS ,3,Full,CampsitePermit,Less than 30ft,
Amherst Shore,NB ,4,Full,CampsitePermit,Tents,
Rissers Beach,NS ,2,Senior,CampsitePermit,Less than 30ft,
Mira River,QC ,2,Full,CampsitePermit,Single Tent,
Porters Lake,NS ,4,Full,CampsitePermit,Tents,
Mira River,NS ,2,Full,CampsitePermit,Less than 30ft,
Rissers Beach,NS ,4,Full,CampsitePermit,Less than 30ft,
Laurie,NS ,2,Full,CampsitePermit,Tents,
Graves Island,BC ,1,Full,CampsitePermit,Single Tent,
Laurie,NS ,3,Full,CampsitePermit,Tents,
Whycocomagh,AB ,1,Senior,CampsitePermit,Single Tent,
Amherst Shore,QC ,2,Full,CampsitePermit,Single Tent,
Laurie,ON ,5,Full,CampsitePermit,Tents,
Laurie,NS ,2,Full,CampsitePermit,Single Tent,
Porters Lake,NS ,2,Full,CampsitePermit,Single Tent,
Caribou Munroes,QC ,2,Full,CampsitePermit,Single Tent,
Whycocomagh,BC ,2,Full,CampsitePermit,Less than 20ft,
Ellenwood Lake,ON ,2,Full,CampsitePermit,Less than 20ft,
Smileys,NS ,5,Full,CampsitePermit,Single Tent,
Caribou Munroes,NS ,2,Full,CampsitePermit,Less than 30ft,
Graves Island,NS ,2,Full,CampsitePermit,Less than 30ft,
Thomas Raddall,NS ,4,Full,CampsitePermit,Tents,
Porters Lake,NS ,3,Full,CampsitePermit,Less than 40ft,
Laurie,ON ,2,Full,CampsitePermit,Less than 20ft,
Cape Chignecto,NB ,1,Full,BackcountryPermit,Single Tent,
Cape Chignecto,NB ,2,Full,BackcountryPermit,Single Tent,
Ellenwood Lake,NS ,1,Full,CampsitePermit,Single Tent,
Thomas Raddall,NS ,4,Full,CampsitePermit,Single Tent,
Whycocomagh,ON ,2,Full,CampsitePermit,Single Tent,
Ellenwood Lake,NS ,6,Full,CampsitePermit,Less than 20ft,
Dollar Lake,NS ,3,Full,CampsitePermit,Single Tent,
Whycocomagh,QC ,2,Full,CampsitePermit,Single Tent,
Rissers Beach,NS ,3,Full,CampsitePermit,Less than 30ft,
Battery,BC ,2,Senior,CampsitePermit,Single Tent,
Thomas Raddall,NS ,2,Full,CampsitePermit,Less than 20ft,
Salsman,NS ,2,Full,CampsitePermit,Single Tent,
Rissers Beach,NS ,6,Full,CampsitePermit,Less than 30ft,
Blomidon,NS ,2,Full,CampsitePermit,Less than 30ft,
Dollar Lake,NS ,2,Full,CampsitePermit,Single Tent,
Mira River,QC ,2,Full,CampsitePermit,Single Tent,
Cape Chignecto,NB ,2,Full,BackcountryPermit,Single Tent,
Blomidon,NS ,2,Full,CampsitePermit,Single Tent,
The Islands,NS ,2,Full,CampsitePermit,Single Tent,
Caribou Munroes,NB ,4,Senior,CampsitePermit,Single Tent,
Thomas Raddall,NS ,2,Full,CampsitePermit,Less than 20ft,
Five Islands,NS ,2,Full,CampsitePermit,Single Tent,
Dollar Lake,NS ,3,Full,CampsitePermit,Single Tent,
Mira River,NS ,6,Full,CampsitePermit,Tents,
Amherst Shore,ON ,2,Full,CampsitePermit,Single Tent,
Graves Island,NS ,1,Full,CampsitePermit,Single Tent,
Rissers Beach,ON ,2,Full,CampsitePermit,Less than 30ft,
Ellenwood Lake,NL ,2,Full,CampsitePermit,Single Tent,
Mira River,NS ,2,Senior,CampsitePermit,Less than 20ft,
Rissers Beach,NB ,2,Senior,CampsitePermit,Less than 20ft,
Caribou Munroes,NS ,4,Full,CampsitePermit,Less than 40ft,
Five Islands,NS ,2,Full,CampsitePermit,Single Tent,
Blomidon,NS ,3,Full,CampsitePermit,Less than 30ft,
Rissers Beach,NS ,2,Full,CampsitePermit,Less than 20ft,
Mira River,NS ,3,Full,CampsitePermit,Single Tent,
The Islands,NS ,2,Full,CampsitePermit,Less than 40ft,
Mira River,NS ,4,Full,CampsitePermit,Less than 30ft,
Cape Chignecto,NS ,2,Full,BackcountryPermit,Single Tent,
Rissers Beach,NS ,2,Full,CampsitePermit,Single Tent,
Laurie,NS ,2,Full,CampsitePermit,Less than 30ft,
The Islands,NS ,4,Full,CampsitePermit,Less than 30ft,
Caribou Munroes,ON ,3,Full,CampsitePermit,Single Tent,
Five Islands,ON ,4,Full,CampsitePermit,Single Tent,
Laurie,NS ,4,Full,CampsitePermit,Single Tent,
Dollar Lake,QC ,2,Full,CampsitePermit,Less than 30ft,
Porters Lake,NS ,2,Full,CampsitePermit,Single Tent,
The Islands,NS ,4,Full,CampsitePermit,Tents,
Dollar Lake,NS ,4,Veteran,CampsitePermit,Less than 20ft,
Graves Island,MB ,2,Full,CampsitePermit,Single Tent,
Rissers Beach,NS ,4,Full,CampsitePermit,Less than 30ft,
Rissers Beach,NS ,3,Full,CampsitePermit,Single Tent,
Laurie,NS ,4,Full,CampsitePermit,Tents,
Rissers Beach,NS ,2,FULL,CampsitePermit,Less than 20ft,
Caribou Munroes,ON ,1,Full,CampsitePermit,Single Tent,
Five Islands,NS ,6,Full,CampsitePermit,Single Tent,
Caribou Munroes,NS ,4,Full,CampsitePermit,Less than 20ft,
Mira River,QC ,2,Full,CampsitePermit,Single Tent,
Mira River,QC ,2,Full,CampsitePermit,Single Tent,
Dollar Lake,NB ,2,Full,CampsitePermit,Single Tent,
Smileys,NS ,2,Full,CampsitePermit,Less than 20ft,
Mira River,NS ,4,Full,CampsitePermit,Less than 20ft,
The Islands,NS ,3,Full,CampsitePermit,Single Tent,
Cape Chignecto,NS ,3,Full,BackcountryPermit,Single Tent,
Dollar Lake,NS ,3,Full,CampsitePermit,Less than 20ft,
The Islands,BC ,2,Senior,CampsitePermit,Less than 30ft,
Thomas Raddall,NS ,5,Full,CampsitePermit,Single Tent,
Graves Island,BC ,2,Full,CampsitePermit,Less than 20ft,
Graves Island,NS ,4,Full,CampsitePermit,Less than 20ft,
Caribou Munroes,NS ,2,Full,CampsitePermit,Single Tent,
Blomidon,NS ,4,Full,CampsitePermit,Less than 30ft,
Five Islands,NS ,2,Full,CampsitePermit,Single Tent,
Whycocomagh,NS ,2,Full,YurtPermit,Tents,
Graves Island,NS ,4,Full,CampsitePermit,Less than 20ft,
Blomidon,NS ,2,Full,CampsitePermit,Single Tent,
Five Islands,ON ,2,Full,CampsitePermit,Single Tent,
Porters Lake,QC ,2,Full,CampsitePermit,Single Tent,
Dollar Lake,NS ,4,Full,CampsitePermit,Single Tent,
Caribou Munroes,NS ,2,Senior,CampsitePermit,Less than 30ft,
The Islands,ON ,2,Full,CampsitePermit,Single Tent,
Blomidon,QC ,1,Full,CampsitePermit,Single Tent,
Valleyview,NS ,2,Senior,CampsitePermit,Single Tent,
Five Islands,QC ,2,Full,CampsitePermit,Less than 20ft,
Laurie,NS ,2,Full,CampsitePermit,Single Tent,
Blomidon,NS ,2,Full,CampsitePermit,Single Tent,
Rissers Beach,NS ,4,Full,CampsitePermit,Less than 20ft,
Five Islands,NS ,3,Full,CampsitePermit,Tents,
Cape Chignecto,NB ,2,Full,BackcountryPermit,Single Tent,
Amherst Shore,NS ,2,Full,CampsitePermit,Less than 40ft,
Thomas Raddall,NS ,6,Full,CampsitePermit,Tents,
Graves Island,NS ,4,Full,CampsitePermit,Tents,
Thomas Raddall,NS ,5,Full,CampsitePermit,Single Tent,
Graves Island,NS ,2,Host,CampsitePermit,Less than 20ft,
Caribou Munroes,NS ,2,Full,CampsitePermit,Less than 40ft,
Graves Island,NS ,4,Full,CampsitePermit,Less than 40ft,
Cape Chignecto,NS ,2,Full,BackcountryPermit,Single Tent,
Ellenwood Lake,PE ,3,Senior,CampsitePermit,Less than 20ft,
Caribou Munroes,QC ,6,Full,CampsitePermit,Less than 20ft,
Rissers Beach,NS ,2,Senior,CampsitePermit,Less than 20ft,
Dollar Lake,NS ,4,Full,CampsitePermit,Single Tent,
Rissers Beach,NS ,4,Full,CampsitePermit,Less than 30ft,
Rissers Beach,NS ,4,Full,CampsitePermit,Single Tent,
Graves Island,QC ,6,Full,CampsitePermit,Less than 20ft,
Porters Lake,ON ,6,Full,CampsitePermit,Less than 40ft,
Thomas Raddall,NS ,4,Full,CampsitePermit,Tents,
Porters Lake,NS ,2,Senior,CampsitePermit,Less than 20ft,
Amherst Shore,ON ,2,Full,CampsitePermit,Single Tent,
Mira River,NS ,2,Host,CampsitePermit,Single Tent,
Salsman,NS ,6,Full,CampsitePermit,Tents,
Battery,NS ,3,Full,CampsitePermit,Single Tent,
Dollar Lake,NS ,5,Full,CampsitePermit,Tents,
The Islands,NS ,2,Veteran,CampsitePermit,Single Tent,
Thomas Raddall,NS ,4,Full,CampsitePermit,Less than 30ft,
The Islands,QC ,3,Full,CampsitePermit,Less than 30ft,
Blomidon,NS ,2,Full,CampsitePermit,Tents,
Smileys,NS ,3,Full,CampsitePermit,Less than 40ft,
Whycocomagh,QC ,1,Full,CampsitePermit,Single Tent,
Mira River,NS ,3,Full,CampsitePermit,Single Tent,
Rissers Beach,NS ,4,Full,CampsitePermit,Less than 30ft,
The Islands,NS ,3,Full,CampsitePermit,Less than 40ft,
Thomas Raddall,NS ,2,Full,CampsitePermit,Single Tent,
Smileys,NS ,2,Full,CampsitePermit,Single Tent,
Mira River,NS ,2,Senior,CampsitePermit,Less than 30ft,
Blomidon,NS ,2,Senior,CampsitePermit,Less than 30ft,
Five Islands,QC ,2,Full,CampsitePermit,Less than 20ft,
Blomidon,NS ,4,Full,CampsitePermit,Single Tent,
Caribou Munroes,NB ,2,Senior,CampsitePermit,Less than 20ft,
The Islands,ON ,2,Full,CampsitePermit,Less than 20ft,
Mira River,ON ,2,Senior,CampsitePermit,Less than 20ft,
Amherst Shore,ON ,5,Full,CampsitePermit,Single Tent,
Mira River,AB ,1,Full,CampsitePermit,Single Tent,
Blomidon,ON ,2,Full,CampsitePermit,Less than 20ft,
Rissers Beach,NS ,5,Full,CampsitePermit,Single Tent,
Battery,QC ,2,Full,CampsitePermit,Single Tent,
Mira River,ON ,3,Full,CampsitePermit,Less than 20ft,
Whycocomagh,ON ,5,Full,CampsitePermit,Less than 20ft,
Mira River,QC ,2,Full,CampsitePermit,Single Tent,
Smileys,NS ,4,Full,CampsitePermit,Tents,
Amherst Shore,ON ,2,Senior,CampsitePermit,Single Tent,
Mira River,NS ,2,FULL,CampsitePermit,Less than 30ft,
Porters Lake,NS ,2,Full,CampsitePermit,Single Tent,
Five Islands,NS ,2,Full,CampsitePermit,Less than 40ft,
Five Islands,QC ,6,Senior,CampsitePermit,Single Tent,
The Islands,NS ,1,Full,CampsitePermit,Single Tent,
Mira River,QC ,2,Senior,CampsitePermit,Single Tent,
Porters Lake,NS ,4,Full,CampsitePermit,Less than 20ft,
Smileys,NS ,4,Full,CampsitePermit,Less than 20ft,
Caribou Munroes,NS ,2,Full,CampsitePermit,Single Tent,
Porters Lake,BC ,2,Full,CampsitePermit,Single Tent,
Caribou Munroes,QC ,2,Full,CampsitePermit,Single Tent,
Rissers Beach,NS ,6,Full,CampsitePermit,Less than 40ft,
Blomidon,ON ,2,Full,CampsitePermit,Single Tent,
Dollar Lake,NS ,2,Full,CampsitePermit,Single Tent,
Caribou Munroes,NS ,4,Full,CampsitePermit,Less than 20ft,
Cape Chignecto,NS ,2,Veteran,BackcountryPermit,Single Tent,
Thomas Raddall,NS ,2,Full,CampsitePermit,Less than 30ft,
Dollar Lake,NS ,2,Full,CampsitePermit,Single Tent,
Ellenwood Lake,NS ,2,Full,CampsitePermit,Single Tent,
Laurie,ON ,2,Full,CampsitePermit,Less than 20ft,
Rissers Beach,NS ,3,Full,CampsitePermit,Single Tent,
Thomas Raddall,NS ,2,Full,CampsitePermit,Single Tent,
Graves Island,NS ,2,Full,CampsitePermit,Less than 20ft,
Cape Chignecto,NS ,1,Full,BackcountryPermit,Single Tent,
Caribou Munroes,NS ,5,Full,CampsitePermit,Single Tent,
Caribou Munroes,NS ,2,Full,CampsitePermit,Single Tent,
Salsman,NS ,2,Full,CampsitePermit,Less than 30ft,
Cape Chignecto,NS ,1,Full,BackcountryPermit,Single Tent,
Graves Island,NS ,4,Full,CampsitePermit,Tents,
Caribou Munroes,QC ,2,Senior,CampsitePermit,Less than 20ft,
Whycocomagh,NS ,2,Veteran,CampsitePermit,Less than 30ft,
Graves Island,ON ,2,Full,CampsitePermit,Tents,
Amherst Shore,NS ,3,Full,CampsitePermit,Less than 20ft,
Mira River,NS ,4,Full,CampsitePermit,Single Tent,
Porters Lake,NS ,1,Full,CampsitePermit,Single Tent,
Thomas Raddall,NS ,2,Full,CampsitePermit,Single Tent,
Rissers Beach,NS ,4,Full,CampsitePermit,Less than 20ft,
Whycocomagh,ON ,6,Senior,CampsitePermit,Tents,
Thomas Raddall,QC ,2,Full,CampsitePermit,Single Tent,
Amherst Shore,NS ,2,Senior,CampsitePermit,Less than 20ft,
Rissers Beach,NS ,1,Full,CampsitePermit,Single Tent,
Smileys,NS ,5,Full,CampsitePermit,Less than 40ft,
Mira River,NS ,6,Full,CampsitePermit,Less than 40ft,
Dollar Lake,NS ,4,Full,CampsitePermit,Single Tent,
Caribou Munroes,NS ,1,Full,CampsitePermit,Single Tent,
Five Islands,NS ,2,Full,CampsitePermit,Single Tent,
Dollar Lake,NS ,5,Full,CampsitePermit,Single Tent,
Thomas Raddall,NB ,1,Full,CampsitePermit,Single Tent,
Porters Lake,NS ,2,Full,CampsitePermit,Single Tent,
Five Islands,NS ,2,Full,CampsitePermit,Single Tent,
Graves Island,NS ,2,Full,CampsitePermit,Less than 20ft,
Smileys,NS ,2,Full,CampsitePermit,Less than 40ft,
Graves Island,NS ,5,Senior,CampsitePermit,Less than 20ft,
Whycocomagh,ON ,2,Full,CampsitePermit,Single Tent,
Rissers Beach,NS ,2,Senior,CampsitePermit,Less than 40ft,
Blomidon,ON ,2,Full,CampsitePermit,Single Tent,
Amherst Shore,ON ,2,Full,CampsitePermit,Single Tent,
Battery,NS ,2,Full,CampsitePermit,Single Tent,
Rissers Beach,NS ,5,Full,CampsitePermit,Single Tent,
The Islands,NS ,2,Full,CampsitePermit,Single Tent,
Five Islands,ON ,1,Full,CampsitePermit,Single Tent,
Thomas Raddall,NS ,2,Full,CampsitePermit,Less than 20ft,
Amherst Shore,AB ,2,Senior,CampsitePermit,Less than 30ft,
Porters Lake,NS ,2,Full,CampsitePermit,Less than 20ft,
Porters Lake,NS ,4,Full,CampsitePermit,Less than 20ft,
Caribou Munroes,NS ,2,Senior,CampsitePermit,Single Tent,
Dollar Lake,NS ,6,Full,CampsitePermit,Tents,
Rissers Beach,NS ,2,Full,CampsitePermit,Less than 20ft,
Dollar Lake,NS ,5,Full,CampsitePermit,Tents,
Cape Chignecto,NS ,2,Full,BackcountryPermit,Single Tent,
Laurie,NS ,5,Full,CampsitePermit,Tents,
Thomas Raddall,NS ,5,Full,CampsitePermit,Tents,
Mira River,QC ,2,Senior,CampsitePermit,Single Tent,
The Islands,NS ,2,Full,CampsitePermit,Less than 30ft,
Porters Lake,ON ,2,Full,CampsitePermit,Single Tent,
Amherst Shore,NB ,2,Full,CampsitePermit,Single Tent,
Thomas Raddall,NS ,1,Full,CampsitePermit,Single Tent,
Dollar Lake,NS ,3,Full,CampsitePermit,Single Tent,
Graves Island,NS ,4,Full,CampsitePermit,Less than 30ft,
Thomas Raddall,NS ,2,Full,CampsitePermit,Single Tent,
The Islands,NS ,2,Full,CampsitePermit,Single Tent,
Smileys,NS ,2,Full,CampsitePermit,Less than 20ft,
Battery,QC ,2,Full,CampsitePermit,Single Tent,
Rissers Beach,NS ,3,Senior,CampsitePermit,Less than 30ft,
Thomas Raddall,BC ,2,Full,CampsitePermit,Less than 20ft,
Caribou Munroes,NS ,2,Full,CampsitePermit,Single Tent,
Porters Lake,NB ,4,Full,CampsitePermit,Single Tent,
Five Islands,NS ,4,Full,CampsitePermit,Less than 30ft,
Rissers Beach,ON ,2,Full,CampsitePermit,Single Tent,
Graves Island,NS ,2,Full,CampsitePermit,Less than 30ft,
Smileys,NS ,3,Full,CampsitePermit,Less than 30ft,
Rissers Beach,NS ,2,Full,CampsitePermit,Single Tent,
Blomidon,NS ,4,Full,CampsitePermit,Single Tent,
Caribou Munroes,NS ,5,Full,CampsitePermit,Single Tent,
Rissers Beach,NS ,4,Full,CampsitePermit,Less than 20ft,
Laurie,ON ,2,Full,CampsitePermit,Single Tent,
Blomidon,NB ,3,Full,CampsitePermit,Single Tent,
Rissers Beach,NS ,4,Full,CampsitePermit,Less than 20ft,
Porters Lake,NS ,4,Full,CampsitePermit,Tents,
Five Islands,NS ,4,Full,CampsitePermit,Single Tent,
Dollar Lake,NS ,6,Full,CampsitePermit,Tents,
Porters Lake,ON ,2,Full,CampsitePermit,Single Tent,
Five Islands,ON ,3,Veteran,CampsitePermit,Single Tent,
Graves Island,NS ,5,Full,CampsitePermit,Less than 30ft,
Laurie,NS ,3,Full,CampsitePermit,Tents,
Graves Island,NS ,5,Full,CampsitePermit,Less than 40ft,
Laurie,NS ,4,Full,CampsitePermit,Less than 20ft,
Mira River,NS ,3,Full,CampsitePermit,Less than 30ft,
Caribou Munroes,NS ,4,Full,CampsitePermit,Less than 30ft,
Caribou Munroes,AB ,2,Full,CampsitePermit,Less than 40ft,
Battery,NB ,2,Senior,CampsitePermit,Single Tent,
Graves Island,QC ,4,Full,CampsitePermit,Less than 30ft,
Thomas Raddall,NS ,2,Full,CampsitePermit,Less than 20ft,
Whycocomagh,BC ,1,Full,CampsitePermit,Single Tent,
Laurie,ON ,3,Full,CampsitePermit,Less than 20ft,
Ellenwood Lake,NS ,4,Full,CampsitePermit,Single Tent,
Caribou Munroes,NS ,2,Full,CampsitePermit,Tents,
Dollar Lake,NS ,3,Full,CampsitePermit,Less than 20ft,
Blomidon,MB ,1,Senior,CampsitePermit,Single Tent,
Ellenwood Lake,NS ,2,Full,CampsitePermit,Single Tent,
Laurie,NS ,2,Full,CampsitePermit,Single Tent,
Porters Lake,NB ,2,Full,CampsitePermit,Single Tent,
Smileys,NS ,2,Veteran,CampsitePermit,Single Tent,
Dollar Lake,NS ,2,Full,CampsitePermit,Single Tent,
Mira River,NS ,4,Full,CampsitePermit,Less than 30ft,
Salsman,NS ,4,Full,CampsitePermit,Tents,
Caribou Munroes,NS ,5,Senior,CampsitePermit,Less than 40ft,
Mira River,NS ,4,Full,CampsitePermit,Less than 30ft,
Caribou Munroes,ON ,2,Full,CampsitePermit,Tents,
Blomidon,NS ,2,Full,CampsitePermit,Single Tent,
Five Islands,BC ,2,Full,CampsitePermit,Less than 30ft,
Ellenwood Lake,QC ,2,Full,CampsitePermit,Single Tent,
Dollar Lake,NS ,3,Full,CampsitePermit,Single Tent,
Whycocomagh,BC ,1,Full,CampsitePermit,Single Tent,
Porters Lake,NS ,2,Veteran,CampsitePermit,Single Tent,
Caribou Munroes,NB ,2,Full,CampsitePermit,Single Tent,
Porters Lake,QC ,4,Full,CampsitePermit,Single Tent,
Graves Island,NS ,2,Full,CampsitePermit,Less than 40ft,
Battery,NS ,3,Full,CampsitePermit,Less than 20ft,
Graves Island,BC ,2,Senior,CampsitePermit,Less than 20ft,
Mira River,NS ,5,Full,CampsitePermit,Less than 30ft,
Ellenwood Lake,NS ,4,Full,CampsitePermit,Less than 30ft,
Thomas Raddall,NS ,3,Full,CampsitePermit,Tents,
Cape Chignecto,NS ,2,Full,BackcountryPermit,Single Tent,
Porters Lake,NS ,2,Full,CampsitePermit,Less than 30ft,
Amherst Shore,NB ,2,Full,CampsitePermit,Single Tent,
Graves Island,NS ,4,Full,CampsitePermit,Single Tent,
Blomidon,NS ,2,Full,CampsitePermit,Less than 30ft,
Ellenwood Lake,NS ,2,Full,CampsitePermit,Less than 30ft,
Blomidon,NS ,3,Full,CampsitePermit,Less than 30ft,
Cape Chignecto,NS ,2,Full,BackcountryPermit,Single Tent,
Caribou Munroes,NS ,6,Full,CampsitePermit,Single Tent,
Caribou Munroes,NS ,2,Full,CampsitePermit,Single Tent,
Smileys,NS ,5,Full,CampsitePermit,Tents,
Rissers Beach,NS ,3,Full,CampsitePermit,Single Tent,
Rissers Beach,ON ,4,Full,CampsitePermit,Single Tent,
Battery,NS ,2,Full,CampsitePermit,Less than 20ft,
Caribou Munroes,NS ,4,Full,CampsitePermit,Single Tent,
Amherst Shore,NB ,5,Full,CampsitePermit,Tents,
Whycocomagh,NS ,6,Full,CampsitePermit,Single Tent,
Salsman,NS ,2,Full,CampsitePermit,Single Tent,
Blomidon,ON ,4,Full,CampsitePermit,Less than 20ft,
Caribou Munroes,NS ,3,Full,CampsitePermit,Less than 30ft,
Caribou Munroes,NS ,2,Full,CampsitePermit,Single Tent,
Battery,NS ,2,Full,CampsitePermit,Single Tent,
Blomidon,ON ,2,Full,CampsitePermit,Single Tent,
Caribou Munroes,NS ,3,Full,CampsitePermit,Less than 20ft,
Five Islands,NB ,2,Full,CampsitePermit,Single Tent,
Rissers Beach,NS ,2,Full,CampsitePermit,Less than 30ft,
Rissers Beach,NS ,2,Full,CampsitePermit,Single Tent,
Caribou Munroes,NS ,2,Full,CampsitePermit,Less than 30ft,
Rissers Beach,NS ,2,Full,CampsitePermit,Less than 20ft,
Blomidon,NS ,3,Full,CampsitePermit,Tents,
Laurie,NS ,2,Full,CampsitePermit,Single Tent,
Mira River,NS ,4,Full,CampsitePermit,Less than 20ft,
Laurie,NS ,2,Full,CampsitePermit,Less than 20ft,
Blomidon,QC ,4,Full,CampsitePermit,Tents,
Laurie,ON ,2,Full,CampsitePermit,Less than 30ft,
Salsman,ON ,2,Full,CampsitePermit,Single Tent,
Dollar Lake,NS ,5,Full,CampsitePermit,Less than 20ft,
Rissers Beach,ON ,2,Full,CampsitePermit,Less than 30ft,
Blomidon,ON ,2,Full,CampsitePermit,Single Tent,
Mira River,QC ,2,Full,CampsitePermit,Single Tent,
Mira River,NS ,4,Full,CampsitePermit,Less than 30ft,
Porters Lake,NS ,2,Full,CampsitePermit,Less than 20ft,
Smileys,NS ,2,Senior,CampsitePermit,Less than 30ft,
Smileys,NS ,3,Full,CampsitePermit,Single Tent,
Ellenwood Lake,PE ,2,Full,CampsitePermit,Single Tent,
Laurie,NS ,3,Full,CampsitePermit,Single Tent,
Graves Island,NS ,2,Full,CampsitePermit,Less than 30ft,
Porters Lake,ON ,2,Full,CampsitePermit,Single Tent,
Five Islands,QC ,2,Full,CampsitePermit,Single Tent,
The Islands,NS ,2,Full,CampsitePermit,Less than 30ft,
Dollar Lake,NS ,2,Full,CampsitePermit,Single Tent,
Rissers Beach,NS ,2,Full,CampsitePermit,Single Tent,
Graves Island,NS ,3,Full,CampsitePermit,Less than 40ft,
Thomas Raddall,NS ,3,Full,CampsitePermit,Less than 20ft,
Amherst Shore,QC ,1,Full,CampsitePermit,Single Tent,
Cape Chignecto,NS ,1,Full,BackcountryPermit,Single Tent,
Porters Lake,QC ,3,Full,CampsitePermit,Less than 20ft,
Battery,NS ,2,Full,CampsitePermit,Single Tent,
Porters Lake,NS ,3,Full,CampsitePermit,Single Tent,
Mira River,NB ,5,Full,CampsitePermit,Single Tent,
Salsman,NS ,2,Senior,CampsitePermit,Less than 30ft,
Laurie,NS ,4,Full,CampsitePermit,Single Tent,
Porters Lake,NS ,2,Full,CampsitePermit,Less than 30ft,
Valleyview,NS ,5,Full,CampsitePermit,Single Tent,
Laurie,NS ,2,Full,CampsitePermit,Less than 20ft,
Graves Island,NS ,2,Senior,CampsitePermit,Less than 30ft,
Graves Island,NS ,2,Full,CampsitePermit,Less than 30ft,
Rissers Beach,NS ,2,Full,CampsitePermit,Less than 20ft,
Smileys,NS ,2,Full,CampsitePermit,Less than 30ft,
Rissers Beach,ON ,1,Full,CampsitePermit,Single Tent,
Five Islands,NS ,2,Senior,CampsitePermit,Single Tent,
Blomidon,BC ,2,Full,CampsitePermit,Single Tent,
The Islands,NS ,2,Full,CampsitePermit,Less than 20ft,
Graves Island,ON ,1,Full,CampsitePermit,Single Tent,
Laurie,NS ,2,Full,CampsitePermit,Less than 30ft,
Blomidon,QC ,2,Full,CampsitePermit,Single Tent,
Blomidon,NS ,2,Full,CampsitePermit,Single Tent,
Thomas Raddall,NB ,4,Full,CampsitePermit,Less than 20ft,
Thomas Raddall,NS ,2,Full,CampsitePermit,Tents,
Cape Chignecto,NS ,2,Full,BackcountryPermit,Single Tent,
Ellenwood Lake,NS ,6,Full,CampsitePermit,Single Tent,
Mira River,NS ,2,Full,CampsitePermit,Less than 40ft,
Graves Island,ON ,3,Veteran,CampsitePermit,Tents,
Rissers Beach,NS ,4,Full,CampsitePermit,Less than 20ft,
Porters Lake,NS ,2,Full,CampsitePermit,Less than 20ft,
Battery,NB ,2,Full,CampsitePermit,Single Tent,
Ellenwood Lake,NS ,4,Full,CampsitePermit,Less than 30ft,
Smileys,QC ,1,Full,CampsitePermit,Single Tent,
Salsman,NS ,4,Full,CampsitePermit,Less than 20ft,
Amherst Shore,ON ,3,Full,CampsitePermit,Less than 40ft,
Laurie,NS ,2,Full,CampsitePermit,Less than 40ft,
Thomas Raddall,NS ,3,Full,CampsitePermit,Less than 20ft,
Caribou Munroes,NS ,1,Full,CampsitePermit,Single Tent,
Caribou Munroes,NS ,4,Full,CampsitePermit,Single Tent,
Five Islands,NS ,5,Full,CampsitePermit,Single Tent,
Amherst Shore,ON ,1,Full,CampsitePermit,Single Tent,
Whycocomagh,QC ,4,Full,CampsitePermit,Single Tent,
Caribou Munroes,NS ,2,Full,CampsitePermit,Less than 20ft,
Caribou Munroes,NS ,2,Full,CampsitePermit,Less than 20ft,
Dollar Lake,QC ,2,Full,CampsitePermit,Less than 30ft,
Salsman,ON ,2,Full,CampsitePermit,Single Tent,
Amherst Shore,NS ,3,Full,CampsitePermit,Less than 40ft,
Dollar Lake,NS ,4,Full,CampsitePermit,Single Tent,
Graves Island,NS ,4,Full,CampsitePermit,Less than 30ft,
The Islands,ON ,2,Full,CampsitePermit,Single Tent,
Rissers Beach,NS ,2,Full,CampsitePermit,Less than 30ft,
Caribou Munroes,BC ,1,Full,CampsitePermit,Less than 20ft,
Caribou Munroes,NS ,2,Full,CampsitePermit,Single Tent,
Battery,QC ,2,Full,CampsitePermit,Single Tent,
Caribou Munroes,AB ,6,Full,CampsitePermit,Less than 40ft,
Dollar Lake,NS ,3,Full,CampsitePermit,Single Tent,
Mira River,NS ,4,Full,CampsitePermit,Less than 40ft,
Porters Lake,ON ,2,Full,CampsitePermit,Single Tent,
Caribou Munroes,NS ,2,Full,CampsitePermit,Less than 30ft,
Dollar Lake,NS ,3,Full,CampsitePermit,Single Tent,
Thomas Raddall,NS ,6,Full,CampsitePermit,Tents,
Mira River,NS ,2,Full,CampsitePermit,Single Tent,
Caribou Munroes,NS ,4,Full,CampsitePermit,Less than 30ft,
Amherst Shore,QC ,2,Full,CampsitePermit,Less than 30ft,
Cape Chignecto,NB ,2,Full,BackcountryPermit,Single Tent,
Five Islands,ON ,2,Full,CampsitePermit,Less than 20ft,
Rissers Beach,NS ,1,Senior,CampsitePermit,Single Tent,
The Islands,NS ,2,Senior,CampsitePermit,Less than 30ft,
Five Islands,NB ,2,Full,CampsitePermit,Single Tent,
Thomas Raddall,NS ,2,Full,CampsitePermit,Single Tent,
Blomidon,NS ,4,Full,CampsitePermit,Tents,
Graves Island,NS ,1,Full,CampsitePermit,Single Tent,
Porters Lake,NS ,3,Senior,CampsitePermit,Less than 30ft,
Ellenwood Lake,NS ,5,Full,CampsitePermit,Less than 20ft,
Porters Lake,NS ,4,Full,CampsitePermit,Single Tent,
Rissers Beach,NS ,3,Full,CampsitePermit,Single Tent,
Caribou Munroes,QC ,2,Full,CampsitePermit,Less than 20ft,
Smileys,NS ,3,Full,CampsitePermit,Less than 30ft,
Graves Island,NS ,4,Full,CampsitePermit,Less than 40ft,
Laurie,QC ,2,Senior,CampsitePermit,Less than 30ft,
Amherst Shore,QC ,2,Full,CampsitePermit,Less than 30ft,
Blomidon,NS ,5,Full,CampsitePermit,Tents,
Dollar Lake,NS ,5,Full,CampsitePermit,Single Tent,
Smileys,NS ,4,Senior,CampsitePermit,Less than 30ft,
Amherst Shore,QC ,2,Full,CampsitePermit,Single Tent,
Whycocomagh,ON ,5,Full,YurtPermit,Tents,
Mira River,NS ,4,Full,CampsitePermit,Tents,
Thomas Raddall,NS ,2,Full,CampsitePermit,Tents,
Blomidon,NB ,2,Senior,CampsitePermit,Less than 30ft,
Caribou Munroes,NS ,2,Full,CampsitePermit,Single Tent,
Cape Chignecto,ON ,2,Full,BackcountryPermit,Single Tent,
Five Islands,NS ,3,Full,CampsitePermit,Tents,
Five Islands,NS ,3,Full,CampsitePermit,Tents,
Mira River,NS ,2,Full,CampsitePermit,Less than 20ft,
Blomidon,NB ,5,Full,CampsitePermit,Single Tent,
Laurie,NS ,6,Full,CampsitePermit,Single Tent,
Porters Lake,ON ,2,Full,CampsitePermit,Less than 20ft,
Ellenwood Lake,NS ,2,Full,CampsitePermit,Less than 20ft,
Rissers Beach,NS ,2,Full,CampsitePermit,Less than 30ft,
Cape Chignecto,NB ,2,Full,BackcountryPermit,Single Tent,
Five Islands,ON ,2,Veteran,CampsitePermit,Single Tent,
Blomidon,NS ,4,Full,CampsitePermit,Less than 20ft,
Caribou Munroes,NS ,3,Full,CampsitePermit,Single Tent,
Blomidon,NS ,2,Senior,CampsitePermit,Less than 40ft,
Battery,QC ,2,Senior,CampsitePermit,Less than 20ft,
Ellenwood Lake,NS ,5,Full,CampsitePermit,Single Tent,
Thomas Raddall,NS ,1,Full,CampsitePermit,Single Tent,
Mira River,ON ,2,Full,CampsitePermit,Single Tent,
Blomidon,NS ,2,Full,CampsitePermit,Less than 30ft,
Laurie,NS ,1,Full,CampsitePermit,Tents,
Thomas Raddall,NS ,5,Full,CampsitePermit,Single Tent,
Caribou Munroes,NS ,2,Senior,CampsitePermit,Less than 40ft,
Rissers Beach,NS ,4,Full,CampsitePermit,Less than 30ft,
Graves Island,NS ,4,Full,CampsitePermit,Less than 20ft,
Caribou Munroes,NS ,4,Full,CampsitePermit,Less than 30ft,
Whycocomagh,ON ,1,Full,CampsitePermit,Single Tent,
Ellenwood Lake,NS ,6,Full,CampsitePermit,Single Tent,
Battery,BC ,2,Full,CampsitePermit,Less than 30ft,
Cape Chignecto,NS ,3,Full,BackcountryPermit,Single Tent,
Rissers Beach,NS ,5,Full,CampsitePermit,Tents,
Laurie,NS ,2,Full,CampsitePermit,Less than 30ft,
Caribou Munroes,NS ,2,Full,CampsitePermit,Single Tent,
Smileys,NS ,6,Full,CampsitePermit,Single Tent,
Porters Lake,ON ,2,Senior,CampsitePermit,Less than 30ft,
Boylston,AB ,2,Full,CampsitePermit,Single Tent,
Graves Island,NS ,3,Full,CampsitePermit,Less than 20ft,
Whycocomagh,ON ,2,Full,CampsitePermit,Less than 30ft,
Blomidon,NS ,2,Full,CampsitePermit,Less than 20ft,
Blomidon,NS ,2,Full,CampsitePermit,Single Tent,
Salsman,QC ,2,Full,CampsitePermit,Single Tent,
Graves Island,ON ,4,Full,CampsitePermit,Single Tent,
Whycocomagh,AB ,2,Full,CampsitePermit,Less than 30ft,
Caribou Munroes,NS ,2,Full,CampsitePermit,Single Tent,
Battery,QC ,2,Full,CampsitePermit,Single Tent,
Rissers Beach,NS ,4,Full,CampsitePermit,Less than 20ft,
Porters Lake,NS ,2,Full,CampsitePermit,Single Tent,
Five Islands,AB ,4,Full,CampsitePermit,Tents,
Mira River,NS ,5,Full,CampsitePermit,Single Tent,
Blomidon,NS ,4,Full,CampsitePermit,Less than 30ft,
Rissers Beach,NS ,4,Full,CampsitePermit,Single Tent,
Graves Island,NS ,1,Full,CampsitePermit,Single Tent,
Five Islands,NS ,6,Full,CampsitePermit,Single Tent,
Cape Chignecto,NS ,1,Full,BackcountryPermit,Single Tent,
Graves Island,NS ,1,Full,CampsitePermit,Single Tent,
Boylston,QC ,2,Full,CampsitePermit,Single Tent,
Dollar Lake,NS ,2,Full,CampsitePermit,Single Tent,
Blomidon,NS ,4,Full,CampsitePermit,Tents,
Dollar Lake,NS ,2,Senior,CampsitePermit,Less than 20ft,
Rissers Beach,QC ,1,Full,CampsitePermit,Single Tent,
Valleyview,ON ,2,Senior,CampsitePermit,Less than 20ft,
Graves Island,ON ,3,Senior,CampsitePermit,Less than 30ft,
Graves Island,NS ,1,Full,CampsitePermit,Less than 30ft,
Mira River,AB ,8,Full,CampsitePermit,Single Tent,
Rissers Beach,NS ,4,Full,CampsitePermit,Single Tent,
Boylston,NS ,1,Full,CampsitePermit,Single Tent,
Dollar Lake,NS ,3,Full,CampsitePermit,Less than 20ft,
Rissers Beach,NS ,3,Full,CampsitePermit,Single Tent,
Smileys,NS ,3,Full,CampsitePermit,Less than 30ft,
Blomidon,ON ,2,Full,CampsitePermit,Tents,
Thomas Raddall,NS ,2,Full,CampsitePermit,Single Tent,
Cape Chignecto,NS ,6,Full,BackcountryPermit,Single Tent,
Mira River,NS ,5,Full,CampsitePermit,Single Tent,
Mira River,NS ,4,Full,CampsitePermit,Less than 30ft,
Thomas Raddall,NS ,2,Full,CampsitePermit,Less than 20ft,
Porters Lake,QC ,3,Full,CampsitePermit,Less than 30ft,
Blomidon,NS ,2,Full,CampsitePermit,Less than 20ft,
Rissers Beach,NS ,4,Full,CampsitePermit,Less than 30ft,
Blomidon,NS ,3,Full,CampsitePermit,Tents,
Caribou Munroes,QC ,2,Full,CampsitePermit,Single Tent,
Laurie,QC ,4,Full,CampsitePermit,Less than 20ft,
Mira River,NS ,2,Full,CampsitePermit,Less than 30ft,
Caribou Munroes,ON ,2,Full,CampsitePermit,Single Tent,
Laurie,NS ,2,Full,CampsitePermit,Less than 20ft,
Rissers Beach,NS ,4,Full,CampsitePermit,Less than 30ft,
Valleyview,NS ,2,Full,CampsitePermit,Single Tent,
Thomas Raddall,NS ,2,Full,CampsitePermit,Single Tent,
Caribou Munroes,NS ,2,Full,CampsitePermit,Single Tent,
The Islands,NS ,6,Full,CampsitePermit,Tents,
Mira River,AB ,2,Full,CampsitePermit,Less than 30ft,
Porters Lake,NS ,6,Full,CampsitePermit,Tents,
Laurie,MB ,2,Full,CampsitePermit,Single Tent,
Thomas Raddall,NS ,3,Full,CampsitePermit,Single Tent,
Blomidon,NS ,2,Full,CampsitePermit,Single Tent,
Laurie,NS ,3,Full,CampsitePermit,Single Tent,
Caribou Munroes,NS ,2,Full,CampsitePermit,Less than 30ft,
The Islands,NS ,1,Full,CampsitePermit,Single Tent,
Thomas Raddall,NS ,2,Full,CampsitePermit,Single Tent,
Mira River,QC ,3,Full,CampsitePermit,Less than 40ft,
Graves Island,NS ,2,Full,CampsitePermit,Greater than 40ft,
Porters Lake,NS ,3,Full,CampsitePermit,Single Tent,
Porters Lake,NS ,2,Full,CampsitePermit,Less than 20ft,
Mira River,ON ,2,Full,CampsitePermit,Single Tent,
Porters Lake,QC ,2,Full,CampsitePermit,Tents,
Graves Island,NS ,1,Full,CampsitePermit,Single Tent,
Rissers Beach,NS ,3,Full,CampsitePermit,Less than 40ft,
Caribou Munroes,NS ,3,Veteran,CampsitePermit,Single Tent,
Rissers Beach,NS ,2,Senior,CampsitePermit,Less than 30ft,
The Islands,NS ,2,Full,CampsitePermit,Single Tent,
Mira River,NS ,3,Full,CampsitePermit,Less than 20ft,
Dollar Lake,NS ,6,Full,CampsitePermit,Less than 30ft,
Five Islands,BC ,2,Full,CampsitePermit,Less than 30ft,
Graves Island,NS ,2,Full,CampsitePermit,Less than 30ft,
Graves Island,NS ,4,Full,CampsitePermit,Tents,
Cape Chignecto,NB ,2,Full,BackcountryPermit,Single Tent,
Caribou Munroes,NS ,6,Full,CampsitePermit,Single Tent,
Whycocomagh,QC ,2,Full,CampsitePermit,Single Tent,
Blomidon,NB ,2,Full,CampsitePermit,Single Tent,
Five Islands,QC ,2,Full,CampsitePermit,Single Tent,
Caribou Munroes,NS ,2,Senior,CampsitePermit,Less than 20ft,
Dollar Lake,NS ,3,Full,CampsitePermit,Single Tent,
Mira River,NS ,2,Full,CampsitePermit,Single Tent,
Dollar Lake,NS ,4,Full,CampsitePermit,Single Tent,
Graves Island,NS ,2,Full,CampsitePermit,Less than 30ft,
Rissers Beach,NS ,2,Full,CampsitePermit,Single Tent,
Thomas Raddall,NS ,4,Full,CampsitePermit,Less than 20ft,
Dollar Lake,NS ,2,Full,CampsitePermit,Single Tent,
Dollar Lake,NS ,4,Full,CampsitePermit,Single Tent,
Boylston,ON ,2,Full,CampsitePermit,Single Tent,
Porters Lake,NS ,6,Veteran,CampsitePermit,Tents,
Boylston,NS ,2,Full,CampsitePermit,Single Tent,
Laurie,NS ,5,Full,CampsitePermit,Less than 20ft,
Smileys,NS ,3,Full,CampsitePermit,Tents,
Dollar Lake,NS ,2,Full,CampsitePermit,Single Tent,
Porters Lake,BC ,2,Senior,CampsitePermit,Less than 30ft,
Dollar Lake,NS ,3,Full,CampsitePermit,Less than 30ft,
Blomidon,NS ,4,Full,CampsitePermit,Single Tent,
The Islands,NS ,1,Full,CampsitePermit,Single Tent,
Ellenwood Lake,NS ,3,Full,CampsitePermit,Less than 30ft,
The Islands,QC ,1,Full,CampsitePermit,Single Tent,
Rissers Beach,NS ,2,Full,CampsitePermit,Less than 20ft,
Porters Lake,QC ,3,Full,CampsitePermit,Tents,
Porters Lake,QC ,1,Full,CampsitePermit,Single Tent,
Battery,NS ,2,Full,CampsitePermit,Single Tent,
Graves Island,QC ,2,Full,CampsitePermit,Single Tent,
Laurie,NS ,2,Full,CampsitePermit,Single Tent,
Rissers Beach,NS ,4,Full,CampsitePermit,Less than 20ft,
Thomas Raddall,NS ,2,Full,CampsitePermit,Less than 30ft,
Thomas Raddall,NS ,4,Full,CampsitePermit,Less than 30ft,
Five Islands,NS ,2,Senior,CampsitePermit,Less than 20ft,
Rissers Beach,NS ,3,Full,CampsitePermit,Less than 20ft,
Porters Lake,NS ,2,Full,CampsitePermit,Single Tent,
Five Islands,NS ,2,Full,CampsitePermit,Less than 30ft,
Caribou Munroes,QC ,2,Full,CampsitePermit,Less than 30ft,
Ellenwood Lake,NS ,5,Full,CampsitePermit,Single Tent,
Battery,NS ,4,Full,CampsitePermit,Single Tent,
Valleyview,NS ,2,Senior,CampsitePermit,Less than 20ft,
Graves Island,NS ,2,Full,CampsitePermit,Less than 40ft,
Caribou Munroes,QC ,3,Full,CampsitePermit,Tents,
Blomidon,NS ,3,Full,CampsitePermit,Single Tent,
Graves Island,NS ,2,Full,CampsitePermit,Less than 30ft,
Mira River,NS ,6,Full,CampsitePermit,Less than 40ft,
Laurie,NS ,2,Full,CampsitePermit,Less than 30ft,
Rissers Beach,NS ,4,Full,CampsitePermit,Single Tent,
The Islands,QC ,4,Full,CampsitePermit,Less than 20ft,
Graves Island,NS ,2,Senior,CampsitePermit,Less than 30ft,
Dollar Lake,NS ,2,Full,CampsitePermit,Less than 20ft,
Dollar Lake,NS ,3,Full,CampsitePermit,Single Tent,
Battery,NS ,4,Full,CampsitePermit,Greater than 40ft,
Mira River,NB ,2,Full,CampsitePermit,Less than 20ft,
Battery,QC ,2,Full,CampsitePermit,Single Tent,
Whycocomagh,ON ,2,Full,CampsitePermit,Less than 30ft,
Porters Lake,NS ,6,Full,CampsitePermit,Tents,
Mira River,QC ,2,Full,CampsitePermit,Single Tent,
Blomidon,NS ,5,Full,CampsitePermit,Tents,
Mira River,NS ,6,Full,CampsitePermit,Less than 20ft,
Porters Lake,NS ,4,Full,CampsitePermit,Single Tent,
Amherst Shore,NS ,4,Full,CampsitePermit,Single Tent,
Dollar Lake,NS ,3,Full,CampsitePermit,Single Tent,
Rissers Beach,NS ,5,Full,CampsitePermit,Less than 30ft,
Graves Island,NS ,4,Full,CampsitePermit,Less than 20ft,
Five Islands,QC ,2,Senior,CampsitePermit,Less than 20ft,
Mira River,NS ,2,Full,CampsitePermit,Single Tent,
Dollar Lake,NS ,6,Full,CampsitePermit,Single Tent,
Salsman,NS ,4,Full,CampsitePermit,Single Tent,
Laurie,NS ,2,Full,CampsitePermit,Less than 30ft,
Caribou Munroes,QC ,4,Full,CampsitePermit,Single Tent,
Caribou Munroes,NS ,2,Senior,CampsitePermit,Less than 20ft,
Salsman,NS ,2,Senior,CampsitePermit,Single Tent,
Five Islands,QC ,2,Senior,CampsitePermit,Single Tent,
Ellenwood Lake,ON ,2,Full,CampsitePermit,Less than 20ft,
Caribou Munroes,NS ,5,Full,CampsitePermit,Less than 30ft,
Dollar Lake,NS ,4,Full,CampsitePermit,Single Tent,
Whycocomagh,ON ,2,Full,CampsitePermit,Single Tent,
Smileys,NS ,2,Full,CampsitePermit,Less than 20ft,
Graves Island,NS ,2,Senior,CampsitePermit,Less than 30ft,
Salsman,NS ,4,Full,CampsitePermit,Single Tent,
Whycocomagh,ON ,2,Full,CampsitePermit,Less than 30ft,
Mira River,NS ,5,Full,CampsitePermit,Greater than 40ft,
Mira River,NS ,4,Full,CampsitePermit,Less than 30ft,
Graves Island,NS ,2,Full,CampsitePermit,Less than 30ft,
Porters Lake,NS ,2,Full,CampsitePermit,Less than 30ft,
Rissers Beach,NS ,4,Full,CampsitePermit,Less than 30ft,
Amherst Shore,NB ,2,Senior,CampsitePermit,Less than 30ft,
Rissers Beach,NS ,4,Full,CampsitePermit,Less than 40ft,
Rissers Beach,NS ,5,Full,CampsitePermit,Less than 30ft,
Cape Chignecto,NS ,2,Full,BackcountryPermit,Single Tent,
Rissers Beach,NS ,4,Full,CampsitePermit,Single Tent,
Rissers Beach,NS ,2,Full,CampsitePermit,Less than 30ft,
Dollar Lake,NS ,5,Full,CampsitePermit,Tents,
Whycocomagh,NS ,2,Full,CampsitePermit,Single Tent,
Thomas Raddall,ON ,2,Full,CampsitePermit,Single Tent,
Mira River,NS ,3,Full,CampsitePermit,Less than 20ft,
Rissers Beach,NS ,4,Full,CampsitePermit,Single Tent,
Battery,NB ,5,Full,CampsitePermit,Less than 30ft,
Battery,ON ,2,Senior,CampsitePermit,Single Tent,
Caribou Munroes,NS ,2,Senior,CampsitePermit,Less than 30ft,
Blomidon,NS ,2,Full,CampsitePermit,Single Tent,
Mira River,NS ,2,Senior,CampsitePermit,Less than 20ft,
Graves Island,AB ,2,Full,CampsitePermit,Single Tent,
Graves Island,NS ,1,Full,CampsitePermit,Single Tent,
Caribou Munroes,NS ,2,Senior,CampsitePermit,Less than 20ft,
Laurie,NS ,4,Full,CampsitePermit,Single Tent,
Rissers Beach,NS ,2,Full,CampsitePermit,Less than 40ft,
Amherst Shore,NS ,1,Full,CampsitePermit,Single Tent,
Rissers Beach,NS ,2,Full,CampsitePermit,Less than 30ft,
Five Islands,NS ,6,Full,CampsitePermit,Tents,
Laurie,NS ,2,Full,CampsitePermit,Single Tent,
Dollar Lake,NB ,3,Full,CampsitePermit,Single Tent,
Rissers Beach,NS ,4,Full,CampsitePermit,Single Tent,
Laurie,NS ,6,Full,CampsitePermit,Tents,
Porters Lake,QC ,2,Full,CampsitePermit,Less than 20ft,
Graves Island,PE ,2,Full,CampsitePermit,Less than 20ft,
Graves Island,NS ,2,Full,CampsitePermit,Single Tent,
Graves Island,NS ,3,Full,CampsitePermit,Less than 30ft,
Smileys,NS ,3,Full,CampsitePermit,Single Tent,
Dollar Lake,NS ,2,Full,CampsitePermit,Less than 20ft,
Mira River,NS ,4,Full,CampsitePermit,Single Tent,
Ellenwood Lake,NS ,4,Full,CampsitePermit,Tents,
Smileys,NS ,2,Full,CampsitePermit,Less than 20ft,
Rissers Beach,NS ,2,Senior,CampsitePermit,Less than 30ft,
Boylston,NS ,2,Full,CampsitePermit,Single Tent,
Mira River,NS ,2,Full,CampsitePermit,Single Tent,
Mira River,QC ,2,Full,CampsitePermit,Less than 20ft,
Battery,NS ,2,Full,CampsitePermit,Single Tent,
Thomas Raddall,NS ,2,Full,CampsitePermit,Single Tent,
Graves Island,NS ,2,Senior,CampsitePermit,Less than 40ft,
Rissers Beach,NS ,3,Full,CampsitePermit,Less than 30ft,
Caribou Munroes,NS ,4,Full,CampsitePermit,Less than 30ft,
Blomidon,NS ,1,Senior,CampsitePermit,Single Tent,
Thomas Raddall,NS ,1,Full,CampsitePermit,Single Tent,
Porters Lake,NS ,2,Full,CampsitePermit,Single Tent,
Ellenwood Lake,NS ,5,Full,CampsitePermit,Less than 30ft,
Rissers Beach,NS ,2,Full,CampsitePermit,Less than 20ft,
Graves Island,NS ,3,Full,CampsitePermit,Less than 20ft,
Whycocomagh,QC ,2,Full,CampsitePermit,Less than 30ft,
Rissers Beach,NS ,4,Full,CampsitePermit,Less than 30ft,
Rissers Beach,NS ,2,Full,CampsitePermit,Less than 30ft,
Battery,NS ,1,Full,CampsitePermit,Single Tent,
Smileys,NS ,3,Full,CampsitePermit,Less than 20ft,
Amherst Shore,NS ,3,Full,CampsitePermit,Single Tent,
Thomas Raddall,NS ,4,Full,CampsitePermit,Less than 30ft,
Blomidon,NS ,2,Full,CampsitePermit,Single Tent,
Rissers Beach,NS ,5,Full,CampsitePermit,Single Tent,
Blomidon,BC ,1,Full,CampsitePermit,Single Tent,
Five Islands,NS ,2,Full,CampsitePermit,Single Tent,
Graves Island,NS ,2,Full,CampsitePermit,Less than 30ft,
Rissers Beach,NS ,4,Full,CampsitePermit,Single Tent,
Battery,NS ,2,Veteran,CampsitePermit,Less than 20ft,
Rissers Beach,BC ,1,Full,CampsitePermit,Single Tent,
Amherst Shore,NS ,1,Full,CampsitePermit,Less than 30ft,
Boylston,ON ,3,Full,CampsitePermit,Single Tent,
Mira River,QC ,2,Full,CampsitePermit,Less than 20ft,
Laurie,NS ,2,Full,CampsitePermit,Single Tent,
Dollar Lake,NS ,2,Full,CampsitePermit,Single Tent,
The Islands,NS ,1,Full,CampsitePermit,Single Tent,
Five Islands,QC ,3,Full,CampsitePermit,Less than 20ft,
Graves Island,NS ,2,Full,CampsitePermit,Less than 30ft,
Rissers Beach,NS ,3,Full,CampsitePermit,Less than 30ft,
Porters Lake,BC ,2,Senior,CampsitePermit,Single Tent,
Porters Lake,NS ,3,Full,CampsitePermit,Single Tent,
Caribou Munroes,ON ,5,Full,CampsitePermit,Single Tent,
Porters Lake,ON ,2,Full,CampsitePermit,Single Tent,
Five Islands,ON ,2,Full,CampsitePermit,Less than 20ft,
Blomidon,NS ,2,Senior,CampsitePermit,Less than 20ft,
Laurie,ON ,2,Full,CampsitePermit,Less than 20ft,
Amherst Shore,ON ,1,Senior,CampsitePermit,Less than 20ft,
Valleyview,NS ,2,Host,CampsitePermit,Less than 40ft,
Thomas Raddall,NS ,4,Full,CampsitePermit,Less than 30ft,
Rissers Beach,NS ,6,Full,CampsitePermit,Tents,
Porters Lake,NS ,5,Full,CampsitePermit,Single Tent,
Thomas Raddall,ON ,2,Full,CampsitePermit,Single Tent,
Dollar Lake,NS ,3,Full,CampsitePermit,Less than 20ft,
Mira River,ON ,2,Full,CampsitePermit,Single Tent,
Salsman,NS ,4,Full,CampsitePermit,Single Tent,
Five Islands,ON ,2,Full,CampsitePermit,Single Tent,
Dollar Lake,NS ,4,Full,CampsitePermit,Less than 20ft,
Porters Lake,NS ,2,Full,CampsitePermit,Less than 20ft,
Caribou Munroes,NS ,2,Full,CampsitePermit,Less than 20ft,
Dollar Lake,NS ,4,Full,CampsitePermit,Single Tent,
Mira River,NS ,6,Full,CampsitePermit,Single Tent,
Caribou Munroes,NS ,2,Full,CampsitePermit,Less than 20ft,
Caribou Munroes,QC ,1,Senior,CampsitePermit,Less than 20ft,
Mira River,NS ,5,Full,CampsitePermit,Less than 30ft,
Rissers Beach,NS ,2,Full,CampsitePermit,Less than 30ft,
Caribou Munroes,NS ,3,Senior,CampsitePermit,Less than 20ft,
Ellenwood Lake,NS ,5,Full,CampsitePermit,Single Tent,
Dollar Lake,NS ,2,Full,CampsitePermit,Single Tent,
Caribou Munroes,NS ,2,Full,CampsitePermit,Single Tent,
Boylston,NL ,2,Full,CampsitePermit,Less than 30ft,
Porters Lake,NS ,6,Full,CampsitePermit,Less than 20ft,
Graves Island,NL ,3,Full,CampsitePermit,Less than 30ft,
Battery,NS ,1,Senior,CampsitePermit,Single Tent,
Five Islands,NS ,2,Full,CampsitePermit,Single Tent,
Ellenwood Lake,BC ,1,Full,CampsitePermit,Less than 20ft,
Thomas Raddall,NS ,1,Full,CampsitePermit,Single Tent,
Rissers Beach,NS ,6,Full,CampsitePermit,Single Tent,
Mira River,NS ,5,Full,CampsitePermit,Less than 30ft,
Caribou Munroes,NS ,2,Full,CampsitePermit,Single Tent,
Five Islands,NS ,1,Full,CampsitePermit,Single Tent,
Dollar Lake,NS ,2,Full,CampsitePermit,Single Tent,
Rissers Beach,NS ,5,Full,CampsitePermit,Less than 20ft,
Salsman,NS ,4,Full,CampsitePermit,Less than 40ft,
Smileys,NS ,6,Full,CampsitePermit,Tents,
Mira River,NS ,5,Full,CampsitePermit,Single Tent,
Porters Lake,NS ,5,Full,CampsitePermit,Less than 20ft,
Mira River,NS ,3,Full,CampsitePermit,Less than 20ft,
Ellenwood Lake,NS ,5,Full,CampsitePermit,Less than 30ft,
Mira River,NS ,4,Full,CampsitePermit,Less than 40ft,
Porters Lake,NS ,3,Full,CampsitePermit,Single Tent,
Five Islands,NS ,2,Full,CampsitePermit,Single Tent,
Salsman,NS ,1,Full,CampsitePermit,Single Tent,
Blomidon,QC ,2,Full,CampsitePermit,Less than 20ft,
Thomas Raddall,NS ,2,Full,CampsitePermit,Less than 20ft,
Rissers Beach,NS ,4,Full,CampsitePermit,Less than 20ft,
Laurie,NS ,2,Full,CampsitePermit,Single Tent,
Rissers Beach,NS ,5,Full,CampsitePermit,Less than 30ft,
Five Islands,NS ,2,Senior,CampsitePermit,Less than 40ft,
Caribou Munroes,NB ,1,Full,CampsitePermit,Single Tent,
Dollar Lake,NS ,3,Full,CampsitePermit,Single Tent,
Mira River,ON ,4,Full,CampsitePermit,Less than 30ft,
Ellenwood Lake,NB ,2,Full,CampsitePermit,Single Tent,
Blomidon,NS ,2,Full,CampsitePermit,Single Tent,
Amherst Shore,NS ,1,Senior,CampsitePermit,Less than 20ft,
Caribou Munroes,NS ,3,Full,CampsitePermit,Less than 20ft,
Blomidon,ON ,2,Full,CampsitePermit,Single Tent,
Graves Island,NS ,2,Full,CampsitePermit,Single Tent,
Mira River,NS ,2,Full,CampsitePermit,Single Tent,
Valleyview,NS ,5,Senior,CampsitePermit,Tents,
Amherst Shore,AB ,2,Full,CampsitePermit,Single Tent,
Caribou Munroes,MB ,2,Senior,CampsitePermit,Less than 30ft,
Blomidon,NS ,2,Full,CampsitePermit,Less than 20ft,
Dollar Lake,NS ,4,Senior,CampsitePermit,Less than 20ft,
Blomidon,NS ,4,Full,CampsitePermit,Tents,
Graves Island,NS ,2,Full,CampsitePermit,Less than 30ft,
Ellenwood Lake,NS ,2,Full,CampsitePermit,Less than 20ft,
Boylston,NS ,3,Full,CampsitePermit,Less than 20ft,
Thomas Raddall,NS ,2,Full,CampsitePermit,Single Tent,
Battery,NS ,2,Veteran,CampsitePermit,Less than 20ft,
Ellenwood Lake,NS ,2,Full,CampsitePermit,Single Tent,
Whycocomagh,NS ,5,Full,YurtPermit,Tents,
Laurie,NS ,4,Full,CampsitePermit,Single Tent,
Porters Lake,NS ,2,Full,CampsitePermit,Single Tent,
Thomas Raddall,NS ,4,Full,CampsitePermit,Single Tent,
Whycocomagh,ON ,2,Full,CampsitePermit,Less than 20ft,
Amherst Shore,QC ,2,Full,CampsitePermit,Single Tent,
Ellenwood Lake,NS ,2,Full,CampsitePermit,Single Tent,
Blomidon,NS ,4,Full,CampsitePermit,Single Tent,
Mira River,NS ,2,Full,CampsitePermit,Less than 20ft,
Thomas Raddall,NS ,2,Senior,CampsitePermit,Less than 40ft,
Mira River,QC ,2,Full,CampsitePermit,Less than 20ft,
Whycocomagh,NS ,5,Full,YurtPermit,Tents,
Graves Island,NS ,4,Full,CampsitePermit,Single Tent,
Dollar Lake,NS ,2,Full,CampsitePermit,Single Tent,
Valleyview,NS ,2,Senior,CampsitePermit,Single Tent,
Caribou Munroes,NS ,2,Full,CampsitePermit,Less than 30ft,
Amherst Shore,ON ,2,Full,CampsitePermit,Single Tent,
Five Islands,NS ,2,Senior,CampsitePermit,Less than 20ft,
Porters Lake,NS ,2,Full,CampsitePermit,Less than 30ft,
Mira River,NS ,2,Veteran,CampsitePermit,Less than 30ft,
Rissers Beach,ON ,2,Senior,CampsitePermit,Less than 20ft,
Graves Island,SK ,4,Full,CampsitePermit,Less than 30ft,
Caribou Munroes,NS ,2,Full,CampsitePermit,Less than 20ft,
Smileys,NS ,4,Full,CampsitePermit,Tents,
Blomidon,NS ,3,Senior,CampsitePermit,Less than 30ft,
Graves Island,NS ,2,Full,CampsitePermit,Single Tent,
Rissers Beach,NS ,3,Full,CampsitePermit,Less than 40ft,
Dollar Lake,NS ,2,Full,CampsitePermit,Single Tent,
Mira River,NS ,2,Full,CampsitePermit,Less than 40ft,
Dollar Lake,NS ,2,Full,CampsitePermit,Single Tent,
Graves Island,NS ,1,Full,CampsitePermit,Single Tent,
Graves Island,NS ,5,Full,CampsitePermit,Single Tent,
Mira River,NS ,2,Full,CampsitePermit,Single Tent,
Graves Island,NS ,2,Senior,CampsitePermit,Less than 30ft,
Dollar Lake,NS ,4,Full,CampsitePermit,Less than 30ft,
Valleyview,NS ,3,Full,CampsitePermit,Single Tent,
Rissers Beach,NS ,4,Full,CampsitePermit,Less than 30ft,
Graves Island,NS ,2,Senior,CampsitePermit,Less than 20ft,
Porters Lake,NS ,1,Full,CampsitePermit,Single Tent,
Caribou Munroes,AB ,2,Full,CampsitePermit,Single Tent,
Caribou Munroes,QC ,2,Full,CampsitePermit,Single Tent,
Blomidon,ON ,2,Full,CampsitePermit,Single Tent,
Caribou Munroes,NS ,1,Senior,CampsitePermit,Single Tent,
Laurie,NS ,2,Senior,CampsitePermit,Less than 20ft,
Caribou Munroes,NS ,4,Full,CampsitePermit,Less than 30ft,
Blomidon,NS ,1,Full,CampsitePermit,Single Tent,
Porters Lake,NS ,6,Full,CampsitePermit,Tents,
Mira River,BC ,2,Full,CampsitePermit,Single Tent,
Five Islands,PE ,2,Full,CampsitePermit,Single Tent,
Dollar Lake,NS ,3,Full,CampsitePermit,Less than 30ft,
Five Islands,AB ,1,Full,CampsitePermit,Single Tent,
Blomidon,NS ,2,Full,CampsitePermit,Single Tent,
Caribou Munroes,NB ,2,Full,CampsitePermit,Single Tent,
Valleyview,NS ,2,Senior,CampsitePermit,Single Tent,
Amherst Shore,BC ,2,Full,CampsitePermit,Less than 20ft,
Dollar Lake,NS ,2,Full,CampsitePermit,Single Tent,
Blomidon,NS ,4,Full,CampsitePermit,Tents,
Graves Island,NS ,2,Full,CampsitePermit,Less than 20ft,
Graves Island,NS ,6,Full,CampsitePermit,Tents,
Caribou Munroes,NS ,4,Full,CampsitePermit,Less than 30ft,
Mira River,ON ,2,Senior,CampsitePermit,Less than 30ft,
Mira River,NS ,5,Full,CampsitePermit,Less than 20ft,
Rissers Beach,NS ,5,Full,CampsitePermit,Single Tent,
Dollar Lake,NS ,2,Full,CampsitePermit,Single Tent,
Porters Lake,NS ,5,Full,CampsitePermit,Single Tent,
Blomidon,NS ,1,Full,CampsitePermit,Single Tent,
The Islands,NS ,2,Full,CampsitePermit,Less than 20ft,
Porters Lake,ON ,6,Full,CampsitePermit,Less than 40ft,
Mira River,NB ,3,Full,CampsitePermit,Single Tent,
Salsman,NS ,2,Full,CampsitePermit,Less than 30ft,
Caribou Munroes,ON ,2,Full,CampsitePermit,Single Tent,
Five Islands,ON ,2,Full,CampsitePermit,Single Tent,
Smileys,NS ,4,Full,CampsitePermit,Tents,
Amherst Shore,QC ,2,Full,CampsitePermit,Single Tent,
Graves Island,NS ,4,Full,CampsitePermit,Less than 40ft,
Blomidon,NS ,1,Full,CampsitePermit,Single Tent,
The Islands,NS ,1,Full,CampsitePermit,Single Tent,
Thomas Raddall,NS ,4,Full,CampsitePermit,Less than 20ft,
Boylston,ON ,2,Full,CampsitePermit,Less than 20ft,
Whycocomagh,NB ,1,Full,CampsitePermit,Single Tent,
Dollar Lake,NS ,4,Full,CampsitePermit,Single Tent,
Caribou Munroes,ON ,2,Full,CampsitePermit,Single Tent,
Whycocomagh,ON ,2,Full,CampsitePermit,Single Tent,
Thomas Raddall,NS ,3,Full,CampsitePermit,Single Tent,
Ellenwood Lake,NS ,5,Full,CampsitePermit,Tents,
Blomidon,PE ,2,Full,CampsitePermit,Single Tent,
Five Islands,NS ,2,Full,CampsitePermit,Less than 40ft,
Valleyview,NS ,2,Full,CampsitePermit,Single Tent,
Ellenwood Lake,NS ,2,Senior,CampsitePermit,Less than 30ft,
Mira River,NB ,2,Full,CampsitePermit,Single Tent,
Porters Lake,NS ,2,Full,CampsitePermit,Single Tent,
Rissers Beach,NS ,1,Full,CampsitePermit,Single Tent,
Porters Lake,ON ,5,Senior,CampsitePermit,Less than 40ft,
Five Islands,NS ,5,Full,CampsitePermit,Less than 20ft,
Rissers Beach,NS ,2,Full,CampsitePermit,Less than 30ft,
Dollar Lake,NS ,3,Full,CampsitePermit,Single Tent,
Five Islands,ON ,2,Senior,CampsitePermit,Less than 20ft,
Dollar Lake,NS ,2,Full,CampsitePermit,Tents,
Mira River,PE ,6,Full,CampsitePermit,Less than 20ft,
The Islands,NS ,4,Full,CampsitePermit,Single Tent,
Porters Lake,NS ,4,Full,CampsitePermit,Tents,
Cape Chignecto,NS ,1,Full,BackcountryPermit,Single Tent,
Smileys,NS ,6,Full,CampsitePermit,Tents,
Amherst Shore,NS ,6,Full,CampsitePermit,Less than 30ft,
Caribou Munroes,QC ,2,Full,CampsitePermit,Single Tent,
Mira River,NS ,3,Full,CampsitePermit,Less than 30ft,
Porters Lake,NS ,2,Full,CampsitePermit,Single Tent,
Rissers Beach,NS ,4,Full,CampsitePermit,Less than 30ft,
Mira River,ON ,6,Full,CampsitePermit,Single Tent,
Five Islands,NS ,2,Senior,CampsitePermit,Less than 20ft,
Graves Island,ON ,4,Full,CampsitePermit,Single Tent,
Rissers Beach,NS ,4,Full,CampsitePermit,Single Tent,
Battery,SK ,2,Full,CampsitePermit,Single Tent,
Caribou Munroes,NS ,2,Full,CampsitePermit,Single Tent,
Amherst Shore,ON ,2,Senior,CampsitePermit,Less than 30ft,
Blomidon,NS ,2,Senior,CampsitePermit,Tents,
Blomidon,NB ,2,Senior,CampsitePermit,Single Tent,
Battery,ON ,2,Full,CampsitePermit,Single Tent,
Thomas Raddall,ON ,1,Full,CampsitePermit,Single Tent,
Valleyview,NS ,4,Full,CampsitePermit,Tents,
Graves Island,NS ,1,Full,CampsitePermit,Single Tent,
Ellenwood Lake,NS ,2,Full,CampsitePermit,Single Tent,
Thomas Raddall,NS ,2,Full,CampsitePermit,Single Tent,
Ellenwood Lake,NS ,2,Senior,CampsitePermit,Less than 20ft,
Caribou Munroes,NS ,4,Full,CampsitePermit,Less than 30ft,
Ellenwood Lake,NS ,2,Veteran,CampsitePermit,Tents,
Rissers Beach,NS ,3,Full,CampsitePermit,Single Tent,
Graves Island,NS ,2,Full,CampsitePermit,Less than 30ft,
Caribou Munroes,NS ,2,Full,CampsitePermit,Less than 30ft,
Battery,NS ,4,Senior,CampsitePermit,Single Tent,
Graves Island,QC ,1,Full,CampsitePermit,Single Tent,
Blomidon,QC ,3,Full,CampsitePermit,Less than 20ft,
Blomidon,NS ,2,Full,CampsitePermit,Single Tent,
Blomidon,ON ,2,Full,CampsitePermit,Single Tent,
Rissers Beach,NS ,2,Full,CampsitePermit,Single Tent,
Mira River,AB ,6,Full,CampsitePermit,Less than 30ft,
Thomas Raddall,NS ,3,Full,CampsitePermit,Single Tent,
Cape Chignecto,NB ,5,Full,BackcountryPermit,Cabin,
Mira River,NS ,2,Full,CampsitePermit,Less than 30ft,
Smileys,NS ,1,Full,CampsitePermit,Single Tent,
Dollar Lake,NS ,4,Full,CampsitePermit,Tents,
Five Islands,NS ,6,Full,CampsitePermit,Tents,
Smileys,NS ,3,Full,CampsitePermit,Less than 30ft,
Graves Island,BC ,2,Full,CampsitePermit,Single Tent,
Dollar Lake,NS ,5,Full,CampsitePermit,Single Tent,
Mira River,NS ,5,Full,CampsitePermit,Single Tent,
Five Islands,ON ,2,Senior,CampsitePermit,Less than 20ft,
Rissers Beach,NS ,3,Full,CampsitePermit,Less than 20ft,
Mira River,QC ,2,Full,CampsitePermit,Less than 30ft,
Rissers Beach,NS ,2,Full,CampsitePermit,Less than 30ft,
Graves Island,NS ,2,Senior,CampsitePermit,Less than 40ft,
Dollar Lake,NS ,3,Full,CampsitePermit,Less than 20ft,
Laurie,NS ,2,Full,CampsitePermit,Less than 30ft,
Dollar Lake,NS ,2,Full,CampsitePermit,Single Tent,
Five Islands,ON ,3,Full,CampsitePermit,Single Tent,
Graves Island,NS ,2,Full,CampsitePermit,Tents,
Blomidon,QC ,1,Full,CampsitePermit,Single Tent,
Graves Island,NS ,2,Full,CampsitePermit,Single Tent,
Five Islands,NS ,4,Full,CampsitePermit,Tents,
Five Islands,SK ,2,Full,CampsitePermit,Single Tent,
Blomidon,ON ,2,Full,CampsitePermit,Single Tent,
Blomidon,PE ,2,Full,CampsitePermit,Single Tent,
Graves Island,NS ,2,Full,CampsitePermit,Less than 40ft,
The Islands,NS ,3,Veteran,CampsitePermit,Less than 20ft,
Thomas Raddall,AB ,3,Full,CampsitePermit,Single Tent,
Blomidon,NS ,3,Full,CampsitePermit,Less than 30ft,
Rissers Beach,NS ,4,Full,CampsitePermit,Single Tent,
Valleyview,QC ,2,Full,CampsitePermit,Single Tent,
Mira River,QC ,2,Full,CampsitePermit,Less than 30ft,
Caribou Munroes,NS ,3,Full,CampsitePermit,Less than 30ft,
Caribou Munroes,QC ,4,Full,CampsitePermit,Less than 20ft,
Five Islands,AB ,1,Full,CampsitePermit,Tents,
Amherst Shore,ON ,4,Full,CampsitePermit,Single Tent,
Smileys,NS ,5,Full,CampsitePermit,Single Tent,
Porters Lake,NS ,3,Full,CampsitePermit,Tents,
Rissers Beach,NS ,2,Full,CampsitePermit,Less than 20ft,
Amherst Shore,NS ,2,Senior,CampsitePermit,Less than 30ft,
Rissers Beach,NS ,2,Full,CampsitePermit,Less than 30ft,
Cape Chignecto,NS ,10,Full,BackcountryPermit,Single Tent,
Whycocomagh,NS ,4,Full,YurtPermit,Tents,
Ellenwood Lake,NS ,3,Full,CampsitePermit,Less than 30ft,
Mira River,NS ,2,Full,CampsitePermit,Less than 30ft,
Battery,QC ,2,Full,CampsitePermit,Single Tent,
Battery,BC ,3,Full,CampsitePermit,Less than 30ft,
Whycocomagh,QC ,3,Full,CampsitePermit,Less than 20ft,
Laurie,NS ,4,Full,CampsitePermit,Less than 30ft,
Dollar Lake,NS ,5,Full,CampsitePermit,Single Tent,
Amherst Shore,QC ,3,Full,CampsitePermit,Single Tent,
Caribou Munroes,ON ,2,Full,CampsitePermit,Less than 20ft,
Mira River,NS ,2,Full,CampsitePermit,Single Tent,
Dollar Lake,NS ,2,Full,CampsitePermit,Single Tent,
Mira River,QC ,5,Full,CampsitePermit,Less than 20ft,
Amherst Shore,NS ,1,Full,CampsitePermit,Tents,
Ellenwood Lake,QC ,4,Full,CampsitePermit,Less than 30ft,
The Islands,NS ,4,Full,CampsitePermit,Less than 30ft,
Caribou Munroes,NS ,4,Full,CampsitePermit,Less than 20ft,
Mira River,NS ,2,Full,CampsitePermit,Less than 30ft,
Caribou Munroes,NS ,3,Full,CampsitePermit,Less than 40ft,
Battery,ON ,1,Full,CampsitePermit,Less than 20ft,
Rissers Beach,NS ,4,Full,CampsitePermit,Less than 40ft,
Rissers Beach,NS ,2,Full,CampsitePermit,Less than 30ft,
Five Islands,ON ,2,Full,CampsitePermit,Single Tent,
Rissers Beach,NS ,2,Full,CampsitePermit,Single Tent,
Whycocomagh,NS ,2,Full,CampsitePermit,Single Tent,
Mira River,NS ,2,Full,CampsitePermit,Less than 20ft,
Caribou Munroes,NS ,4,Full,CampsitePermit,Single Tent,
Smileys,NS ,2,Full,CampsitePermit,Less than 30ft,
Rissers Beach,NS ,4,Full,CampsitePermit,Less than 20ft,
Battery,NS ,2,Full,CampsitePermit,Single Tent,
Valleyview,QC ,2,Full,CampsitePermit,Single Tent,
Blomidon,NS ,5,Full,CampsitePermit,Tents,
Smileys,NS ,4,Full,CampsitePermit,Tents,
Thomas Raddall,NS ,2,Full,CampsitePermit,Single Tent,
Whycocomagh,NS ,2,Full,YurtPermit,Tents,
Porters Lake,NS ,6,Full,CampsitePermit,Less than 20ft,
Rissers Beach,NS ,4,Full,CampsitePermit,Less than 30ft,
Ellenwood Lake,NS ,2,Full,CampsitePermit,Less than 30ft,
Caribou Munroes,NS ,2,Senior,CampsitePermit,Less than 20ft,
Mira River,NS ,2,Senior,CampsitePermit,Less than 20ft,
Ellenwood Lake,NS ,5,Full,CampsitePermit,Single Tent,
Whycocomagh,ON ,2,Full,CampsitePermit,Less than 20ft,
Battery,ON ,2,Full,CampsitePermit,Single Tent,
Blomidon,ON ,6,Full,CampsitePermit,Tents,
Thomas Raddall,NS ,2,Full,CampsitePermit,Tents,
Ellenwood Lake,ON ,2,Full,CampsitePermit,Single Tent,
Mira River,NS ,4,Full,CampsitePermit,Less than 20ft,
Battery,BC ,1,Full,CampsitePermit,Single Tent,
Ellenwood Lake,NS ,4,Full,CampsitePermit,Less than 40ft,
Whycocomagh,QC ,2,Full,CampsitePermit,Single Tent,
Laurie,QC ,2,Full,CampsitePermit,Single Tent,
Rissers Beach,NS ,5,Full,CampsitePermit,Single Tent,
Mira River,QC ,4,Full,CampsitePermit,Single Tent,
Graves Island,NS ,2,Full,CampsitePermit,Less than 30ft,
Amherst Shore,QC ,2,Full,CampsitePermit,Single Tent,
Porters Lake,NS ,6,Full,CampsitePermit,Less than 40ft,
Rissers Beach,NS ,2,Full,CampsitePermit,Single Tent,
Laurie,NS ,4,Full,CampsitePermit,Single Tent,
Mira River,NS ,4,Full,CampsitePermit,Less than 30ft,
Five Islands,NS ,6,Full,CampsitePermit,Tents,
Thomas Raddall,NS ,4,Full,CampsitePermit,Tents,
Mira River,NS ,2,Full,CampsitePermit,Less than 30ft,
Dollar Lake,NS ,4,Full,CampsitePermit,Tents,
Mira River,NS ,5,Full,CampsitePermit,Single Tent,
Valleyview,NS ,2,Full,CampsitePermit,Single Tent,
Mira River,NS ,2,Full,CampsitePermit,Single Tent,
Caribou Munroes,QC ,2,Full,CampsitePermit,Less than 20ft,
Thomas Raddall,NS ,2,Full,CampsitePermit,Less than 30ft,
The Islands,ON ,4,Full,CampsitePermit,Single Tent,
Dollar Lake,NS ,2,Full,CampsitePermit,Less than 30ft,
Thomas Raddall,NS ,4,Full,CampsitePermit,Tents,
Graves Island,NS ,1,Senior,CampsitePermit,Single Tent,
Whycocomagh,NS ,4,Full,CampsitePermit,Less than 20ft,
Thomas Raddall,NS ,6,Full,CampsitePermit,Less than 20ft,
Mira River,NS ,2,Senior,CampsitePermit,Less than 30ft,
Graves Island,NS ,2,Full,CampsitePermit,Less than 20ft,
Amherst Shore,ON ,1,Senior,CampsitePermit,Less than 30ft,
Graves Island,NS ,6,Full,CampsitePermit,Tents,
Mira River,NS ,2,Full,CampsitePermit,Single Tent,
Blomidon,NS ,2,Full,CampsitePermit,Single Tent,
Five Islands,NS ,4,Full,CampsitePermit,Single Tent,
Amherst Shore,PE ,2,Full,CampsitePermit,Single Tent,
Rissers Beach,NS ,2,Full,CampsitePermit,Single Tent,
Blomidon,NS ,3,Full,CampsitePermit,Single Tent,
Caribou Munroes,ON ,2,Full,CampsitePermit,Single Tent,
Graves Island,NS ,2,Full,CampsitePermit,Less than 30ft,
Five Islands,NS ,2,Senior,CampsitePermit,Less than 20ft,
Five Islands,NS ,4,Full,CampsitePermit,Less than 20ft,
Rissers Beach,NS ,3,Full,CampsitePermit,Single Tent,
Blomidon,QC ,3,Full,CampsitePermit,Less than 30ft,
Rissers Beach,AB ,3,Full,CampsitePermit,Less than 40ft,
Graves Island,NS ,3,Full,CampsitePermit,Tents,
Rissers Beach,NS ,6,Full,CampsitePermit,Single Tent,
Blomidon,AB ,3,Full,CampsitePermit,Single Tent,
Salsman,NS ,6,Senior,CampsitePermit,Single Tent,
Amherst Shore,NS ,5,Full,CampsitePermit,Less than 40ft,
Blomidon,NS ,5,Full,CampsitePermit,Less than 30ft,
Smileys,NS ,2,Full,CampsitePermit,Tents,
Smileys,NS ,2,Full,CampsitePermit,Less than 30ft,
Cape Chignecto,NB ,2,Full,BackcountryPermit,Single Tent,
Five Islands,ON ,4,Full,CampsitePermit,Single Tent,
Caribou Munroes,NS ,2,Senior,CampsitePermit,Less than 30ft,
Caribou Munroes,NS ,4,Full,CampsitePermit,Single Tent,
Graves Island,NS ,4,Full,CampsitePermit,Less than 30ft,
The Islands,NS ,3,Full,CampsitePermit,Less than 20ft,
Blomidon,NS ,6,Full,CampsitePermit,Single Tent,
Rissers Beach,NS ,2,Full,CampsitePermit,Less than 20ft,
Dollar Lake,NS ,1,Full,CampsitePermit,Single Tent,
Amherst Shore,NS ,3,Full,CampsitePermit,Single Tent,
Porters Lake,NS ,6,Full,CampsitePermit,Tents,
Battery,NS ,2,Full,CampsitePermit,Single Tent,
Graves Island,NS ,2,Full,CampsitePermit,Less than 30ft,
Caribou Munroes,NS ,4,Full,CampsitePermit,Less than 20ft,
Battery,NS ,2,Senior,CampsitePermit,Single Tent,
Ellenwood Lake,NS ,2,Full,CampsitePermit,Less than 30ft,
Graves Island,NS ,3,Full,CampsitePermit,Less than 40ft,
Battery,ON ,2,Full,CampsitePermit,Single Tent,
Porters Lake,NS ,6,Senior,CampsitePermit,Single Tent,
Mira River,NS ,4,Full,CampsitePermit,Less than 30ft,
Laurie,ON ,2,Full,CampsitePermit,Single Tent,
The Islands,NS ,4,Full,CampsitePermit,Tents,
Caribou Munroes,NS ,4,Full,CampsitePermit,Less than 30ft,
Graves Island,NS ,4,Full,CampsitePermit,Less than 30ft,
Graves Island,NS ,4,Full,CampsitePermit,Less than 40ft,
Porters Lake,NS ,4,Full,CampsitePermit,Less than 30ft,
Battery,NS ,5,Full,CampsitePermit,Single Tent,
Blomidon,QC ,2,Full,CampsitePermit,Single Tent,
Mira River,NS ,2,Full,CampsitePermit,Less than 20ft,
Graves Island,NS ,2,Senior,CampsitePermit,Less than 20ft,
The Islands,NS ,2,Senior,CampsitePermit,Less than 30ft,
Amherst Shore,NS ,2,Full,CampsitePermit,Single Tent,
Blomidon,ON ,6,Senior,CampsitePermit,Less than 30ft,
Salsman,NS ,4,Full,CampsitePermit,Less than 20ft,
Rissers Beach,NS ,3,Full,CampsitePermit,Single Tent,
Rissers Beach,NS ,2,Full,CampsitePermit,Less than 30ft,
Dollar Lake,NS ,2,Full,CampsitePermit,Single Tent,
Caribou Munroes,NS ,6,Full,CampsitePermit,Single Tent,
Battery,NS ,2,Full,CampsitePermit,Less than 30ft,
Rissers Beach,NS ,4,Full,CampsitePermit,Single Tent,
Whycocomagh,NB ,5,Full,CampsitePermit,Tents,
Rissers Beach,NS ,3,Full,CampsitePermit,Single Tent,
Amherst Shore,NS ,2,Full,CampsitePermit,Less than 20ft,
Amherst Shore,NS ,2,Full,CampsitePermit,Single Tent,
Smileys,NS ,4,Full,CampsitePermit,Less than 40ft,
Mira River,ON ,4,Full,CampsitePermit,Less than 40ft,
Graves Island,ON ,3,Full,CampsitePermit,Single Tent,
Valleyview,NS ,1,Full,CampsitePermit,Less than 20ft,
Blomidon,NS ,4,Full,CampsitePermit,Single Tent,
Amherst Shore,NS ,4,Full,CampsitePermit,Tents,
Thomas Raddall,NS ,1,Senior,CampsitePermit,Less than 20ft,
Dollar Lake,NS ,2,Full,CampsitePermit,Single Tent,
Rissers Beach,ON ,5,Full,CampsitePermit,Tents,
Mira River,AB ,2,Full,CampsitePermit,Single Tent,
Smileys,NS ,2,Full,CampsitePermit,Less than 20ft,
Thomas Raddall,NS ,4,Full,CampsitePermit,Less than 30ft,
Rissers Beach,NS ,4,Full,CampsitePermit,Single Tent,
Rissers Beach,NS ,6,Full,CampsitePermit,Tents,
Caribou Munroes,NB ,1,Senior,CampsitePermit,Single Tent,
Dollar Lake,NS ,3,Full,CampsitePermit,Less than 30ft,
Laurie,QC ,2,Full,CampsitePermit,Tents,
Battery,BC ,2,Full,CampsitePermit,Single Tent,
Dollar Lake,NS ,3,Veteran,CampsitePermit,Single Tent,
Salsman,NS ,2,Full,CampsitePermit,Less than 30ft,
Graves Island,ON ,1,Full,CampsitePermit,Single Tent,
Dollar Lake,NS ,6,Full,CampsitePermit,Tents,
Battery,ON ,2,Full,CampsitePermit,Single Tent,
Blomidon,NS ,2,Full,CampsitePermit,Single Tent,
Rissers Beach,NS ,6,Full,CampsitePermit,Tents,
Blomidon,NS ,2,Senior,CampsitePermit,Single Tent,
Whycocomagh,AB ,1,Full,CampsitePermit,Less than 30ft,
Blomidon,QC ,4,Full,CampsitePermit,Single Tent,
Thomas Raddall,NS ,2,Full,CampsitePermit,Single Tent,
Mira River,NS ,4,Full,CampsitePermit,Less than 20ft,
Graves Island,ON ,2,Full,CampsitePermit,Single Tent,
Rissers Beach,NS ,2,Full,CampsitePermit,Single Tent,
Thomas Raddall,NS ,6,Full,CampsitePermit,Tents,
Whycocomagh,NS ,3,Full,CampsitePermit,Less than 30ft,
Laurie,NS ,4,Full,CampsitePermit,Single Tent,
Whycocomagh,NL ,2,Senior,CampsitePermit,Less than 30ft,
Laurie,NS ,4,Full,CampsitePermit,Single Tent,
Battery,QC ,2,Full,CampsitePermit,Single Tent,
Dollar Lake,NS ,2,Full,CampsitePermit,Less than 20ft,
Thomas Raddall,NS ,2,Full,CampsitePermit,Less than 30ft,
Dollar Lake,NS ,5,Full,CampsitePermit,Single Tent,
Amherst Shore,NB ,2,Full,CampsitePermit,Less than 20ft,
Thomas Raddall,QC ,2,Full,CampsitePermit,Single Tent,
Battery,QC ,2,Full,CampsitePermit,Single Tent,
Mira River,NS ,4,Full,CampsitePermit,Less than 20ft,
Rissers Beach,QC ,2,Full,CampsitePermit,Less than 20ft,
Blomidon,NS ,2,Full,CampsitePermit,Single Tent,
Dollar Lake,NS ,3,Full,CampsitePermit,Single Tent,
Ellenwood Lake,NS ,5,Full,CampsitePermit,Single Tent,
Caribou Munroes,NS ,4,Full,CampsitePermit,Single Tent,
Amherst Shore,NS ,2,Host,CampsitePermit,Single Tent,
Caribou Munroes,NS ,3,Full,CampsitePermit,Single Tent,
Blomidon,NB ,2,Full,CampsitePermit,Single Tent,
Whycocomagh,ON ,4,Full,CampsitePermit,Tents,
Rissers Beach,NS ,4,Full,CampsitePermit,Less than 30ft,
Mira River,NS ,2,Senior,CampsitePermit,Single Tent,
Graves Island,SK ,2,Full,CampsitePermit,Less than 20ft,
Smileys,NS ,2,Full,CampsitePermit,Single Tent,
Dollar Lake,NS ,5,Full,CampsitePermit,Single Tent,
Caribou Munroes,NS ,3,Full,CampsitePermit,Less than 30ft,
Porters Lake,NS ,2,Full,CampsitePermit,Less than 40ft,
Rissers Beach,NS ,2,Senior,CampsitePermit,Less than 30ft,
Graves Island,PE ,2,Senior,CampsitePermit,Less than 20ft,
Amherst Shore,NB ,2,Full,CampsitePermit,Single Tent,
Porters Lake,NS ,4,Full,CampsitePermit,Single Tent,
Rissers Beach,NS ,3,Full,CampsitePermit,Single Tent,
Porters Lake,QC ,2,Full,CampsitePermit,Single Tent,
Valleyview,NS ,2,Full,CampsitePermit,Single Tent,
Mira River,NS ,4,Full,CampsitePermit,Less than 30ft,
Thomas Raddall,NS ,1,Full,CampsitePermit,Single Tent,
Battery,NS ,2,Full,CampsitePermit,Single Tent,
Amherst Shore,ON ,4,Full,CampsitePermit,Single Tent,
Graves Island,NS ,1,Full,CampsitePermit,Single Tent,
Mira River,NS ,2,Full,CampsitePermit,Tents,
Rissers Beach,NS ,1,Senior,CampsitePermit,Single Tent,
Porters Lake,NS ,2,Full,CampsitePermit,Less than 30ft,
Porters Lake,NS ,1,Full,CampsitePermit,Single Tent,
Mira River,NS ,4,Full,CampsitePermit,Single Tent,
Laurie,NS ,6,Full,CampsitePermit,Less than 30ft,
Blomidon,QC ,1,Full,CampsitePermit,Single Tent,
Thomas Raddall,NS ,4,Full,CampsitePermit,Less than 20ft,
Mira River,ON ,5,Full,CampsitePermit,Less than 40ft,
Five Islands,ON ,2,Full,CampsitePermit,Less than 20ft,
The Islands,NS ,2,Full,CampsitePermit,Less than 30ft,
The Islands,NS ,4,Full,CampsitePermit,Single Tent,
Cape Chignecto,NS ,2,Full,BackcountryPermit,Single Tent,
Rissers Beach,NS ,3,Full,CampsitePermit,Less than 30ft,
Rissers Beach,BC ,2,Full,CampsitePermit,Less than 20ft,
Graves Island,NS ,2,Full,CampsitePermit,Less than 20ft,
Blomidon,NS ,2,Full,CampsitePermit,Single Tent,
Smileys,SK ,3,Full,CampsitePermit,Less than 30ft,
Thomas Raddall,NS ,2,Full,CampsitePermit,Single Tent,
Graves Island,NS ,2,Full,CampsitePermit,Less than 20ft,
Whycocomagh,QC ,2,Full,CampsitePermit,Less than 20ft,
Thomas Raddall,QC ,6,Full,CampsitePermit,Single Tent,
Thomas Raddall,NS ,4,Senior,CampsitePermit,Less than 30ft,
Amherst Shore,ON ,2,Senior,CampsitePermit,Single Tent,
Mira River,NS ,3,Full,CampsitePermit,Less than 20ft,
Graves Island,NS ,4,Full,CampsitePermit,Single Tent,
Five Islands,NS ,5,Full,CampsitePermit,Less than 30ft,
Amherst Shore,ON ,1,Full,CampsitePermit,Single Tent,
Battery,ON ,2,Full,CampsitePermit,Single Tent,
Battery,NS ,2,Senior,CampsitePermit,Less than 30ft,
Amherst Shore,ON ,1,Full,CampsitePermit,Single Tent,
Mira River,NS ,2,Full,CampsitePermit,Less than 30ft,
Ellenwood Lake,NS ,6,Full,CampsitePermit,Tents,
Laurie,ON ,2,Full,CampsitePermit,Single Tent,
Rissers Beach,NS ,2,Senior,CampsitePermit,Less than 30ft,
Whycocomagh,NS ,2,Full,CampsitePermit,Less than 20ft,
Rissers Beach,NS ,2,Full,CampsitePermit,Less than 30ft,
Five Islands,NS ,4,Full,CampsitePermit,Tents,
Mira River,NS ,2,Full,CampsitePermit,Single Tent,
Mira River,NS ,2,Full,CampsitePermit,Single Tent,
Graves Island,NS ,4,Full,CampsitePermit,Tents,
Rissers Beach,ON ,2,Full,CampsitePermit,Single Tent,
Rissers Beach,ON ,3,Full,CampsitePermit,Less than 20ft,
Caribou Munroes,NS ,2,Full,CampsitePermit,Less than 30ft,
Rissers Beach,NS ,2,Full,CampsitePermit,Less than 30ft,
Mira River,NS ,6,Full,CampsitePermit,Single Tent,
Rissers Beach,NS ,2,Full,CampsitePermit,Less than 30ft,
Mira River,NS ,5,Full,CampsitePermit,Less than 40ft,
Whycocomagh,NS ,4,Full,CampsitePermit,Less than 30ft,
Dollar Lake,NS ,2,Full,CampsitePermit,Single Tent,
Smileys,NS ,2,Full,CampsitePermit,Less than 40ft,
Mira River,NS ,2,Full,CampsitePermit,Less than 40ft,
Graves Island,NS ,2,Veteran,CampsitePermit,Less than 30ft,
Blomidon,QC ,1,Full,CampsitePermit,Single Tent,
Mira River,NS ,2,Full,CampsitePermit,Single Tent,
Porters Lake,NS ,2,Full,CampsitePermit,Single Tent,
Caribou Munroes,NS ,4,Full,CampsitePermit,Single Tent,
Amherst Shore,ON ,1,Full,CampsitePermit,Less than 30ft,
Porters Lake,QC ,2,Full,CampsitePermit,Single Tent,
Graves Island,NS ,3,Full,CampsitePermit,Less than 20ft,
Ellenwood Lake,NS ,7,Full,CampsitePermit,Less than 30ft,
Caribou Munroes,NS ,4,Full,CampsitePermit,Less than 30ft,
Thomas Raddall,NS ,4,Full,CampsitePermit,Tents,
Graves Island,NS ,4,Full,CampsitePermit,Less than 30ft,
Caribou Munroes,NS ,4,Full,CampsitePermit,Single Tent,
Battery,ON ,1,Full,CampsitePermit,Single Tent,
Blomidon,NS ,4,Full,CampsitePermit,Tents,
Dollar Lake,NS ,1,Full,CampsitePermit,Single Tent,
Rissers Beach,NS ,2,Full,CampsitePermit,Less than 30ft,
Amherst Shore,NS ,4,Full,CampsitePermit,Single Tent,
Ellenwood Lake,NS ,5,Full,CampsitePermit,Less than 20ft,
Thomas Raddall,NS ,6,Full,CampsitePermit,Tents,
Blomidon,NB ,2,Full,CampsitePermit,Single Tent,
The Islands,ON ,2,Senior,CampsitePermit,Less than 40ft,
The Islands,NS ,2,Full,CampsitePermit,Single Tent,
Mira River,NS ,4,Full,CampsitePermit,Less than 30ft,
Valleyview,NS ,4,Full,CampsitePermit,Less than 30ft,
Caribou Munroes,QC ,4,Full,CampsitePermit,Tents,
Amherst Shore,QC ,2,Full,CampsitePermit,Less than 20ft,
Laurie,NS ,6,Full,CampsitePermit,Tents,
Graves Island,NS ,2,Senior,CampsitePermit,Tents,
Blomidon,QC ,2,Full,CampsitePermit,Single Tent,
Mira River,ON ,2,Senior,CampsitePermit,Less than 40ft,
Dollar Lake,NS ,2,Full,CampsitePermit,Tents,
Rissers Beach,NS ,4,Full,CampsitePermit,Single Tent,
Graves Island,NS ,4,Full,CampsitePermit,Tents,
Dollar Lake,NS ,4,Full,CampsitePermit,Less than 20ft,
Rissers Beach,NS ,3,Full,CampsitePermit,Single Tent,
Blomidon,PE ,5,Full,CampsitePermit,Single Tent,
Mira River,NS ,2,Full,CampsitePermit,Single Tent,
Dollar Lake,NS ,5,Full,CampsitePermit,Single Tent,
Thomas Raddall,NS ,2,Full,CampsitePermit,Single Tent,
Thomas Raddall,NS ,2,Full,CampsitePermit,Single Tent,
Graves Island,QC ,2,Full,CampsitePermit,Less than 20ft,
Ellenwood Lake,NS ,2,Full,CampsitePermit,Single Tent,
Battery,NS ,3,Full,CampsitePermit,Less than 20ft,
Rissers Beach,NS ,4,Full,CampsitePermit,Less than 30ft,
Whycocomagh,NS ,2,Full,CampsitePermit,Less than 20ft,
Rissers Beach,NS ,6,Full,CampsitePermit,Less than 30ft,
Rissers Beach,NS ,3,Full,CampsitePermit,Less than 30ft,
Mira River,NS ,2,Full,CampsitePermit,Less than 30ft,
Porters Lake,NB ,2,Full,CampsitePermit,Single Tent,
Five Islands,QC ,2,Full,CampsitePermit,Less than 20ft,
Dollar Lake,NB ,3,Full,CampsitePermit,Single Tent,
Graves Island,NS ,2,Senior,CampsitePermit,Less than 30ft,
Dollar Lake,NS ,1,Full,CampsitePermit,Single Tent,
Blomidon,NS ,2,Senior,CampsitePermit,Less than 20ft,
Cape Chignecto,ON ,3,Full,BackcountryPermit,Single Tent,
Five Islands,BC ,2,Senior,CampsitePermit,Single Tent,
Porters Lake,QC ,2,Full,CampsitePermit,Single Tent,
Blomidon,NS ,2,Full,CampsitePermit,Single Tent,
Graves Island,QC ,2,Full,CampsitePermit,Less than 20ft,
Ellenwood Lake,NS ,2,Full,CampsitePermit,Single Tent,
Valleyview,NS ,2,Full,CampsitePermit,Single Tent,
Mira River,QC ,2,Full,CampsitePermit,Single Tent,
Blomidon,NS ,5,Full,CampsitePermit,Single Tent,
Dollar Lake,NS ,6,Full,CampsitePermit,Less than 20ft,
Caribou Munroes,PE ,1,Full,CampsitePermit,Single Tent,
Boylston,NB ,4,Full,CampsitePermit,Single Tent,
Whycocomagh,NS ,3,Full,CampsitePermit,Tents,
Amherst Shore,AB ,2,Full,CampsitePermit,Single Tent,
Blomidon,ON ,2,Full,CampsitePermit,Single Tent,
Boylston,ON ,2,Full,CampsitePermit,Less than 20ft,
Graves Island,NS ,4,Full,CampsitePermit,Less than 30ft,
Valleyview,NS ,2,Full,CampsitePermit,Single Tent,
Dollar Lake,NS ,2,Full,CampsitePermit,Single Tent,
Caribou Munroes,NS ,4,Full,CampsitePermit,Less than 30ft,
Amherst Shore,NS ,2,Senior,CampsitePermit,Single Tent,
Ellenwood Lake,NS ,6,Full,CampsitePermit,Tents,
Graves Island,QC ,1,Full,CampsitePermit,Single Tent,
Whycocomagh,NS ,4,Full,CampsitePermit,Single Tent,
Ellenwood Lake,NS ,2,Full,CampsitePermit,Single Tent,
Graves Island,NS ,1,Full,CampsitePermit,Less than 20ft,
Caribou Munroes,QC ,2,Full,CampsitePermit,Single Tent,
Whycocomagh,NS ,5,Full,CampsitePermit,Less than 20ft,
Five Islands,NS ,4,Full,CampsitePermit,Less than 40ft,
Smileys,NS ,2,Full,CampsitePermit,Less than 30ft,
Graves Island,NS ,4,Full,CampsitePermit,Tents,
Graves Island,NS ,1,Full,CampsitePermit,Single Tent,
Porters Lake,NS ,7,Full,CampsitePermit,Single Tent,
Porters Lake,QC ,3,Full,CampsitePermit,Single Tent,
Blomidon,NB ,2,Full,CampsitePermit,Single Tent,
Whycocomagh,ON ,2,Full,CampsitePermit,Less than 30ft,
Caribou Munroes,NS ,2,Full,CampsitePermit,Less than 20ft,
Thomas Raddall,ON ,2,Full,CampsitePermit,Single Tent,
Five Islands,NS ,2,Senior,CampsitePermit,Single Tent,
Ellenwood Lake,NS ,2,Full,CampsitePermit,Single Tent,
Smileys,NS ,4,Full,CampsitePermit,Tents,
Graves Island,ON ,2,Senior,CampsitePermit,Single Tent,
Rissers Beach,NS ,4,Full,CampsitePermit,Less than 20ft,
Blomidon,NB ,6,Full,CampsitePermit,Single Tent,
Dollar Lake,NS ,1,Senior,CampsitePermit,Single Tent,
Caribou Munroes,NS ,4,Full,CampsitePermit,Single Tent,
Ellenwood Lake,NS ,5,Full,CampsitePermit,Single Tent,
Caribou Munroes,ON ,2,Senior,CampsitePermit,Single Tent,
Blomidon,NS ,2,Full,CampsitePermit,Single Tent,
Thomas Raddall,NS ,1,Full,CampsitePermit,Single Tent,
Porters Lake,NS ,3,Full,CampsitePermit,Tents,
Dollar Lake,NS ,3,Full,CampsitePermit,Single Tent,
Five Islands,NS ,4,Full,CampsitePermit,Single Tent,
Caribou Munroes,NS ,1,Full,CampsitePermit,Single Tent,
Mira River,YT ,2,Senior,CampsitePermit,Less than 20ft,
The Islands,NS ,2,Full,CampsitePermit,Single Tent,
Five Islands,ON ,6,Full,CampsitePermit,Less than 20ft,
Smileys,NS ,1,Senior,CampsitePermit,Less than 20ft,
Graves Island,NS ,4,Full,CampsitePermit,Single Tent,
Whycocomagh,NS ,2,Full,YurtPermit,Tents,
Boylston,ON ,2,Full,CampsitePermit,Single Tent,
Mira River,NS ,2,Senior,CampsitePermit,Less than 30ft,
Five Islands,NS ,4,Full,CampsitePermit,Tents,
Graves Island,NS ,5,Full,CampsitePermit,Tents,
Rissers Beach,NS ,3,Full,CampsitePermit,Less than 40ft,
Thomas Raddall,NS ,2,Full,CampsitePermit,Less than 30ft,
Caribou Munroes,ON ,2,Full,CampsitePermit,Single Tent,
Whycocomagh,QC ,1,Full,CampsitePermit,Single Tent,
Porters Lake,NS ,1,Full,CampsitePermit,Single Tent,
Mira River,NS ,1,Full,CampsitePermit,Single Tent,
Ellenwood Lake,NS ,1,Full,CampsitePermit,Single Tent,
Cape Chignecto,NB ,1,Full,BackcountryPermit,Single Tent,
Battery,NS ,2,Full,CampsitePermit,Single Tent,
The Islands,NS ,1,Full,CampsitePermit,Less than 30ft,
Caribou Munroes,NS ,2,Full,CampsitePermit,Single Tent,
Dollar Lake,ON ,4,Full,CampsitePermit,Single Tent,
Caribou Munroes,ON ,1,Senior,CampsitePermit,Single Tent,
Thomas Raddall,NS ,1,Full,CampsitePermit,Single Tent,
Rissers Beach,NS ,4,Full,CampsitePermit,Single Tent,
Graves Island,NS ,4,Full,CampsitePermit,Less than 20ft,
Caribou Munroes,NS ,2,Full,CampsitePermit,Single Tent,
Cape Chignecto,NS ,3,Full,BackcountryPermit,Single Tent,
Caribou Munroes,NS ,6,Full,CampsitePermit,Less than 30ft,
Amherst Shore,BC ,2,Full,CampsitePermit,Greater than 40ft,
Porters Lake,NS ,6,Full,CampsitePermit,Tents,
Smileys,NS ,4,Full,CampsitePermit,Less than 40ft,
Five Islands,NS ,4,Full,CampsitePermit,Tents,
Smileys,NS ,3,Full,CampsitePermit,Less than 20ft,
Dollar Lake,NS ,6,Full,CampsitePermit,Tents,
Rissers Beach,NS ,2,Full,CampsitePermit,Less than 20ft,
Amherst Shore,QC ,2,Full,CampsitePermit,Less than 30ft,
Cape Chignecto,NS ,10,Full,BackcountryPermit,Single Tent,
Boylston,NS ,2,Full,CampsitePermit,Single Tent,
Mira River,QC ,2,Full,CampsitePermit,Less than 40ft,
Smileys,NS ,3,Full,CampsitePermit,Less than 20ft,
Ellenwood Lake,NS ,2,Full,CampsitePermit,Single Tent,
Dollar Lake,NS ,5,Full,CampsitePermit,Single Tent,
Porters Lake,NS ,2,Full,CampsitePermit,Single Tent,
Amherst Shore,QC ,3,Full,CampsitePermit,Single Tent,
Five Islands,NS ,2,Full,CampsitePermit,Less than 30ft,
Amherst Shore,NS ,2,Veteran,CampsitePermit,Less than 40ft,
Caribou Munroes,QC ,2,Senior,CampsitePermit,Single Tent,
Battery,NS ,2,Full,CampsitePermit,Less than 20ft,
Dollar Lake,NS ,4,Full,CampsitePermit,Single Tent,
Salsman,NS ,4,Full,CampsitePermit,Less than 20ft,
Valleyview,QC ,2,Full,CampsitePermit,Single Tent,
Laurie,NB ,3,Full,CampsitePermit,Single Tent,
Porters Lake,QC ,3,Full,CampsitePermit,Less than 20ft,
Smileys,NS ,4,Full,CampsitePermit,Less than 20ft,
Mira River,QC ,2,Full,CampsitePermit,Single Tent,
Blomidon,QC ,2,Full,CampsitePermit,Single Tent,
Porters Lake,NS ,2,Full,CampsitePermit,Less than 20ft,
Battery,NS ,2,Full,CampsitePermit,Single Tent,
Amherst Shore,QC ,5,Full,CampsitePermit,Single Tent,
Caribou Munroes,ON ,2,Full,CampsitePermit,Less than 30ft,
Graves Island,NS ,5,Full,CampsitePermit,Single Tent,
Five Islands,NS ,2,Full,CampsitePermit,Less than 20ft,
Caribou Munroes,NS ,2,Full,CampsitePermit,Single Tent,
Blomidon,NS ,2,Full,CampsitePermit,Less than 20ft,
Graves Island,NS ,1,Full,CampsitePermit,Single Tent,
Mira River,NS ,4,Full,CampsitePermit,Single Tent,
Thomas Raddall,NS ,2,Senior,CampsitePermit,Less than 30ft,
Blomidon,NS ,5,Full,CampsitePermit,Less than 20ft,
Graves Island,NS ,1,Full,CampsitePermit,Less than 20ft,
Caribou Munroes,NS ,4,Full,CampsitePermit,Single Tent,
Graves Island,NS ,2,Senior,CampsitePermit,Less than 30ft,
Porters Lake,QC ,3,Full,CampsitePermit,Less than 30ft,
Thomas Raddall,NS ,2,Senior,CampsitePermit,Less than 30ft,
Dollar Lake,NS ,6,Full,CampsitePermit,Single Tent,
Graves Island,NS ,4,Full,CampsitePermit,Tents,
Cape Chignecto,ON ,4,Full,BackcountryPermit,Single Tent,
Rissers Beach,QC ,3,Full,CampsitePermit,Less than 30ft,
Caribou Munroes,NS ,2,Full,CampsitePermit,Single Tent,
Caribou Munroes,QC ,2,Full,CampsitePermit,Single Tent,
Graves Island,NS ,2,Full,CampsitePermit,Less than 20ft,
Graves Island,NS ,2,Full,CampsitePermit,Less than 40ft,
Blomidon,NS ,6,Full,CampsitePermit,Less than 40ft,
Caribou Munroes,ON ,2,Full,CampsitePermit,Less than 20ft,
Rissers Beach,SK ,2,Full,CampsitePermit,Single Tent,
Blomidon,NS ,2,Full,CampsitePermit,Single Tent,
Rissers Beach,NS ,2,Senior,CampsitePermit,Single Tent,
Rissers Beach,NS ,2,Senior,CampsitePermit,Less than 30ft,
Amherst Shore,NS ,4,Full,CampsitePermit,Less than 20ft,
Rissers Beach,NS ,4,Full,CampsitePermit,Single Tent,
Amherst Shore,NS ,2,Full,CampsitePermit,Less than 30ft,
Blomidon,ON ,2,Full,CampsitePermit,Less than 20ft,
Amherst Shore,QC ,2,Full,CampsitePermit,Less than 20ft,
Thomas Raddall,NS ,3,Full,CampsitePermit,Single Tent,
Dollar Lake,NS ,5,Full,CampsitePermit,Less than 20ft,
Cape Chignecto,QC ,2,Full,BackcountryPermit,Single Tent,
Amherst Shore,QC ,2,Full,CampsitePermit,Single Tent,
Caribou Munroes,NS ,4,Full,CampsitePermit,Less than 30ft,
Caribou Munroes,NB ,2,Full,CampsitePermit,Single Tent,
Cape Chignecto,NS ,3,Full,BackcountryPermit,Cabin,
Blomidon,NS ,3,Full,CampsitePermit,Single Tent,
Five Islands,NS ,2,Full,CampsitePermit,Single Tent,
Dollar Lake,NS ,4,Full,CampsitePermit,Single Tent,
Dollar Lake,NS ,1,Full,CampsitePermit,Single Tent,
Battery,QC ,2,Full,CampsitePermit,Single Tent,
Thomas Raddall,NS ,2,Full,CampsitePermit,Less than 20ft,
Graves Island,NS ,3,Full,CampsitePermit,Less than 20ft,
Battery,NS ,4,Full,CampsitePermit,Tents,
Dollar Lake,NS ,6,Full,CampsitePermit,Tents,
Caribou Munroes,QC ,2,Full,CampsitePermit,Less than 30ft,
Valleyview,NS ,4,Full,CampsitePermit,Single Tent,
Dollar Lake,NS ,2,Full,CampsitePermit,Tents,
Graves Island,ON ,5,Full,CampsitePermit,Single Tent,
Five Islands,NS ,3,Full,CampsitePermit,Single Tent,
Mira River,NS ,4,Full,CampsitePermit,Single Tent,
Rissers Beach,NS ,4,Full,CampsitePermit,Less than 20ft,
Whycocomagh,NS ,2,Full,YurtPermit,Tents,
Blomidon,NS ,2,Full,CampsitePermit,Single Tent,
Amherst Shore,QC ,2,Senior,CampsitePermit,Single Tent,
Thomas Raddall,NS ,2,Senior,CampsitePermit,Less than 30ft,
Salsman,NS ,2,Full,CampsitePermit,Less than 30ft,
Rissers Beach,NS ,2,Senior,CampsitePermit,Less than 30ft,
Rissers Beach,NS ,2,Senior,CampsitePermit,Less than 20ft,
Thomas Raddall,NS ,4,Senior,CampsitePermit,Less than 30ft,
Ellenwood Lake,NS ,2,Full,CampsitePermit,Less than 30ft,
Ellenwood Lake,NS ,3,Full,CampsitePermit,Tents,
Rissers Beach,NS ,3,Full,CampsitePermit,Less than 30ft,
Rissers Beach,NS ,6,Full,CampsitePermit,Less than 20ft,
Battery,ON ,2,Full,CampsitePermit,Less than 30ft,
Rissers Beach,NS ,6,Senior,CampsitePermit,Tents,
Graves Island,NS ,1,Full,CampsitePermit,Single Tent,
Blomidon,NS ,3,Full,CampsitePermit,Single Tent,
Caribou Munroes,NB ,4,Full,CampsitePermit,Single Tent,
Rissers Beach,ON ,1,Full,CampsitePermit,Single Tent,
Porters Lake,ON ,3,Full,CampsitePermit,Less than 20ft,
Five Islands,QC ,2,Full,CampsitePermit,Single Tent,
Salsman,NS ,4,Full,CampsitePermit,Single Tent,
Porters Lake,NS ,5,Full,CampsitePermit,Tents,
Battery,ON ,3,Full,CampsitePermit,Single Tent,
Caribou Munroes,QC ,4,Full,CampsitePermit,Less than 30ft,
Thomas Raddall,NS ,3,Full,CampsitePermit,Single Tent,
Blomidon,NS ,2,Full,CampsitePermit,Single Tent,
Mira River,ON ,2,Full,CampsitePermit,Less than 20ft,
Rissers Beach,NS ,2,Full,CampsitePermit,Single Tent,
Boylston,NS ,2,Full,CampsitePermit,Less than 20ft,
Five Islands,QC ,2,Full,CampsitePermit,Single Tent,
Laurie,NS ,4,Full,CampsitePermit,Tents,
Five Islands,ON ,5,Full,CampsitePermit,Less than 30ft,
Rissers Beach,ON ,3,Full,CampsitePermit,Less than 30ft,
Laurie,NS ,2,Full,CampsitePermit,Single Tent,
Blomidon,NB ,4,Full,CampsitePermit,Single Tent,
Dollar Lake,NS ,2,Full,CampsitePermit,Less than 20ft,
Battery,ON ,2,Full,CampsitePermit,Less than 40ft,
Caribou Munroes,NS ,4,Full,CampsitePermit,Less than 40ft,
Five Islands,NS ,6,Full,CampsitePermit,Single Tent,
Porters Lake,NS ,2,Full,CampsitePermit,Less than 30ft,
Smileys,NS ,6,Full,CampsitePermit,Less than 30ft,
Five Islands,QC ,2,Full,CampsitePermit,Single Tent,
Mira River,NS ,2,Full,CampsitePermit,Less than 30ft,
Mira River,NS ,5,Full,CampsitePermit,Less than 20ft,
Graves Island,PE ,2,Full,CampsitePermit,Single Tent,
Rissers Beach,QC ,2,Full,CampsitePermit,Single Tent,
Porters Lake,ON ,2,Full,CampsitePermit,Less than 30ft,
Porters Lake,NS ,2,Full,CampsitePermit,Single Tent,
Amherst Shore,ON ,2,Senior,CampsitePermit,Single Tent,
Graves Island,NS ,4,Full,CampsitePermit,Less than 30ft,
Thomas Raddall,NS ,2,Full,CampsitePermit,Single Tent,
Mira River,NS ,3,Full,CampsitePermit,Less than 30ft,
Thomas Raddall,NS ,1,Full,CampsitePermit,Single Tent,
Ellenwood Lake,NS ,2,Full,CampsitePermit,Single Tent,
Salsman,NS ,2,Full,CampsitePermit,Less than 40ft,
Porters Lake,NS ,2,Full,CampsitePermit,Single Tent,
Rissers Beach,ON ,2,Full,CampsitePermit,Single Tent,
Rissers Beach,NS ,2,Full,CampsitePermit,Single Tent,
Rissers Beach,NS ,2,Full,CampsitePermit,Less than 20ft,
Salsman,NS ,2,Full,CampsitePermit,Less than 30ft,
Thomas Raddall,NS ,2,Senior,CampsitePermit,Less than 20ft,
Blomidon,NS ,2,Full,CampsitePermit,Less than 20ft,
Caribou Munroes,NS ,4,Full,CampsitePermit,Tents,
Rissers Beach,NS ,2,Full,CampsitePermit,Less than 30ft,
Laurie,NS ,2,Full,CampsitePermit,Single Tent,
Caribou Munroes,NS ,2,Full,CampsitePermit,Less than 40ft,
Dollar Lake,NS ,6,Full,CampsitePermit,Single Tent,
Porters Lake,NS ,2,Full,CampsitePermit,Single Tent,
Porters Lake,NB ,2,Full,CampsitePermit,Single Tent,
The Islands,ON ,2,Full,CampsitePermit,Less than 20ft,
Mira River,NS ,6,Full,CampsitePermit,Less than 40ft,
Porters Lake,NS ,2,Full,CampsitePermit,Less than 20ft,
Caribou Munroes,NS ,6,Full,CampsitePermit,Tents,
Porters Lake,NS ,4,Full,CampsitePermit,Single Tent,
Five Islands,NS ,4,Full,CampsitePermit,Less than 20ft,
Mira River,QC ,4,Full,CampsitePermit,Single Tent,
Caribou Munroes,NB ,2,Full,CampsitePermit,Less than 30ft,
Ellenwood Lake,QC ,3,Full,CampsitePermit,Single Tent,
Smileys,BC ,4,Full,CampsitePermit,Less than 40ft,
Smileys,NS ,2,Full,CampsitePermit,Less than 40ft,
The Islands,BC ,1,Senior,CampsitePermit,Single Tent,
Mira River,QC ,5,Full,CampsitePermit,Greater than 40ft,
Porters Lake,QC ,2,Full,CampsitePermit,Less than 20ft,
Valleyview,NS ,2,Senior,CampsitePermit,Single Tent,
Mira River,NS ,2,Full,CampsitePermit,Less than 20ft,
Five Islands,NS ,6,Full,CampsitePermit,Tents,
Salsman,NS ,3,Full,CampsitePermit,Less than 40ft,
Smileys,NS ,4,Full,CampsitePermit,Less than 30ft,
Blomidon,NS ,2,Full,CampsitePermit,Single Tent,
Porters Lake,ON ,4,Full,CampsitePermit,Less than 30ft,
Caribou Munroes,QC ,4,Senior,CampsitePermit,Single Tent,
Porters Lake,NS ,4,Full,CampsitePermit,Single Tent,
Dollar Lake,NS ,4,Full,CampsitePermit,Single Tent,
Smileys,NS ,4,Full,CampsitePermit,Less than 20ft,
Amherst Shore,NS ,2,Full,CampsitePermit,Single Tent,
Whycocomagh,NS ,3,Full,CampsitePermit,Less than 30ft,
Rissers Beach,NS ,3,Full,CampsitePermit,Single Tent,
Dollar Lake,ON ,5,Full,CampsitePermit,Single Tent,
Graves Island,NS ,2,FULL,CampsitePermit,Less than 30ft,
Caribou Munroes,QC ,2,Full,CampsitePermit,Less than 20ft,
Mira River,QC ,3,Full,CampsitePermit,Less than 20ft,
Ellenwood Lake,NS ,3,Full,CampsitePermit,Tents,
Caribou Munroes,ON ,2,Full,CampsitePermit,Single Tent,
Graves Island,NS ,5,Full,CampsitePermit,Less than 40ft,
Dollar Lake,NS ,3,Full,CampsitePermit,Single Tent,
Blomidon,NB ,2,Full,CampsitePermit,Single Tent,
Ellenwood Lake,NS ,2,Full,CampsitePermit,Less than 20ft,
Battery,NS ,4,Senior,CampsitePermit,Single Tent,
Caribou Munroes,NS ,2,Full,CampsitePermit,Single Tent,
Salsman,NS ,2,Senior,CampsitePermit,Less than 30ft,
Boylston,NS ,6,Full,CampsitePermit,Less than 20ft,
Caribou Munroes,NS ,5,Full,CampsitePermit,Single Tent,
Porters Lake,QC ,1,Full,CampsitePermit,Single Tent,
Caribou Munroes,QC ,2,Full,CampsitePermit,Single Tent,
Five Islands,NB ,2,Senior,CampsitePermit,Single Tent,
Laurie,QC ,2,Full,CampsitePermit,Single Tent,
Laurie,QC ,2,Full,CampsitePermit,Single Tent,
Graves Island,NS ,2,Full,CampsitePermit,Single Tent,
Blomidon,NS ,3,Full,CampsitePermit,Tents,
Mira River,NS ,4,Full,CampsitePermit,Tents,
Rissers Beach,NS ,2,Full,CampsitePermit,Less than 20ft,
Ellenwood Lake,ON ,2,Full,CampsitePermit,Single Tent,
Caribou Munroes,NS ,5,Full,CampsitePermit,Less than 20ft,
Graves Island,ON ,1,Full,CampsitePermit,Single Tent,
Caribou Munroes,NS ,2,Senior,CampsitePermit,Less than 20ft,
Battery,NS ,4,Full,CampsitePermit,Tents,
Amherst Shore,NS ,2,Full,CampsitePermit,Single Tent,
The Islands,NS ,2,Senior,CampsitePermit,Less than 30ft,
Mira River,NS ,6,Full,CampsitePermit,Single Tent,
Battery,AB ,1,Full,CampsitePermit,Single Tent,
Salsman,NS ,3,Full,CampsitePermit,Less than 30ft,
Cape Chignecto,NB ,2,Full,BackcountryPermit,Single Tent,
Ellenwood Lake,NS ,2,Full,CampsitePermit,Less than 20ft,
Valleyview,ON ,4,Full,CampsitePermit,Single Tent,
Blomidon,NS ,3,Full,CampsitePermit,Single Tent,
Graves Island,NS ,1,Full,CampsitePermit,Single Tent,
Caribou Munroes,QC ,2,Senior,CampsitePermit,Less than 20ft,
Graves Island,ON ,2,Full,CampsitePermit,Single Tent,
The Islands,NS ,3,Senior,CampsitePermit,Less than 20ft,
Rissers Beach,NS ,5,Full,CampsitePermit,Less than 40ft,
Caribou Munroes,NS ,3,Full,CampsitePermit,Tents,
Amherst Shore,ON ,2,Full,CampsitePermit,Single Tent,
Mira River,NL ,3,Full,CampsitePermit,Single Tent,
Amherst Shore,NS ,5,Full,CampsitePermit,Less than 20ft,
Salsman,NS ,4,Full,CampsitePermit,Less than 20ft,
Cape Chignecto,NS ,1,Full,BackcountryPermit,Single Tent,
Porters Lake,NS ,5,Full,CampsitePermit,Single Tent,
Graves Island,BC ,1,Senior,CampsitePermit,Single Tent,
Dollar Lake,NS ,2,Full,CampsitePermit,Single Tent,
Smileys,NS ,1,Full,CampsitePermit,Less than 20ft,
Laurie,ON ,4,Senior,CampsitePermit,Less than 30ft,
Caribou Munroes,NS ,1,Full,CampsitePermit,Single Tent,
Dollar Lake,NS ,5,Full,CampsitePermit,Single Tent,
Graves Island,NS ,2,Senior,CampsitePermit,Less than 20ft,
Mira River,NS ,3,Full,CampsitePermit,Less than 40ft,
Thomas Raddall,NS ,2,Full,CampsitePermit,Less than 20ft,
Whycocomagh,NS ,2,Full,CampsitePermit,Single Tent,
Graves Island,NS ,1,Full,CampsitePermit,Less than 20ft,
Rissers Beach,NS ,2,Senior,CampsitePermit,Less than 30ft,
Smileys,NS ,3,Full,CampsitePermit,Single Tent,
Five Islands,NS ,2,Senior,CampsitePermit,Single Tent,
Rissers Beach,NS ,2,Full,CampsitePermit,Less than 20ft,
Mira River,NS ,3,Full,CampsitePermit,Single Tent,
Salsman,NS ,2,Full,CampsitePermit,Less than 30ft,
Ellenwood Lake,NS ,2,Full,CampsitePermit,Less than 30ft,
Mira River,NS ,6,Full,CampsitePermit,Less than 30ft,
Dollar Lake,NS ,4,Full,CampsitePermit,Less than 20ft,
Amherst Shore,QC ,2,Full,CampsitePermit,Single Tent,
Caribou Munroes,NS ,2,Full,CampsitePermit,Single Tent,
Rissers Beach,NS ,3,Full,CampsitePermit,Less than 30ft,
Graves Island,NS ,2,Senior,CampsitePermit,Less than 30ft,
Laurie,NS ,1,Full,CampsitePermit,Single Tent,
Five Islands,QC ,2,Full,CampsitePermit,Less than 20ft,
Graves Island,NS ,2,Full,CampsitePermit,Less than 20ft,
Rissers Beach,NS ,4,Full,CampsitePermit,Single Tent,
Caribou Munroes,NS ,4,Full,CampsitePermit,Less than 30ft,
Smileys,PE ,3,Full,CampsitePermit,Single Tent,
Thomas Raddall,NS ,2,Senior,CampsitePermit,Single Tent,
Mira River,NS ,1,Senior,CampsitePermit,Single Tent,
Cape Chignecto,NS ,2,Full,BackcountryPermit,Single Tent,
Blomidon,NS ,4,Full,CampsitePermit,Single Tent,
Laurie,NS ,2,Full,CampsitePermit,Tents,
Five Islands,NS ,4,Full,CampsitePermit,Single Tent,
Five Islands,NS ,2,Full,CampsitePermit,Less than 20ft,
Blomidon,QC ,4,Full,CampsitePermit,Single Tent,
Whycocomagh,AB ,1,Full,CampsitePermit,Single Tent,
Dollar Lake,NS ,3,Full,CampsitePermit,Single Tent,
Blomidon,NS ,4,Full,CampsitePermit,Less than 20ft,
Graves Island,NS ,2,Senior,CampsitePermit,Less than 40ft,
Graves Island,NS ,2,Full,CampsitePermit,Less than 30ft,
Whycocomagh,ON ,2,Senior,CampsitePermit,Less than 40ft,
Valleyview,NS ,4,Full,CampsitePermit,Single Tent,
Rissers Beach,NS ,2,Full,CampsitePermit,Single Tent,
Rissers Beach,NS ,4,Full,CampsitePermit,Single Tent,
Graves Island,NS ,2,Full,CampsitePermit,Single Tent,
Caribou Munroes,NS ,4,Full,CampsitePermit,Tents,
Battery,NS ,2,Full,CampsitePermit,Less than 20ft,
Laurie,NS ,2,Full,CampsitePermit,Single Tent,
Rissers Beach,NS ,2,Full,CampsitePermit,Single Tent,
Mira River,NS ,2,Full,CampsitePermit,Less than 30ft,
Dollar Lake,NS ,2,Full,CampsitePermit,Less than 30ft,
The Islands,NS ,4,Full,CampsitePermit,Tents,
Graves Island,NS ,4,Full,CampsitePermit,Less than 30ft,
Mira River,NS ,4,Full,CampsitePermit,Tents,
Porters Lake,ON ,2,Full,CampsitePermit,Single Tent,
Mira River,NS ,4,Full,CampsitePermit,Less than 40ft,
Laurie,NS ,2,Full,CampsitePermit,Less than 30ft,
Graves Island,NS ,3,Full,CampsitePermit,Less than 20ft,
Rissers Beach,NS ,2,Full,CampsitePermit,Single Tent,
Salsman,NS ,2,Senior,CampsitePermit,Tents,
Rissers Beach,QC ,3,Full,CampsitePermit,Single Tent,
Laurie,NS ,4,Full,CampsitePermit,Single Tent,
Mira River,NS ,2,Senior,CampsitePermit,Less than 30ft,
Five Islands,NS ,5,Full,CampsitePermit,Single Tent,
Smileys,NS ,4,Full,CampsitePermit,Less than 30ft,
Whycocomagh,NS ,2,Full,CampsitePermit,Less than 40ft,
Salsman,NS ,2,Full,CampsitePermit,Less than 30ft,
Dollar Lake,NS ,2,Full,CampsitePermit,Less than 20ft,
Rissers Beach,NS ,3,Full,CampsitePermit,Less than 40ft,
The Islands,NS ,2,Full,CampsitePermit,Less than 20ft,
Porters Lake,NS ,3,Full,CampsitePermit,Single Tent,
Smileys,NS ,2,Full,CampsitePermit,Less than 30ft,
Battery,QC ,3,Full,CampsitePermit,Single Tent,
Graves Island,NS ,6,Full,CampsitePermit,Tents,
Rissers Beach,NS ,3,Full,CampsitePermit,Less than 20ft,
Porters Lake,ON ,1,Full,CampsitePermit,Single Tent,
Whycocomagh,NS ,2,Full,CampsitePermit,Single Tent,
Graves Island,NS ,4,Senior,CampsitePermit,Less than 30ft,
Graves Island,ON ,2,Full,CampsitePermit,Single Tent,
Five Islands,QC ,2,Full,CampsitePermit,Single Tent,
Blomidon,AB ,2,Full,CampsitePermit,Single Tent,
Battery,ON ,2,Senior,CampsitePermit,Single Tent,
Laurie,NS ,5,Full,CampsitePermit,Less than 30ft,
Battery,NS ,2,Senior,CampsitePermit,Single Tent,
Salsman,NS ,2,Full,CampsitePermit,Single Tent,
Valleyview,NS ,2,Senior,CampsitePermit,Single Tent,
Dollar Lake,NS ,2,Full,CampsitePermit,Less than 30ft,
Caribou Munroes,QC ,2,Senior,CampsitePermit,Less than 20ft,
Blomidon,NS ,2,Senior,CampsitePermit,Less than 20ft,
Mira River,NS ,2,Full,CampsitePermit,Less than 20ft,
Porters Lake,QC ,2,Full,CampsitePermit,Single Tent,
Battery,NS ,4,Full,CampsitePermit,Single Tent,
Caribou Munroes,NS ,3,Full,CampsitePermit,Single Tent,
Smileys,NS ,4,Full,CampsitePermit,Less than 20ft,
Mira River,NS ,3,Senior,CampsitePermit,Single Tent,
Thomas Raddall,ON ,2,Senior,CampsitePermit,Less than 30ft,
Mira River,NS ,2,Full,CampsitePermit,Single Tent,
Mira River,NS ,3,Full,CampsitePermit,Less than 30ft,
Laurie,NS ,2,Senior,CampsitePermit,Less than 30ft,
Caribou Munroes,NS ,2,Full,CampsitePermit,Single Tent,
Caribou Munroes,ON ,2,Full,CampsitePermit,Single Tent,
Porters Lake,NS ,3,Full,CampsitePermit,Single Tent,
Caribou Munroes,NS ,2,Senior,CampsitePermit,Less than 20ft,
Mira River,QC ,2,Full,CampsitePermit,Tents,
Five Islands,NS ,2,Senior,CampsitePermit,Less than 20ft,
Rissers Beach,NS ,5,Full,CampsitePermit,Less than 20ft,
Cape Chignecto,ON ,2,Full,BackcountryPermit,Single Tent,
Mira River,NS ,6,Full,CampsitePermit,Single Tent,
Cape Chignecto,PE ,5,Full,BackcountryPermit,Single Tent,
Caribou Munroes,NS ,2,Full,CampsitePermit,Less than 20ft,
Five Islands,QC ,1,Full,CampsitePermit,Single Tent,
Graves Island,NS ,1,Full,CampsitePermit,Single Tent,
Whycocomagh,NB ,6,Full,CampsitePermit,Less than 20ft,
Five Islands,QC ,2,Full,CampsitePermit,Single Tent,
Thomas Raddall,NS ,2,Full,CampsitePermit,Single Tent,
Amherst Shore,NS ,5,Full,CampsitePermit,Less than 20ft,
Caribou Munroes,NS ,2,Full,CampsitePermit,Single Tent,
Five Islands,NS ,3,Senior,CampsitePermit,Less than 30ft,
Laurie,NS ,2,Full,CampsitePermit,Single Tent,
Rissers Beach,NS ,2,Full,CampsitePermit,Less than 20ft,
Ellenwood Lake,NS ,8,Full,CampsitePermit,Tents,
Mira River,ON ,2,Full,CampsitePermit,Single Tent,
The Islands,NS ,2,Full,CampsitePermit,Tents,
Amherst Shore,ON ,2,Senior,CampsitePermit,Less than 30ft,
Cape Chignecto,ON ,2,Full,BackcountryPermit,Single Tent,
Thomas Raddall,ON ,1,Senior,CampsitePermit,Single Tent,
Dollar Lake,NS ,2,Full,CampsitePermit,Single Tent,
Porters Lake,NS ,2,Full,CampsitePermit,Less than 40ft,
Blomidon,QC ,2,Full,CampsitePermit,Single Tent,
Valleyview,NS ,2,Full,CampsitePermit,Single Tent,
Graves Island,NS ,2,Full,CampsitePermit,Less than 30ft,
Dollar Lake,NS ,7,Full,CampsitePermit,Single Tent,
Blomidon,NS ,4,Full,CampsitePermit,Tents,
Battery,BC ,2,Senior,CampsitePermit,Single Tent,
Laurie,NS ,2,Full,CampsitePermit,Single Tent,
Battery,NS ,3,Senior,CampsitePermit,Less than 20ft,
Smileys,NS ,6,Full,CampsitePermit,Less than 30ft,
Mira River,ON ,3,Full,CampsitePermit,Less than 20ft,
Dollar Lake,NS ,3,Full,CampsitePermit,Less than 40ft,
Mira River,QC ,6,Full,CampsitePermit,Tents,
Rissers Beach,NS ,2,Senior,CampsitePermit,Less than 20ft,
Five Islands,BC ,2,Full,CampsitePermit,Single Tent,
Ellenwood Lake,NS ,3,Full,CampsitePermit,Less than 30ft,
Mira River,NS ,1,Host,CampsitePermit,Less than 40ft,
Rissers Beach,NS ,2,Senior,CampsitePermit,Less than 20ft,
Smileys,NS ,5,Full,CampsitePermit,Single Tent,
Cape Chignecto,NS ,6,Full,BackcountryPermit,Cabin,
Rissers Beach,NS ,2,Full,CampsitePermit,Less than 20ft,
Caribou Munroes,NB ,2,Full,CampsitePermit,Tents,
Laurie,NS ,2,Full,CampsitePermit,Single Tent,
Caribou Munroes,NS ,5,Full,CampsitePermit,Tents,
Laurie,NS ,2,Full,CampsitePermit,Single Tent,
Ellenwood Lake,NS ,2,Full,CampsitePermit,Single Tent,
Graves Island,NS ,2,Full,CampsitePermit,Single Tent,
Rissers Beach,NS ,2,Senior,CampsitePermit,Less than 30ft,
Dollar Lake,NS ,4,Full,CampsitePermit,Single Tent,
Mira River,ON ,2,Full,CampsitePermit,Less than 30ft,
Five Islands,ON ,2,Senior,CampsitePermit,Less than 20ft,
Porters Lake,NS ,6,Full,CampsitePermit,Less than 30ft,
Caribou Munroes,QC ,2,Full,CampsitePermit,Single Tent,
Rissers Beach,NS ,2,Full,CampsitePermit,Tents,
Rissers Beach,NS ,2,Senior,CampsitePermit,Less than 20ft,
Whycocomagh,NS ,1,Full,CampsitePermit,Tents,
Rissers Beach,NS ,4,Full,CampsitePermit,Less than 20ft,
Rissers Beach,NS ,4,Full,CampsitePermit,Less than 30ft,
Mira River,NS ,2,Full,CampsitePermit,Single Tent,
Valleyview,NS ,1,Senior,CampsitePermit,Single Tent,
Graves Island,ON ,1,Full,CampsitePermit,Single Tent,
Amherst Shore,NB ,2,Full,CampsitePermit,Single Tent,
Cape Chignecto,NB ,1,Full,BackcountryPermit,Single Tent,
Five Islands,NS ,2,Senior,CampsitePermit,Single Tent,
Porters Lake,NS ,3,Full,CampsitePermit,Single Tent,
Rissers Beach,NS ,2,Full,CampsitePermit,Single Tent,
Rissers Beach,NS ,4,Full,CampsitePermit,Single Tent,
Caribou Munroes,NS ,2,Full,CampsitePermit,Single Tent,
Five Islands,NS ,2,Full,CampsitePermit,Less than 20ft,
Mira River,NS ,4,Full,CampsitePermit,Less than 40ft,
Battery,QC ,2,Full,CampsitePermit,Less than 20ft,
Whycocomagh,QC ,3,Full,YurtPermit,Tents,
Laurie,NS ,3,Full,CampsitePermit,Single Tent,
Thomas Raddall,NS ,2,Full,CampsitePermit,Single Tent,
Graves Island,NS ,6,Full,CampsitePermit,Tents,
Porters Lake,NS ,2,Full,CampsitePermit,Single Tent,
Mira River,NS ,3,Full,CampsitePermit,Less than 30ft,
Mira River,NS ,2,Full,CampsitePermit,Less than 40ft,
Porters Lake,NS ,6,Full,CampsitePermit,Less than 30ft,
Porters Lake,NS ,4,Full,CampsitePermit,Less than 30ft,
Rissers Beach,QC ,2,Full,CampsitePermit,Less than 20ft,
Battery,NS ,2,Full,CampsitePermit,Less than 30ft,
Battery,BC ,3,Full,CampsitePermit,Less than 30ft,
Laurie,AB ,2,Full,CampsitePermit,Single Tent,
Porters Lake,NS ,2,Full,CampsitePermit,Single Tent,
Smileys,NS ,4,Full,CampsitePermit,Single Tent,
Dollar Lake,NS ,4,Full,CampsitePermit,Less than 20ft,
Amherst Shore,NB ,1,Full,CampsitePermit,Single Tent,
Five Islands,QC ,2,Full,CampsitePermit,Single Tent,
Porters Lake,QC ,6,Full,CampsitePermit,Less than 20ft,
Thomas Raddall,NS ,2,Full,CampsitePermit,Less than 20ft,
Caribou Munroes,QC ,2,Full,CampsitePermit,Single Tent,
Dollar Lake,NS ,2,Full,CampsitePermit,Single Tent,
Dollar Lake,NS ,5,Full,CampsitePermit,Single Tent,
Ellenwood Lake,NS ,2,Full,CampsitePermit,Single Tent,
Amherst Shore,ON ,2,Senior,CampsitePermit,Single Tent,
Battery,NS ,2,Full,CampsitePermit,Single Tent,
Caribou Munroes,NS ,4,Full,CampsitePermit,Less than 30ft,
Amherst Shore,NS ,1,Full,CampsitePermit,Single Tent,
Five Islands,QC ,2,Full,CampsitePermit,Single Tent,
Smileys,SK ,2,Full,CampsitePermit,Single Tent,
Caribou Munroes,QC ,2,Full,CampsitePermit,Less than 20ft,
Thomas Raddall,NS ,4,Full,CampsitePermit,Less than 30ft,
Rissers Beach,NS ,2,Full,CampsitePermit,Less than 30ft,
Caribou Munroes,NS ,2,Full,CampsitePermit,Single Tent,
Thomas Raddall,NS ,3,Full,CampsitePermit,Tents,
Mira River,NS ,4,Full,CampsitePermit,Less than 40ft,
Battery,NS ,1,Veteran,CampsitePermit,Single Tent,
Mira River,NS ,4,Full,CampsitePermit,Single Tent,
Graves Island,NS ,1,Full,CampsitePermit,Single Tent,
Dollar Lake,NS ,4,Full,CampsitePermit,Less than 20ft,
Five Islands,NS ,5,Full,CampsitePermit,Single Tent,
Caribou Munroes,NS ,3,Full,CampsitePermit,Single Tent,
Caribou Munroes,NS ,4,Full,CampsitePermit,Less than 30ft,
Thomas Raddall,NS ,5,Full,CampsitePermit,Single Tent,
Porters Lake,NS ,4,Full,CampsitePermit,Single Tent,
Laurie,ON ,4,Full,CampsitePermit,Single Tent,
Amherst Shore,NS ,2,Full,CampsitePermit,Less than 20ft,
Porters Lake,NS ,2,Veteran,CampsitePermit,Single Tent,
Rissers Beach,NS ,4,Full,CampsitePermit,Less than 30ft,
Porters Lake,NS ,6,Full,CampsitePermit,Tents,
Rissers Beach,NS ,4,Full,CampsitePermit,Less than 20ft,
Smileys,NS ,4,Full,CampsitePermit,Less than 30ft,
Mira River,NS ,2,Full,CampsitePermit,Less than 40ft,
Caribou Munroes,NS ,2,Full,CampsitePermit,Single Tent,
Laurie,NS ,4,Full,CampsitePermit,Single Tent,
Amherst Shore,NS ,4,Full,CampsitePermit,Less than 20ft,
Amherst Shore,NS ,6,Full,CampsitePermit,Tents,
Rissers Beach,NS ,2,Senior,CampsitePermit,Less than 30ft,
Porters Lake,NB ,2,Full,CampsitePermit,Single Tent,
Mira River,BC ,2,Full,CampsitePermit,Less than 40ft,
Porters Lake,NS ,3,Full,CampsitePermit,Single Tent,
Rissers Beach,ON ,2,Senior,CampsitePermit,Single Tent,
Laurie,NS ,4,Full,CampsitePermit,Tents,
Dollar Lake,NS ,4,Senior,CampsitePermit,Less than 40ft,
Thomas Raddall,NS ,4,Full,CampsitePermit,Less than 30ft,
Rissers Beach,NS ,5,Full,CampsitePermit,Less than 30ft,
Porters Lake,NS ,4,Full,CampsitePermit,Less than 30ft,
Amherst Shore,QC ,2,Full,CampsitePermit,Single Tent,
Thomas Raddall,NS ,3,Full,CampsitePermit,Less than 20ft,
Laurie,NS ,4,Full,CampsitePermit,Single Tent,
Whycocomagh,NS ,2,Senior,CampsitePermit,Tents,
Mira River,NS ,3,Full,CampsitePermit,Single Tent,
Cape Chignecto,NB ,2,Full,BackcountryPermit,Single Tent,
Mira River,QC ,2,Full,CampsitePermit,Single Tent,
Valleyview,NS ,3,Full,CampsitePermit,Single Tent,
Smileys,NS ,2,Full,CampsitePermit,Less than 30ft,
Five Islands,QC ,2,Full,CampsitePermit,Less than 20ft,
Caribou Munroes,NS ,5,Full,CampsitePermit,Less than 20ft,
Rissers Beach,NS ,4,Full,CampsitePermit,Less than 20ft,
Blomidon,NS ,4,Full,CampsitePermit,Single Tent,
Whycocomagh,ON ,2,Senior,CampsitePermit,Less than 30ft,
Porters Lake,NS ,4,Full,CampsitePermit,Less than 30ft,
Graves Island,BC ,1,Full,CampsitePermit,Single Tent,
Mira River,NS ,3,Full,CampsitePermit,Greater than 40ft,
Graves Island,AB ,1,Full,CampsitePermit,Single Tent,
Thomas Raddall,NS ,3,Full,CampsitePermit,Single Tent,
Valleyview,QC ,2,Full,CampsitePermit,Single Tent,
Thomas Raddall,NS ,2,Full,CampsitePermit,Less than 30ft,
Graves Island,NS ,2,Full,CampsitePermit,Less than 30ft,
Caribou Munroes,NS ,2,Full,CampsitePermit,Less than 30ft,
The Islands,ON ,1,Full,CampsitePermit,Single Tent,
Ellenwood Lake,NS ,2,Senior,CampsitePermit,Less than 30ft,
Graves Island,NS ,4,Full,CampsitePermit,Tents,
Graves Island,ON ,2,Full,CampsitePermit,Less than 20ft,
Ellenwood Lake,NS ,6,Full,CampsitePermit,Tents,
Porters Lake,NS ,2,Full,CampsitePermit,Single Tent,
Amherst Shore,BC ,2,Full,CampsitePermit,Less than 40ft,
Blomidon,NS ,3,Full,CampsitePermit,Single Tent,
Graves Island,NS ,3,Full,CampsitePermit,Single Tent,
Graves Island,NS ,4,Full,CampsitePermit,Less than 20ft,
Mira River,QC ,5,Full,CampsitePermit,Less than 20ft,
Caribou Munroes,QC ,2,Full,CampsitePermit,Single Tent,
Caribou Munroes,NS ,4,Full,CampsitePermit,Single Tent,
Blomidon,NS ,4,Full,CampsitePermit,Single Tent,
Amherst Shore,NS ,5,Full,CampsitePermit,Less than 20ft,
Smileys,NS ,4,Full,CampsitePermit,Less than 40ft,
Ellenwood Lake,QC ,2,Full,CampsitePermit,Less than 30ft,
Rissers Beach,NS ,2,Senior,CampsitePermit,Less than 20ft,
Whycocomagh,NS ,2,Full,CampsitePermit,Single Tent,
Thomas Raddall,NS ,2,Full,CampsitePermit,Less than 20ft,
Rissers Beach,NS ,3,Full,CampsitePermit,Less than 30ft,
Porters Lake,NS ,3,Full,CampsitePermit,Greater than 40ft,
Valleyview,NS ,2,Full,CampsitePermit,Less than 40ft,
Laurie,NS ,2,Full,CampsitePermit,Less than 20ft,
Rissers Beach,NS ,2,Full,CampsitePermit,Tents,
Rissers Beach,NS ,2,Full,CampsitePermit,Single Tent,
Five Islands,NS ,2,Full,CampsitePermit,Single Tent,
Battery,QC ,1,Full,CampsitePermit,Single Tent,
Rissers Beach,NS ,4,Full,CampsitePermit,Less than 20ft,
Smileys,NS ,6,Full,CampsitePermit,Tents,
Dollar Lake,NS ,2,Full,CampsitePermit,Single Tent,
The Islands,NS ,2,Full,CampsitePermit,Single Tent,
Blomidon,NS ,2,Full,CampsitePermit,Single Tent,
Ellenwood Lake,NS ,3,Full,CampsitePermit,Single Tent,
Blomidon,NS ,5,Full,CampsitePermit,Single Tent,
Porters Lake,NS ,2,Full,CampsitePermit,Less than 20ft,
Caribou Munroes,QC ,2,Full,CampsitePermit,Single Tent,
Mira River,NS ,2,Full,CampsitePermit,Less than 20ft,
Rissers Beach,NS ,2,Veteran,CampsitePermit,Less than 20ft,
Smileys,NS ,2,Full,CampsitePermit,Less than 20ft,
Rissers Beach,QC ,2,Full,CampsitePermit,Single Tent,
Blomidon,NS ,2,Full,CampsitePermit,Single Tent,
Porters Lake,NS ,4,Full,CampsitePermit,Tents,
Boylston,ON ,2,Full,CampsitePermit,Single Tent,
Ellenwood Lake,NS ,4,Full,CampsitePermit,Single Tent,
Graves Island,NS ,2,Senior,CampsitePermit,Less than 40ft,
Laurie,NS ,4,Full,CampsitePermit,Single Tent,
Amherst Shore,QC ,5,Full,CampsitePermit,Single Tent,
Porters Lake,NS ,3,Full,CampsitePermit,Single Tent,
Rissers Beach,NS ,3,Full,CampsitePermit,Less than 40ft,
Porters Lake,NS ,2,Full,CampsitePermit,Less than 30ft,
Graves Island,NS ,2,Full,CampsitePermit,Less than 30ft,
Ellenwood Lake,NS ,2,Full,CampsitePermit,Single Tent,
Porters Lake,NS ,4,Full,CampsitePermit,Less than 40ft,
Caribou Munroes,NS ,4,Full,CampsitePermit,Less than 20ft,
The Islands,NS ,2,Full,CampsitePermit,Single Tent,
Mira River,PE ,3,Full,CampsitePermit,Single Tent,
Porters Lake,NS ,4,Full,CampsitePermit,Less than 40ft,
Blomidon,ON ,5,Full,CampsitePermit,Single Tent,
Thomas Raddall,NS ,2,Full,CampsitePermit,Single Tent,
Blomidon,NS ,2,Full,CampsitePermit,Less than 20ft,
Whycocomagh,ON ,1,Full,CampsitePermit,Single Tent,
Thomas Raddall,NS ,1,Full,CampsitePermit,Single Tent,
Valleyview,NS ,4,Full,CampsitePermit,Tents,
Graves Island,QC ,2,Full,CampsitePermit,Less than 20ft,
Porters Lake,NS ,2,Senior,CampsitePermit,Less than 30ft,
Cape Chignecto,NS ,2,Full,BackcountryPermit,Single Tent,
Laurie,NS ,1,Full,CampsitePermit,Single Tent,
Caribou Munroes,NS ,3,Full,CampsitePermit,Tents,
Mira River,NS ,2,Full,CampsitePermit,Less than 30ft,
Dollar Lake,NS ,6,Full,CampsitePermit,Tents,
Caribou Munroes,NS ,2,Full,CampsitePermit,Single Tent,
Graves Island,NS ,2,Full,CampsitePermit,Tents,
Battery,ON ,2,Full,CampsitePermit,Single Tent,
Porters Lake,NS ,2,Full,CampsitePermit,Less than 30ft,
Valleyview,NS ,4,Full,CampsitePermit,Single Tent,
Rissers Beach,NS ,2,Full,CampsitePermit,Less than 20ft,
Whycocomagh,QC ,2,Senior,CampsitePermit,Single Tent,
Five Islands,QC ,2,Senior,CampsitePermit,Single Tent,
Porters Lake,ON ,4,Full,CampsitePermit,Single Tent,
Laurie,NS ,4,Full,CampsitePermit,Single Tent,
Caribou Munroes,ON ,1,Full,CampsitePermit,Single Tent,
Rissers Beach,NS ,2,Senior,CampsitePermit,Less than 20ft,
Caribou Munroes,QC ,4,Full,CampsitePermit,Less than 20ft,
Thomas Raddall,NS ,2,Full,CampsitePermit,Single Tent,
Graves Island,QC ,2,Full,CampsitePermit,Single Tent,
Dollar Lake,NS ,4,Full,CampsitePermit,Single Tent,
Dollar Lake,NS ,5,Full,CampsitePermit,Less than 20ft,
Rissers Beach,NS ,6,Full,CampsitePermit,Tents,
Mira River,NS ,5,Full,CampsitePermit,Less than 40ft,
Porters Lake,NS ,2,Full,CampsitePermit,Less than 20ft,
Thomas Raddall,NS ,4,Full,CampsitePermit,Single Tent,
Five Islands,NS ,3,Full,CampsitePermit,Less than 20ft,
Whycocomagh,NS ,2,Full,CampsitePermit,Less than 20ft,
Salsman,NS ,2,Full,CampsitePermit,Less than 20ft,
Five Islands,NS ,2,Full,CampsitePermit,Single Tent,
Mira River,ON ,4,Full,CampsitePermit,Single Tent,
Smileys,NS ,5,Full,CampsitePermit,Tents,
Blomidon,QC ,2,Full,CampsitePermit,Single Tent,
Rissers Beach,ON ,3,Full,CampsitePermit,Less than 30ft,
Mira River,NS ,2,Full,CampsitePermit,Less than 30ft,
Thomas Raddall,NS ,2,Full,CampsitePermit,Less than 20ft,
Graves Island,ON ,4,Full,CampsitePermit,Less than 20ft,
Rissers Beach,NS ,4,Full,CampsitePermit,Single Tent,
Rissers Beach,NS ,2,Senior,CampsitePermit,Less than 30ft,
Caribou Munroes,QC ,4,Full,CampsitePermit,Single Tent,
Graves Island,NS ,2,Senior,CampsitePermit,Less than 40ft,
Rissers Beach,NS ,2,Full,CampsitePermit,Less than 30ft,
Blomidon,NS ,2,Full,CampsitePermit,Less than 30ft,
Rissers Beach,NS ,2,Senior,CampsitePermit,Less than 20ft,
Five Islands,NS ,2,Full,CampsitePermit,Single Tent,
Five Islands,ON ,5,Full,CampsitePermit,Less than 20ft,
Five Islands,QC ,2,Full,CampsitePermit,Less than 20ft,
Five Islands,NS ,2,Veteran,CampsitePermit,Less than 20ft,
Five Islands,NS ,2,Full,CampsitePermit,Less than 20ft,
Battery,QC ,2,Full,CampsitePermit,Less than 30ft,
The Islands,BC ,2,Full,CampsitePermit,Less than 30ft,
Ellenwood Lake,NS ,3,Full,CampsitePermit,Single Tent,
Porters Lake,ON ,2,Full,CampsitePermit,Single Tent,
Mira River,NS ,4,Full,CampsitePermit,Tents,
Graves Island,NS ,2,Full,CampsitePermit,Less than 20ft,
Five Islands,NS ,4,Full,CampsitePermit,Less than 20ft,
Blomidon,NS ,1,Full,CampsitePermit,Single Tent,
Smileys,NS ,1,Senior,CampsitePermit,Less than 20ft,
Caribou Munroes,NS ,2,Full,CampsitePermit,Less than 20ft,
Five Islands,NS ,2,Full,CampsitePermit,Less than 20ft,
Caribou Munroes,QC ,2,Full,CampsitePermit,Single Tent,
Porters Lake,QC ,6,Full,CampsitePermit,Less than 30ft,
Ellenwood Lake,NS ,4,Full,CampsitePermit,Single Tent,
Rissers Beach,NS ,4,Full,CampsitePermit,Less than 20ft,
Rissers Beach,ON ,2,Full,CampsitePermit,Less than 20ft,
Caribou Munroes,NS ,2,Senior,CampsitePermit,Single Tent,
Blomidon,NS ,3,Full,CampsitePermit,Less than 30ft,
Whycocomagh,QC ,2,Full,CampsitePermit,Single Tent,
Dollar Lake,NS ,7,Full,CampsitePermit,Tents,
Caribou Munroes,QC ,2,Full,CampsitePermit,Less than 30ft,
Mira River,NS ,3,Senior,CampsitePermit,Single Tent,
Porters Lake,AB ,3,Full,CampsitePermit,Single Tent,
Thomas Raddall,NS ,4,Full,CampsitePermit,Tents,
Dollar Lake,NS ,6,Full,CampsitePermit,Tents,
Mira River,NS ,2,Full,CampsitePermit,Less than 20ft,
Five Islands,AB ,1,Full,CampsitePermit,Single Tent,
Thomas Raddall,NS ,2,Full,CampsitePermit,Tents,
Boylston,BC ,2,Senior,CampsitePermit,Less than 30ft,
Thomas Raddall,ON ,3,Full,CampsitePermit,Single Tent,
Amherst Shore,NB ,4,Full,CampsitePermit,Less than 30ft,
Whycocomagh,NS ,2,Full,YurtPermit,Tents,
Blomidon,NS ,4,Full,CampsitePermit,Less than 20ft,
Caribou Munroes,PE ,4,Full,CampsitePermit,Single Tent,
Graves Island,ON ,3,Full,CampsitePermit,Single Tent,
Rissers Beach,NS ,4,Full,CampsitePermit,Single Tent,
Amherst Shore,ON ,2,Senior,CampsitePermit,Less than 30ft,
Boylston,NS ,2,Full,CampsitePermit,Single Tent,
Mira River,AB ,2,Full,CampsitePermit,Single Tent,
Caribou Munroes,NS ,5,Full,CampsitePermit,Single Tent,
Battery,NS ,4,Full,CampsitePermit,Single Tent,
Ellenwood Lake,NS ,2,Senior,CampsitePermit,Less than 30ft,
Dollar Lake,NS ,3,Full,CampsitePermit,Single Tent,
Blomidon,NS ,3,Full,CampsitePermit,Less than 30ft,
Cape Chignecto,NS ,1,Full,BackcountryPermit,Single Tent,
Rissers Beach,NS ,5,Full,CampsitePermit,Less than 20ft,
Battery,NS ,6,Full,CampsitePermit,Single Tent,
Graves Island,NS ,2,Full,CampsitePermit,Less than 20ft,
Mira River,NS ,5,Full,CampsitePermit,Less than 30ft,
Dollar Lake,NS ,2,Full,CampsitePermit,Less than 20ft,
Salsman,NS ,2,Full,CampsitePermit,Single Tent,
Porters Lake,NS ,2,Full,CampsitePermit,Single Tent,
Cape Chignecto,NS ,1,Full,BackcountryPermit,Single Tent,
Caribou Munroes,ON ,5,Full,CampsitePermit,Tents,
Blomidon,QC ,2,Full,CampsitePermit,Single Tent,
Dollar Lake,NS ,3,Full,CampsitePermit,Single Tent,
Dollar Lake,NS ,6,Full,CampsitePermit,Less than 20ft,
Whycocomagh,ON ,2,Full,CampsitePermit,Single Tent,
Mira River,ON ,2,Full,CampsitePermit,Less than 20ft,
Whycocomagh,BC ,2,Senior,CampsitePermit,Less than 40ft,
Thomas Raddall,NS ,3,Full,CampsitePermit,Single Tent,
Laurie,NS ,3,Full,CampsitePermit,Single Tent,
Porters Lake,NS ,4,Full,CampsitePermit,Single Tent,
Amherst Shore,NS ,2,Full,CampsitePermit,Less than 40ft,
Five Islands,ON ,2,Full,CampsitePermit,Single Tent,
Cape Chignecto,NS ,2,Full,BackcountryPermit,Single Tent,
Mira River,QC ,2,Full,CampsitePermit,Single Tent,
Salsman,ON ,2,Senior,CampsitePermit,Single Tent,
Blomidon,QC ,2,Full,CampsitePermit,Single Tent,
Blomidon,NS ,4,Full,CampsitePermit,Single Tent,
Caribou Munroes,NS ,2,Full,CampsitePermit,Less than 20ft,
Caribou Munroes,ON ,2,Full,CampsitePermit,Single Tent,
Rissers Beach,NS ,3,Full,CampsitePermit,Single Tent,
Amherst Shore,NS ,3,Full,CampsitePermit,Less than 20ft,
Battery,NS ,2,Full,CampsitePermit,Single Tent,
Blomidon,NS ,2,Full,CampsitePermit,Single Tent,
Blomidon,NS ,3,Full,CampsitePermit,Less than 20ft,
The Islands,NS ,2,Full,CampsitePermit,Single Tent,
Valleyview,NS ,2,Full,CampsitePermit,Single Tent,
Thomas Raddall,NS ,2,Full,CampsitePermit,Single Tent,
Rissers Beach,NS ,2,Senior,CampsitePermit,Less than 20ft,
The Islands,QC ,2,Senior,CampsitePermit,Single Tent,
Rissers Beach,NS ,2,Full,CampsitePermit,Less than 30ft,
Laurie,NS ,3,Full,CampsitePermit,Tents,
Rissers Beach,NS ,3,Full,CampsitePermit,Less than 20ft,
The Islands,QC ,1,Full,CampsitePermit,Single Tent,
Amherst Shore,QC ,2,Full,CampsitePermit,Single Tent,
Mira River,NL ,1,Senior,CampsitePermit,Single Tent,
Laurie,NS ,2,Full,CampsitePermit,Less than 20ft,
Cape Chignecto,NS ,4,Full,BackcountryPermit,Single Tent,
The Islands,QC ,2,Full,CampsitePermit,Less than 30ft,
Whycocomagh,NS ,3,Full,CampsitePermit,Single Tent,
Boylston,NS ,4,Full,CampsitePermit,Single Tent,
Cape Chignecto,NS ,4,Full,BackcountryPermit,Single Tent,
Thomas Raddall,NS ,4,Full,CampsitePermit,Less than 20ft,
Graves Island,NS ,2,Senior,CampsitePermit,Tents,
Rissers Beach,NS ,2,Full,CampsitePermit,Single Tent,
Amherst Shore,ON ,2,Full,CampsitePermit,Single Tent,
Graves Island,NS ,3,Full,CampsitePermit,Less than 40ft,
Thomas Raddall,NS ,2,Full,CampsitePermit,Single Tent,
Graves Island,NS ,1,Host,CampsitePermit,Single Tent,
Dollar Lake,NS ,3,Full,CampsitePermit,Tents,
Ellenwood Lake,NS ,2,Full,CampsitePermit,Single Tent,
Rissers Beach,NS ,4,Full,CampsitePermit,Less than 30ft,
Whycocomagh,NS ,1,Full,CampsitePermit,Less than 20ft,
Salsman,NS ,2,Full,CampsitePermit,Less than 20ft,
Dollar Lake,ON ,4,Full,CampsitePermit,Single Tent,
Graves Island,ON ,1,Full,CampsitePermit,Single Tent,
Caribou Munroes,NS ,6,Full,CampsitePermit,Less than 30ft,
Amherst Shore,NS ,4,Senior,CampsitePermit,Less than 20ft,
Mira River,ON ,2,Senior,CampsitePermit,Single Tent,
Mira River,ON ,5,Full,CampsitePermit,Single Tent,
Mira River,NS ,6,Full,CampsitePermit,Single Tent,
Salsman,NS ,2,Full,CampsitePermit,Less than 30ft,
Battery,NS ,2,Senior,CampsitePermit,Single Tent,
Mira River,NS ,5,Full,CampsitePermit,Tents,
Rissers Beach,NS ,3,Full,CampsitePermit,Less than 30ft,
Dollar Lake,NS ,5,Full,CampsitePermit,Single Tent,
Dollar Lake,NS ,3,Veteran,CampsitePermit,Less than 30ft,
Rissers Beach,NS ,4,Full,CampsitePermit,Tents,
Rissers Beach,NS ,1,Full,CampsitePermit,Less than 30ft,
Porters Lake,QC ,2,Full,CampsitePermit,Single Tent,
Laurie,NS ,5,Full,CampsitePermit,Single Tent,
Blomidon,NS ,1,Full,CampsitePermit,Single Tent,
Cape Chignecto,NS ,3,Full,BackcountryPermit,Single Tent,
Salsman,NS ,4,Full,CampsitePermit,Less than 20ft,
Caribou Munroes,AB ,2,Full,CampsitePermit,Less than 30ft,
Thomas Raddall,NS ,2,Full,CampsitePermit,Less than 20ft,
Rissers Beach,NS ,2,Full,CampsitePermit,Single Tent,
Laurie,ON ,4,Full,CampsitePermit,Single Tent,
Caribou Munroes,QC ,3,Full,CampsitePermit,Tents,
Rissers Beach,NS ,1,Senior,CampsitePermit,Single Tent,
Porters Lake,QC ,2,Full,CampsitePermit,Single Tent,
Caribou Munroes,NS ,2,Senior,CampsitePermit,Less than 20ft,
Rissers Beach,NS ,4,Full,CampsitePermit,Less than 30ft,
Rissers Beach,NS ,4,Full,CampsitePermit,Single Tent,
Dollar Lake,NS ,2,Full,CampsitePermit,Single Tent,
Ellenwood Lake,NS ,2,Full,CampsitePermit,Single Tent,
Porters Lake,NS ,3,Full,CampsitePermit,Less than 20ft,
Graves Island,ON ,4,Full,CampsitePermit,Less than 30ft,
Caribou Munroes,QC ,2,Full,CampsitePermit,Single Tent,
Mira River,NS ,2,Full,CampsitePermit,Less than 30ft,
Ellenwood Lake,ON ,2,Full,CampsitePermit,Greater than 40ft,
Dollar Lake,NS ,6,Full,CampsitePermit,Tents,
Rissers Beach,NS ,4,Full,CampsitePermit,Single Tent,
Porters Lake,NS ,2,Full,CampsitePermit,Less than 20ft,
Graves Island,NS ,1,Senior,CampsitePermit,Less than 40ft,
Laurie,NS ,4,Full,CampsitePermit,Less than 20ft,
Graves Island,NS ,2,Senior,CampsitePermit,Less than 30ft,
Caribou Munroes,ON ,2,Full,CampsitePermit,Greater than 40ft,
Blomidon,NS ,2,Full,CampsitePermit,Single Tent,
Graves Island,NS ,1,Senior,CampsitePermit,Single Tent,
Cape Chignecto,NS ,3,Full,BackcountryPermit,Single Tent,
Rissers Beach,NS ,2,Full,CampsitePermit,Single Tent,
Salsman,NS ,6,Full,CampsitePermit,Tents,
Mira River,NS ,7,Full,CampsitePermit,Less than 20ft,
Smileys,NS ,4,Full,CampsitePermit,Less than 30ft,
Blomidon,ON ,6,Full,CampsitePermit,Tents,
Amherst Shore,NS ,2,Senior,CampsitePermit,Less than 20ft,
Caribou Munroes,ON ,2,Full,CampsitePermit,Less than 30ft,
Blomidon,NS ,3,Full,CampsitePermit,Single Tent,
Thomas Raddall,NS ,4,Full,CampsitePermit,Less than 30ft,
Whycocomagh,ON ,2,Full,CampsitePermit,Single Tent,
Thomas Raddall,NS ,2,Full,CampsitePermit,Single Tent,
Blomidon,NS ,2,Full,CampsitePermit,Single Tent,
Porters Lake,QC ,5,Full,CampsitePermit,Less than 40ft,
Smileys,NS ,2,Senior,CampsitePermit,Less than 30ft,
Rissers Beach,NS ,4,Full,CampsitePermit,Single Tent,
Thomas Raddall,NS ,6,Veteran,CampsitePermit,Less than 20ft,
Battery,ON ,2,Full,CampsitePermit,Single Tent,
Mira River,QC ,2,Full,CampsitePermit,Single Tent,
Caribou Munroes,ON ,3,Full,CampsitePermit,Single Tent,
Five Islands,NS ,2,Full,CampsitePermit,Single Tent,
Rissers Beach,NS ,2,Full,CampsitePermit,Less than 20ft,
Ellenwood Lake,NS ,3,Full,CampsitePermit,Single Tent,
Thomas Raddall,QC ,2,Senior,CampsitePermit,Less than 20ft,
Amherst Shore,NS ,1,Full,CampsitePermit,Single Tent,
The Islands,BC ,2,Full,CampsitePermit,Less than 30ft,
Laurie,NS ,4,Full,CampsitePermit,Single Tent,
Caribou Munroes,NS ,2,Full,CampsitePermit,Single Tent,
Five Islands,NS ,2,Veteran,CampsitePermit,Single Tent,
Porters Lake,NS ,4,Full,CampsitePermit,Tents,
Graves Island,ON ,1,Full,CampsitePermit,Single Tent,
Graves Island,ON ,4,Full,CampsitePermit,Single Tent,
Five Islands,PE ,2,Full,CampsitePermit,Less than 20ft,
Battery,NS ,2,Full,CampsitePermit,Tents,
Mira River,NS ,6,Full,CampsitePermit,Single Tent,
Graves Island,NS ,1,Full,CampsitePermit,Less than 20ft,
Rissers Beach,NS ,1,Full,CampsitePermit,Less than 30ft,
Valleyview,NS ,3,Full,CampsitePermit,Single Tent,
Caribou Munroes,QC ,2,Full,CampsitePermit,Less than 20ft,
Graves Island,QC ,2,Full,CampsitePermit,Tents,
Smileys,NS ,4,Full,CampsitePermit,Less than 20ft,
Battery,NS ,5,Full,CampsitePermit,Single Tent,
Battery,NS ,4,Full,CampsitePermit,Less than 30ft,
Caribou Munroes,NS ,1,Full,CampsitePermit,Single Tent,
Thomas Raddall,QC ,3,Full,CampsitePermit,Less than 30ft,
Amherst Shore,QC ,2,Full,CampsitePermit,Single Tent,
Rissers Beach,NS ,2,Full,CampsitePermit,Less than 30ft,
Thomas Raddall,NS ,1,Full,CampsitePermit,Single Tent,
Rissers Beach,NS ,2,Senior,CampsitePermit,Single Tent,
Smileys,NS ,4,Full,CampsitePermit,Less than 30ft,
Graves Island,NS ,5,Full,CampsitePermit,Tents,
Laurie,NS ,4,Full,CampsitePermit,Single Tent,
Rissers Beach,NS ,5,Full,CampsitePermit,Single Tent,
Battery,ON ,4,Full,CampsitePermit,Less than 20ft,
Thomas Raddall,NS ,4,Full,CampsitePermit,Single Tent,
Graves Island,NS ,2,Full,CampsitePermit,Less than 20ft,
Graves Island,NS ,3,Full,CampsitePermit,Tents,
Laurie,NS ,4,Full,CampsitePermit,Single Tent,
Mira River,QC ,2,Full,CampsitePermit,Single Tent,
Thomas Raddall,NS ,3,Full,CampsitePermit,Tents,
Rissers Beach,NS ,4,Full,CampsitePermit,Less than 20ft,
Mira River,NS ,2,Full,CampsitePermit,Single Tent,
Blomidon,NS ,3,Full,CampsitePermit,Single Tent,
Battery,NS ,2,Full,CampsitePermit,Single Tent,
Caribou Munroes,NS ,2,Full,CampsitePermit,Less than 20ft,
Battery,ON ,2,Full,CampsitePermit,Single Tent,
Blomidon,NS ,1,Full,CampsitePermit,Single Tent,
Thomas Raddall,NS ,2,Full,CampsitePermit,Single Tent,
Rissers Beach,NS ,3,Full,CampsitePermit,Less than 30ft,
The Islands,NS ,3,Senior,CampsitePermit,Less than 30ft,
Five Islands,NS ,1,Full,CampsitePermit,Less than 20ft,
Dollar Lake,NS ,2,Full,CampsitePermit,Single Tent,
Mira River,ON ,2,Full,CampsitePermit,Single Tent,
Blomidon,QC ,2,Full,CampsitePermit,Single Tent,
Blomidon,NS ,2,Full,CampsitePermit,Less than 30ft,
Dollar Lake,NS ,3,Full,CampsitePermit,Less than 20ft,
Caribou Munroes,NS ,4,Full,CampsitePermit,Tents,
Rissers Beach,NS ,2,Full,CampsitePermit,Less than 30ft,
Graves Island,ON ,2,Full,CampsitePermit,Less than 30ft,
Ellenwood Lake,NS ,4,Full,CampsitePermit,Single Tent,
Whycocomagh,BC ,2,Senior,CampsitePermit,Single Tent,
Dollar Lake,NS ,5,Full,CampsitePermit,Less than 20ft,
Thomas Raddall,NS ,3,Full,CampsitePermit,Less than 20ft,
Graves Island,ON ,2,Full,CampsitePermit,Single Tent,
Caribou Munroes,NS ,3,Full,CampsitePermit,Single Tent,
Mira River,NS ,4,Full,CampsitePermit,Single Tent,
Porters Lake,NS ,2,Full,CampsitePermit,Less than 20ft,
Mira River,NS ,6,Senior,CampsitePermit,Tents,
Graves Island,ON ,2,Full,CampsitePermit,Less than 30ft,
Mira River,ON ,4,Full,CampsitePermit,Less than 20ft,
Whycocomagh,ON ,2,Full,CampsitePermit,Less than 20ft,
Graves Island,NS ,2,Full,CampsitePermit,Single Tent,
Dollar Lake,NS ,4,Full,CampsitePermit,Less than 30ft,
Salsman,NS ,4,Full,CampsitePermit,Less than 20ft,
Ellenwood Lake,QC ,1,Full,CampsitePermit,Single Tent,
Rissers Beach,PE ,2,Full,CampsitePermit,Single Tent,
Amherst Shore,BC ,2,Senior,CampsitePermit,Less than 30ft,
Rissers Beach,NS ,2,Full,CampsitePermit,Less than 20ft,
Porters Lake,QC ,3,Full,CampsitePermit,Single Tent,
Five Islands,NS ,5,Full,CampsitePermit,Tents,
Graves Island,NS ,2,Full,CampsitePermit,Single Tent,
Whycocomagh,QC ,2,Full,CampsitePermit,Less than 30ft,
Caribou Munroes,BC ,2,Senior,CampsitePermit,Less than 30ft,
Salsman,NS ,3,Full,CampsitePermit,Less than 30ft,
Ellenwood Lake,NS ,6,Full,CampsitePermit,Tents,
Graves Island,QC ,2,Senior,CampsitePermit,Less than 40ft,
Thomas Raddall,BC ,2,Senior,CampsitePermit,Single Tent,
Thomas Raddall,NS ,3,Full,CampsitePermit,Tents,
Salsman,NS ,4,Full,CampsitePermit,Single Tent,
Dollar Lake,NS ,3,Full,CampsitePermit,Single Tent,
Blomidon,NS ,2,Full,CampsitePermit,Less than 20ft,
Caribou Munroes,NS ,3,Full,CampsitePermit,Single Tent,
Five Islands,NS ,4,Full,CampsitePermit,Less than 20ft,
Valleyview,NS ,2,Senior,CampsitePermit,Less than 30ft,
Porters Lake,NS ,4,Full,CampsitePermit,Less than 20ft,
Rissers Beach,NS ,2,Full,CampsitePermit,Less than 30ft,
Battery,NS ,1,Senior,CampsitePermit,Single Tent,
Thomas Raddall,NS ,6,Full,CampsitePermit,Less than 30ft,
Laurie,NB ,1,Full,CampsitePermit,Less than 30ft,
Caribou Munroes,NS ,4,Full,CampsitePermit,Less than 30ft,
Rissers Beach,NS ,5,Full,CampsitePermit,Single Tent,
Porters Lake,NS ,6,Full,CampsitePermit,Tents,
Rissers Beach,NS ,3,Full,CampsitePermit,Single Tent,
Blomidon,NS ,2,Full,CampsitePermit,Less than 20ft,
Mira River,NS ,4,Full,CampsitePermit,Single Tent,
Porters Lake,NS ,5,Full,CampsitePermit,Single Tent,
Smileys,NS ,3,Full,CampsitePermit,Less than 20ft,
Cape Chignecto,NS ,4,Full,BackcountryPermit,Single Tent,
Ellenwood Lake,QC ,2,Full,CampsitePermit,Single Tent,
Dollar Lake,NS ,3,Full,CampsitePermit,Single Tent,
Porters Lake,NS ,3,Senior,CampsitePermit,Less than 30ft,
Valleyview,NS ,2,Full,CampsitePermit,Less than 20ft,
Whycocomagh,ON ,4,Full,CampsitePermit,Less than 30ft,
Whycocomagh,NS ,1,Full,CampsitePermit,Single Tent,
Caribou Munroes,ON ,3,Full,CampsitePermit,Single Tent,
Rissers Beach,NS ,2,Full,CampsitePermit,Less than 30ft,
Porters Lake,NS ,4,Full,CampsitePermit,Tents,
Mira River,NS ,3,Full,CampsitePermit,Less than 30ft,
Dollar Lake,NS ,4,Full,CampsitePermit,Tents,
Smileys,NS ,4,Full,CampsitePermit,Single Tent,
Caribou Munroes,NS ,2,Full,CampsitePermit,Single Tent,
Graves Island,NS ,2,Full,CampsitePermit,Single Tent,
Porters Lake,QC ,4,Full,CampsitePermit,Single Tent,
Porters Lake,BC ,2,Senior,CampsitePermit,Less than 20ft,
Dollar Lake,NS ,5,Full,CampsitePermit,Single Tent,
Amherst Shore,QC ,3,Full,CampsitePermit,Single Tent,
Five Islands,NS ,4,Full,CampsitePermit,Single Tent,
Whycocomagh,NL ,1,Full,YurtPermit,Tents,
Rissers Beach,NS ,2,Senior,CampsitePermit,Less than 30ft,
Whycocomagh,NS ,1,Full,YurtPermit,Tents,
Battery,QC ,2,Full,CampsitePermit,Single Tent,
Porters Lake,NS ,5,Full,CampsitePermit,Less than 20ft,
Porters Lake,NS ,2,Full,CampsitePermit,Single Tent,
Graves Island,NS ,2,Full,CampsitePermit,Less than 20ft,
Rissers Beach,NS ,4,Full,CampsitePermit,Single Tent,
Boylston,PE ,1,Full,CampsitePermit,Single Tent,
Smileys,NS ,4,Full,CampsitePermit,Less than 20ft,
Mira River,NB ,6,Full,CampsitePermit,Single Tent,
Ellenwood Lake,NB ,2,Full,CampsitePermit,Single Tent,
Caribou Munroes,ON ,5,Full,CampsitePermit,Tents,
Smileys,NS ,6,Full,CampsitePermit,Single Tent,
The Islands,NS ,2,Full,CampsitePermit,Less than 30ft,
Porters Lake,NS ,2,Full,CampsitePermit,Single Tent,
Caribou Munroes,NS ,2,Full,CampsitePermit,Single Tent,
Rissers Beach,NS ,2,Full,CampsitePermit,Less than 30ft,
Battery,NS ,2,Full,CampsitePermit,Less than 30ft,
Salsman,NS ,4,Full,CampsitePermit,Less than 30ft,
Smileys,NS ,2,Full,CampsitePermit,Less than 20ft,
Boylston,NS ,5,Full,CampsitePermit,Single Tent,
Porters Lake,NS ,2,Full,CampsitePermit,Single Tent,
Amherst Shore,NS ,2,Full,CampsitePermit,Single Tent,
Valleyview,QC ,2,Full,CampsitePermit,Single Tent,
Amherst Shore,QC ,2,Full,CampsitePermit,Less than 30ft,
Dollar Lake,NS ,2,Senior,CampsitePermit,Single Tent,
Amherst Shore,NS ,2,Full,CampsitePermit,Less than 30ft,
Cape Chignecto,NS ,1,Full,BackcountryPermit,Single Tent,
Graves Island,NS ,4,Full,CampsitePermit,Less than 20ft,
Amherst Shore,NS ,2,Full,CampsitePermit,Less than 40ft,
Graves Island,ON ,1,Full,CampsitePermit,Single Tent,
Mira River,NS ,5,Full,CampsitePermit,Tents,
Amherst Shore,ON ,6,Full,CampsitePermit,Single Tent,
Whycocomagh,NS ,2,Full,CampsitePermit,Single Tent,
Blomidon,NS ,3,Full,CampsitePermit,Single Tent,
Blomidon,AB ,1,Full,CampsitePermit,Single Tent,
Caribou Munroes,ON ,2,Full,CampsitePermit,Single Tent,
Graves Island,NS ,2,Full,CampsitePermit,Less than 20ft,
Caribou Munroes,ON ,2,Full,CampsitePermit,Single Tent,
Rissers Beach,NS ,4,Full,CampsitePermit,Tents,
Thomas Raddall,QC ,4,Full,CampsitePermit,Single Tent,
Graves Island,NS ,2,Full,CampsitePermit,Less than 20ft,
Caribou Munroes,NS ,4,Full,CampsitePermit,Single Tent,
Ellenwood Lake,NS ,2,Full,CampsitePermit,Less than 30ft,
Caribou Munroes,NS ,4,Full,CampsitePermit,Single Tent,
Caribou Munroes,NS ,5,Full,CampsitePermit,Less than 20ft,
Ellenwood Lake,NS ,4,Full,CampsitePermit,Less than 30ft,
Dollar Lake,NS ,4,Full,CampsitePermit,Single Tent,
Ellenwood Lake,NS ,4,Full,CampsitePermit,Less than 30ft,
Blomidon,NS ,4,Full,CampsitePermit,Tents,
Rissers Beach,NS ,2,Full,CampsitePermit,Less than 20ft,
Five Islands,NS ,3,Full,CampsitePermit,Single Tent,
Thomas Raddall,NS ,2,Full,CampsitePermit,Less than 20ft,
Laurie,NS ,2,Full,CampsitePermit,Single Tent,
The Islands,NS ,2,Full,CampsitePermit,Less than 20ft,
Graves Island,NS ,2,Full,CampsitePermit,Less than 30ft,
Whycocomagh,ON ,1,Full,CampsitePermit,Less than 20ft,
Blomidon,BC ,2,Full,CampsitePermit,Single Tent,
Smileys,NS ,4,Full,CampsitePermit,Less than 30ft,
The Islands,QC ,2,Full,CampsitePermit,Less than 20ft,
Smileys,NS ,4,Full,CampsitePermit,Less than 30ft,
Porters Lake,NS ,2,Senior,CampsitePermit,Less than 40ft,
Laurie,NS ,4,Veteran,CampsitePermit,Less than 30ft,
Graves Island,ON ,1,Full,CampsitePermit,Single Tent,
Mira River,QC ,2,Full,CampsitePermit,Single Tent,
Blomidon,BC ,2,Full,CampsitePermit,Less than 30ft,
Blomidon,NS ,2,Full,CampsitePermit,Single Tent,
Porters Lake,NS ,4,Full,CampsitePermit,Less than 30ft,
Blomidon,NS ,4,Senior,CampsitePermit,Less than 20ft,
Graves Island,ON ,1,Full,CampsitePermit,Single Tent,
Porters Lake,ON ,6,Senior,CampsitePermit,Less than 20ft,
Mira River,QC ,2,Full,CampsitePermit,Single Tent,
Thomas Raddall,NS ,2,Full,CampsitePermit,Less than 30ft,
Laurie,NS ,1,Full,CampsitePermit,Less than 30ft,
Battery,QC ,3,Full,CampsitePermit,Single Tent,
Laurie,NS ,2,Full,CampsitePermit,Single Tent,
Porters Lake,NS ,2,Full,CampsitePermit,Less than 30ft,
Graves Island,NB ,4,Full,CampsitePermit,Less than 30ft,
Graves Island,PE ,2,Senior,CampsitePermit,Less than 40ft,
Cape Chignecto,NS ,2,Full,BackcountryPermit,Single Tent,
Five Islands,NB ,4,Full,CampsitePermit,Less than 20ft,
Mira River,QC ,2,Full,CampsitePermit,Less than 20ft,
Mira River,NS ,2,Full,CampsitePermit,Single Tent,
Rissers Beach,NS ,3,Full,CampsitePermit,Tents,
Whycocomagh,QC ,2,Full,CampsitePermit,Single Tent,
Mira River,NS ,4,Full,CampsitePermit,Less than 30ft,
Blomidon,NS ,5,Full,CampsitePermit,Tents,
Porters Lake,NS ,2,Full,CampsitePermit,Single Tent,
Amherst Shore,QC ,4,Full,CampsitePermit,Less than 30ft,
Caribou Munroes,NS ,3,Full,CampsitePermit,Single Tent,
Smileys,NS ,6,Full,CampsitePermit,Tents,
Caribou Munroes,NS ,4,Full,CampsitePermit,Tents,
Mira River,NS ,6,Full,CampsitePermit,Single Tent,
Mira River,QC ,2,Full,CampsitePermit,Less than 20ft,
The Islands,ON ,2,Senior,CampsitePermit,Less than 30ft,
Dollar Lake,NS ,3,Full,CampsitePermit,Less than 20ft,
Dollar Lake,NS ,5,Full,CampsitePermit,Tents,
Battery,NB ,2,Senior,CampsitePermit,Single Tent,
Graves Island,NS ,4,Full,CampsitePermit,Less than 30ft,
The Islands,NS ,2,Full,CampsitePermit,Single Tent,
Laurie,NS ,5,Full,CampsitePermit,Less than 40ft,
Rissers Beach,NS ,2,Full,CampsitePermit,Less than 30ft,
Rissers Beach,NS ,4,Full,CampsitePermit,Less than 20ft,
Blomidon,NS ,1,Full,CampsitePermit,Single Tent,
Rissers Beach,NS ,6,Full,CampsitePermit,Single Tent,
Mira River,NS ,2,Full,CampsitePermit,Less than 20ft,
Rissers Beach,NS ,2,Full,CampsitePermit,Single Tent,
The Islands,QC ,2,Full,CampsitePermit,Less than 20ft,
Dollar Lake,NS ,4,Full,CampsitePermit,Single Tent,
Mira River,QC ,2,Full,CampsitePermit,Single Tent,
Amherst Shore,ON ,4,Full,CampsitePermit,Less than 20ft,
Amherst Shore,NS ,1,Full,CampsitePermit,Single Tent,
Five Islands,ON ,2,Veteran,CampsitePermit,Less than 20ft,
Graves Island,NS ,1,Full,CampsitePermit,Single Tent,
Valleyview,NS ,4,Full,CampsitePermit,Less than 20ft,
Dollar Lake,NS ,2,Full,CampsitePermit,Single Tent,
Mira River,NS ,2,Full,CampsitePermit,Single Tent,
Blomidon,NS ,2,Senior,CampsitePermit,Single Tent,
Blomidon,NS ,1,Full,CampsitePermit,Single Tent,
Graves Island,PE ,3,Full,CampsitePermit,Tents,
Rissers Beach,NS ,3,Full,CampsitePermit,Less than 30ft,
Rissers Beach,NS ,3,Full,CampsitePermit,Single Tent,
Porters Lake,NS ,2,Full,CampsitePermit,Single Tent,
Amherst Shore,QC ,1,Full,CampsitePermit,Single Tent,
Battery,ON ,2,Full,CampsitePermit,Single Tent,
Porters Lake,NS ,1,Full,CampsitePermit,Single Tent,
Smileys,NS ,5,Full,CampsitePermit,Less than 30ft,
Graves Island,NS ,4,Full,CampsitePermit,Less than 40ft,
Smileys,NS ,4,Full,CampsitePermit,Less than 20ft,
Rissers Beach,NS ,4,Full,CampsitePermit,Less than 40ft,
Caribou Munroes,NS ,4,Full,CampsitePermit,Single Tent,
Graves Island,QC ,2,Full,CampsitePermit,Less than 20ft,
Dollar Lake,NS ,4,Full,CampsitePermit,Less than 20ft,
Mira River,NS ,2,Full,CampsitePermit,Single Tent,
Five Islands,QC ,2,Full,CampsitePermit,Less than 20ft,
Rissers Beach,NS ,2,Full,CampsitePermit,Less than 20ft,
Valleyview,NL ,2,Full,CampsitePermit,Single Tent,
Mira River,NS ,4,Full,CampsitePermit,Less than 30ft,
Blomidon,NS ,2,Full,CampsitePermit,Single Tent,
Blomidon,ON ,2,Full,CampsitePermit,Single Tent,
Porters Lake,QC ,2,Full,CampsitePermit,Single Tent,
Blomidon,BC ,2,Senior,CampsitePermit,Single Tent,
Graves Island,NS ,3,Full,CampsitePermit,Single Tent,
Rissers Beach,NS ,3,Full,CampsitePermit,Less than 20ft,
Smileys,NS ,4,Full,CampsitePermit,Less than 40ft,
Valleyview,NS ,5,Full,CampsitePermit,Single Tent,
Rissers Beach,NS ,2,Full,CampsitePermit,Less than 20ft,
Valleyview,NS ,1,Full,CampsitePermit,Single Tent,
Thomas Raddall,NS ,3,Veteran,CampsitePermit,Single Tent,
Caribou Munroes,NS ,4,Full,CampsitePermit,Less than 30ft,
Cape Chignecto,NB ,1,Full,BackcountryPermit,Single Tent,
Amherst Shore,ON ,2,Senior,CampsitePermit,Single Tent,
Porters Lake,NS ,2,Full,CampsitePermit,Single Tent,
Five Islands,NS ,4,Full,CampsitePermit,Single Tent,
Caribou Munroes,NS ,4,Full,CampsitePermit,Less than 30ft,
Blomidon,NB ,1,Full,CampsitePermit,Single Tent,
Graves Island,ON ,2,Full,CampsitePermit,Less than 20ft,
Rissers Beach,NS ,4,Full,CampsitePermit,Less than 20ft,
Rissers Beach,NS ,4,Full,CampsitePermit,Less than 20ft,
Porters Lake,NS ,1,Veteran,CampsitePermit,Less than 20ft,
Rissers Beach,NS ,4,Full,CampsitePermit,Single Tent,
Mira River,BC ,2,Senior,CampsitePermit,Less than 30ft,
Rissers Beach,NS ,4,Full,CampsitePermit,Less than 20ft,
Five Islands,NS ,2,Full,CampsitePermit,Less than 20ft,
Rissers Beach,NS ,2,Full,CampsitePermit,Single Tent,
Rissers Beach,NS ,4,Full,CampsitePermit,Less than 20ft,
Valleyview,NS ,2,Full,CampsitePermit,Single Tent,
Mira River,NS ,2,Full,CampsitePermit,Less than 20ft,
Graves Island,NS ,4,Full,CampsitePermit,Single Tent,
Graves Island,NS ,2,Full,CampsitePermit,Single Tent,
Dollar Lake,NS ,2,Full,CampsitePermit,Single Tent,
Battery,ON ,2,Full,CampsitePermit,Less than 20ft,
Rissers Beach,NS ,3,Full,CampsitePermit,Less than 20ft,
Porters Lake,AB ,3,Full,CampsitePermit,Less than 30ft,
Dollar Lake,NS ,2,Full,CampsitePermit,Single Tent,
Rissers Beach,NS ,2,Full,CampsitePermit,Less than 30ft,
Caribou Munroes,ON ,2,Senior,CampsitePermit,Single Tent,
Ellenwood Lake,NS ,3,Full,CampsitePermit,Less than 20ft,
Laurie,NS ,6,Full,CampsitePermit,Tents,
Ellenwood Lake,NS ,2,Full,CampsitePermit,Single Tent,
Mira River,NS ,3,Full,CampsitePermit,Less than 30ft,
Graves Island,NS ,1,Full,CampsitePermit,Single Tent,
Porters Lake,NS ,2,Senior,CampsitePermit,Less than 20ft,
Mira River,NS ,2,Full,CampsitePermit,Single Tent,
Amherst Shore,AB ,2,Senior,CampsitePermit,Single Tent,
Dollar Lake,NS ,2,Full,CampsitePermit,Less than 20ft,
Rissers Beach,NS ,2,Full,CampsitePermit,Less than 30ft,
Dollar Lake,NS ,4,Full,CampsitePermit,Tents,
Laurie,NS ,2,Senior,CampsitePermit,Less than 30ft,
Graves Island,NS ,6,Full,CampsitePermit,Less than 40ft,
Ellenwood Lake,QC ,2,Senior,CampsitePermit,Less than 30ft,
Dollar Lake,NS ,2,Full,CampsitePermit,Tents,
Laurie,NS ,6,Full,CampsitePermit,Tents,
Dollar Lake,NS ,4,Full,CampsitePermit,Less than 30ft,
Thomas Raddall,NS ,5,Full,CampsitePermit,Tents,
Amherst Shore,NS ,4,Full,CampsitePermit,Less than 20ft,
Mira River,NS ,7,Full,CampsitePermit,Single Tent,
Amherst Shore,NS ,5,Full,CampsitePermit,Single Tent,
Whycocomagh,ON ,2,Full,CampsitePermit,Single Tent,
Rissers Beach,NB ,3,Full,CampsitePermit,Single Tent,
Thomas Raddall,NS ,4,Full,CampsitePermit,Tents,
Battery,ON ,2,Full,CampsitePermit,Single Tent,
Rissers Beach,NS ,2,Full,CampsitePermit,Less than 20ft,
Amherst Shore,NS ,2,Full,CampsitePermit,Single Tent,
Blomidon,NS ,2,Senior,CampsitePermit,Less than 30ft,
Smileys,NS ,6,Senior,CampsitePermit,Tents,
Graves Island,NS ,2,Full,CampsitePermit,Less than 20ft,
Graves Island,NS ,1,Host,CampsitePermit,Single Tent,
Cape Chignecto,NB ,2,Full,BackcountryPermit,Single Tent,
The Islands,ON ,2,Full,CampsitePermit,Single Tent,
Mira River,NS ,2,Full,CampsitePermit,Less than 30ft,
Caribou Munroes,NS ,5,Full,CampsitePermit,Tents,
Graves Island,NS ,2,Full,CampsitePermit,Less than 30ft,
Thomas Raddall,NS ,4,Full,CampsitePermit,Single Tent,
Valleyview,NS ,4,Full,CampsitePermit,Single Tent,
Graves Island,NS ,2,Full,CampsitePermit,Single Tent,
Caribou Munroes,NS ,2,Full,CampsitePermit,Less than 20ft,
Caribou Munroes,NS ,5,Full,CampsitePermit,Tents,
Blomidon,NS ,2,Full,CampsitePermit,Single Tent,
Rissers Beach,NS ,4,Full,CampsitePermit,Less than 20ft,
Porters Lake,NS ,1,Full,CampsitePermit,Single Tent,
Graves Island,NS ,2,Full,CampsitePermit,Less than 30ft,
Graves Island,NS ,4,Full,CampsitePermit,Less than 30ft,
Dollar Lake,NS ,2,Full,CampsitePermit,Single Tent,
Graves Island,NS ,3,Full,CampsitePermit,Less than 40ft,
Dollar Lake,NS ,2,Full,CampsitePermit,Single Tent,
Porters Lake,NS ,6,Full,CampsitePermit,Tents,
Dollar Lake,NS ,2,Full,CampsitePermit,Less than 30ft,
Graves Island,NS ,2,Full,CampsitePermit,Less than 30ft,
Laurie,NS ,2,Full,CampsitePermit,Single Tent,
Ellenwood Lake,NS ,2,Full,CampsitePermit,Less than 20ft,
Blomidon,NS ,2,Full,CampsitePermit,Single Tent,
Laurie,NS ,2,Full,CampsitePermit,Less than 20ft,
Caribou Munroes,QC ,3,Full,CampsitePermit,Single Tent,
Five Islands,ON ,2,Full,CampsitePermit,Less than 20ft,
Blomidon,NS ,4,Full,CampsitePermit,Single Tent,
Graves Island,QC ,2,Full,CampsitePermit,Single Tent,
Caribou Munroes,NS ,2,Senior,CampsitePermit,Less than 30ft,
Battery,NS ,2,Senior,CampsitePermit,Less than 20ft,
Smileys,NS ,2,Full,CampsitePermit,Tents,
Rissers Beach,AB ,2,Full,CampsitePermit,Single Tent,
Porters Lake,NS ,2,Full,CampsitePermit,Single Tent,
The Islands,NS ,3,Full,CampsitePermit,Less than 20ft,
Smileys,NS ,4,Full,CampsitePermit,Less than 30ft,
Battery,NS ,1,Senior,CampsitePermit,Less than 20ft,
Whycocomagh,NS ,4,Full,CampsitePermit,Less than 20ft,
Amherst Shore,ON ,2,Senior,CampsitePermit,Less than 20ft,
Valleyview,NS ,1,Senior,CampsitePermit,Single Tent,
Caribou Munroes,QC ,2,Senior,CampsitePermit,Less than 30ft,
Dollar Lake,NS ,5,Full,CampsitePermit,Single Tent,
The Islands,NS ,5,Full,CampsitePermit,Tents,
Caribou Munroes,NS ,4,Full,CampsitePermit,Less than 20ft,
Blomidon,NS ,2,Full,CampsitePermit,Single Tent,
Thomas Raddall,NS ,3,Full,CampsitePermit,Single Tent,
Caribou Munroes,NS ,2,Full,CampsitePermit,Less than 30ft,
Smileys,NS ,3,Senior,CampsitePermit,Single Tent,
Dollar Lake,NS ,2,Full,CampsitePermit,Single Tent,
Five Islands,QC ,5,Full,CampsitePermit,Single Tent,
Dollar Lake,NS ,2,Full,CampsitePermit,Single Tent,
Caribou Munroes,BC ,2,Senior,CampsitePermit,Single Tent,
Dollar Lake,NS ,5,Full,CampsitePermit,Tents,
Graves Island,ON ,2,Full,CampsitePermit,Single Tent,
Mira River,NS ,5,Full,CampsitePermit,Less than 30ft,
Porters Lake,BC ,4,Senior,CampsitePermit,Less than 30ft,
Mira River,NS ,4,Full,CampsitePermit,Single Tent,
Cape Chignecto,NS ,2,Full,BackcountryPermit,Single Tent,
The Islands,NS ,2,Full,CampsitePermit,Less than 20ft,
Rissers Beach,NS ,4,Full,CampsitePermit,Single Tent,
Thomas Raddall,NS ,4,Full,CampsitePermit,Less than 20ft,
Rissers Beach,QC ,2,Full,CampsitePermit,Single Tent,
Graves Island,NS ,1,Full,CampsitePermit,Less than 20ft,
Battery,NS ,2,Full,CampsitePermit,Less than 30ft,
Blomidon,NS ,4,Full,CampsitePermit,Single Tent,
Caribou Munroes,ON ,5,Full,CampsitePermit,Single Tent,
Five Islands,NS ,4,Full,CampsitePermit,Less than 20ft,
Salsman,AB ,2,Senior,CampsitePermit,Less than 30ft,
Cape Chignecto,ON ,1,Full,BackcountryPermit,Single Tent,
Graves Island,BC ,6,Full,CampsitePermit,Tents,
Blomidon,NS ,4,Full,CampsitePermit,Single Tent,
Dollar Lake,NS ,3,Full,CampsitePermit,Single Tent,
Rissers Beach,NS ,2,Full,CampsitePermit,Less than 20ft,
Laurie,NS ,4,Full,CampsitePermit,Tents,
Thomas Raddall,NS ,2,Full,CampsitePermit,Single Tent,
Dollar Lake,NS ,5,Full,CampsitePermit,Less than 20ft,
Laurie,NS ,4,Full,CampsitePermit,Less than 20ft,
Valleyview,AB ,2,Senior,CampsitePermit,Single Tent,
Mira River,NS ,2,Full,CampsitePermit,Less than 20ft,
Graves Island,NS ,2,Senior,CampsitePermit,Less than 30ft,
Porters Lake,ON ,2,Senior,CampsitePermit,Less than 40ft,
Mira River,NS ,2,Full,CampsitePermit,Less than 40ft,
Thomas Raddall,ON ,3,Full,CampsitePermit,Single Tent,
Porters Lake,ON ,3,Veteran,CampsitePermit,Tents,
Porters Lake,NS ,2,Senior,CampsitePermit,Less than 20ft,
Porters Lake,NS ,1,Full,CampsitePermit,Single Tent,
Salsman,NS ,2,Full,CampsitePermit,Less than 30ft,
Blomidon,BC ,1,Full,CampsitePermit,Single Tent,
Battery,NS ,2,Full,CampsitePermit,Less than 30ft,
Amherst Shore,NS ,1,Host,CampsitePermit,Less than 20ft,
Mira River,NS ,3,Full,CampsitePermit,Less than 40ft,
Salsman,ON ,2,Full,CampsitePermit,Less than 40ft,
Mira River,NS ,4,Full,CampsitePermit,Less than 30ft,
Ellenwood Lake,NS ,2,Full,CampsitePermit,Less than 20ft,
Mira River,NS ,4,Full,CampsitePermit,Single Tent,
Amherst Shore,NS ,2,Full,CampsitePermit,Single Tent,
Graves Island,ON ,2,Senior,CampsitePermit,Less than 40ft,
Amherst Shore,NS ,5,Full,CampsitePermit,Tents,
Ellenwood Lake,BC ,1,Full,CampsitePermit,Single Tent,
Amherst Shore,NB ,3,Full,CampsitePermit,Single Tent,
Whycocomagh,NS ,1,Full,CampsitePermit,Single Tent,
Mira River,NS ,5,Full,CampsitePermit,Less than 20ft,
Battery,NS ,4,Full,CampsitePermit,Less than 30ft,
Mira River,NS ,2,Full,CampsitePermit,Single Tent,
Battery,NS ,3,Full,CampsitePermit,Single Tent,
Mira River,NS ,4,Full,CampsitePermit,Single Tent,
Five Islands,ON ,4,Senior,CampsitePermit,Single Tent,
Porters Lake,NS ,2,Full,CampsitePermit,Less than 40ft,
Dollar Lake,NS ,6,Full,CampsitePermit,Tents,
Porters Lake,NS ,5,Full,CampsitePermit,Less than 30ft,
Blomidon,NS ,4,Full,CampsitePermit,Less than 40ft,
Rissers Beach,NS ,4,Full,CampsitePermit,Single Tent,
Porters Lake,ON ,2,Full,CampsitePermit,Tents,
Cape Chignecto,NS ,4,Full,BackcountryPermit,Single Tent,
Smileys,SK ,3,Full,CampsitePermit,Less than 30ft,
Laurie,ON ,2,Full,CampsitePermit,Less than 20ft,
Caribou Munroes,ON ,3,Full,CampsitePermit,Single Tent,
The Islands,NS ,2,Full,CampsitePermit,Single Tent,
Porters Lake,NS ,2,Full,CampsitePermit,Single Tent,
Blomidon,NS ,2,Full,CampsitePermit,Single Tent,
Thomas Raddall,QC ,1,Full,CampsitePermit,Single Tent,
Porters Lake,NS ,2,Full,CampsitePermit,Single Tent,
Cape Chignecto,NB ,2,Full,BackcountryPermit,Single Tent,
Blomidon,NS ,1,Full,CampsitePermit,Single Tent,
Cape Chignecto,NS ,4,Full,BackcountryPermit,Single Tent,
Smileys,NS ,4,Full,CampsitePermit,Less than 30ft,
Laurie,BC ,5,Full,CampsitePermit,Tents,
Battery,NS ,1,Senior,CampsitePermit,Single Tent,
Rissers Beach,NS ,3,Full,CampsitePermit,Single Tent,
The Islands,NS ,4,Full,CampsitePermit,Tents,
Mira River,NS ,4,Full,CampsitePermit,Less than 20ft,
Blomidon,ON ,2,Full,CampsitePermit,Single Tent,
Laurie,NS ,4,Full,CampsitePermit,Single Tent,
Five Islands,NS ,2,Full,CampsitePermit,Single Tent,
The Islands,NS ,2,Senior,CampsitePermit,Less than 20ft,
Dollar Lake,NS ,6,Full,CampsitePermit,Tents,
Mira River,NS ,2,Full,CampsitePermit,Less than 30ft,
Blomidon,NS ,2,Full,CampsitePermit,Single Tent,
Ellenwood Lake,NS ,5,Full,CampsitePermit,Single Tent,
Dollar Lake,NS ,2,Full,CampsitePermit,Tents,
Smileys,QC ,2,Senior,CampsitePermit,Single Tent,
Porters Lake,NS ,2,Full,CampsitePermit,Single Tent,
Caribou Munroes,AB ,2,Senior,CampsitePermit,Single Tent,
Amherst Shore,NS ,4,Full,CampsitePermit,Less than 20ft,
Graves Island,AB ,2,Full,CampsitePermit,Less than 30ft,
Rissers Beach,NS ,2,Full,CampsitePermit,Single Tent,
Porters Lake,NS ,5,Full,CampsitePermit,Less than 20ft,
Salsman,NS ,6,Full,CampsitePermit,Tents,
Caribou Munroes,NS ,2,Senior,CampsitePermit,Less than 20ft,
Mira River,NS ,5,Full,CampsitePermit,Less than 20ft,
Mira River,NS ,3,Full,CampsitePermit,Less than 30ft,
Amherst Shore,NB ,1,Senior,CampsitePermit,Less than 30ft,
Rissers Beach,NS ,2,Full,CampsitePermit,Single Tent,
Battery,NS ,2,Senior,CampsitePermit,Less than 30ft,
Ellenwood Lake,QC ,2,Full,CampsitePermit,Single Tent,
Caribou Munroes,NS ,3,Full,CampsitePermit,Less than 20ft,
Battery,NS ,1,Full,CampsitePermit,Single Tent,
Ellenwood Lake,NS ,2,Senior,CampsitePermit,Less than 30ft,
Laurie,NS ,5,Full,CampsitePermit,Single Tent,
Graves Island,NS ,2,Senior,CampsitePermit,Less than 20ft,
Rissers Beach,NS ,3,Full,CampsitePermit,Less than 30ft,
Valleyview,NS ,2,Senior,CampsitePermit,Less than 40ft,
Thomas Raddall,NS ,2,Full,CampsitePermit,Single Tent,
Caribou Munroes,NS ,4,Full,CampsitePermit,Single Tent,
Caribou Munroes,ON ,1,Full,CampsitePermit,Single Tent,
Mira River,NS ,2,Full,CampsitePermit,Less than 30ft,
Mira River,ON ,5,Full,CampsitePermit,Tents,
Mira River,ON ,2,Full,CampsitePermit,Single Tent,
Caribou Munroes,ON ,2,Full,CampsitePermit,Single Tent,
Graves Island,NS ,2,Senior,CampsitePermit,Single Tent,
Caribou Munroes,NS ,3,Full,CampsitePermit,Single Tent,
Rissers Beach,NS ,5,Full,CampsitePermit,Less than 30ft,
Blomidon,NS ,2,Full,CampsitePermit,Single Tent,
Graves Island,NS ,1,Senior,CampsitePermit,Single Tent,
Porters Lake,QC ,2,Full,CampsitePermit,Single Tent,
Five Islands,NS ,2,Full,CampsitePermit,Single Tent,
Blomidon,ON ,2,Senior,CampsitePermit,Single Tent,
Caribou Munroes,BC ,2,Full,CampsitePermit,Single Tent,
Laurie,NS ,1,Full,CampsitePermit,Single Tent,
Mira River,QC ,2,Senior,CampsitePermit,Less than 20ft,
Smileys,NS ,1,Full,CampsitePermit,Single Tent,
Mira River,NS ,2,Full,CampsitePermit,Less than 20ft,
Rissers Beach,NS ,5,Senior,CampsitePermit,Less than 30ft,
Amherst Shore,NS ,1,Full,CampsitePermit,Single Tent,
Thomas Raddall,NS ,2,Full,CampsitePermit,Less than 20ft,
Graves Island,NS ,2,Full,CampsitePermit,Less than 20ft,
Battery,NS ,2,Senior,CampsitePermit,Single Tent,
Porters Lake,NS ,2,Full,CampsitePermit,Less than 20ft,
Thomas Raddall,NS ,5,Full,CampsitePermit,Tents,
Battery,QC ,1,Full,CampsitePermit,Single Tent,
Porters Lake,NS ,2,Veteran,CampsitePermit,Single Tent,
Smileys,NS ,6,Full,CampsitePermit,Single Tent,
Rissers Beach,NS ,2,Senior,CampsitePermit,Less than 30ft,
Mira River,NS ,2,Full,CampsitePermit,Less than 20ft,
Five Islands,NB ,2,Full,CampsitePermit,Single Tent,
Graves Island,NS ,4,Full,CampsitePermit,Tents,
Rissers Beach,NS ,2,Full,CampsitePermit,Single Tent,
Thomas Raddall,ON ,3,Full,CampsitePermit,Tents,
Dollar Lake,NS ,6,Full,CampsitePermit,Single Tent,
Caribou Munroes,NS ,2,Full,CampsitePermit,Single Tent,
Thomas Raddall,NB ,2,Full,CampsitePermit,Single Tent,
Dollar Lake,NS ,2,Full,CampsitePermit,Single Tent,
Caribou Munroes,ON ,1,Full,CampsitePermit,Single Tent,
Blomidon,AB ,2,Full,CampsitePermit,Single Tent,
Blomidon,NS ,2,Full,CampsitePermit,Single Tent,
Rissers Beach,NS ,4,Full,CampsitePermit,Less than 30ft,
Five Islands,NS ,4,Full,CampsitePermit,Single Tent,
Graves Island,NS ,4,Full,CampsitePermit,Less than 30ft,
Dollar Lake,NS ,2,Senior,CampsitePermit,Less than 20ft,
Thomas Raddall,NS ,2,Full,CampsitePermit,Single Tent,
Thomas Raddall,NS ,4,Full,CampsitePermit,Less than 20ft,
Mira River,NS ,3,Full,CampsitePermit,Single Tent,
Thomas Raddall,NS ,5,Full,CampsitePermit,Less than 20ft,
Mira River,NS ,4,Full,CampsitePermit,Single Tent,
Mira River,NS ,2,Full,CampsitePermit,Single Tent,
Blomidon,BC ,1,Full,CampsitePermit,Single Tent,
The Islands,ON ,2,Full,CampsitePermit,Single Tent,
Whycocomagh,ON ,2,Full,CampsitePermit,Single Tent,
Dollar Lake,NS ,5,Full,CampsitePermit,Single Tent,
Blomidon,ON ,1,Full,CampsitePermit,Single Tent,
Graves Island,NS ,2,Full,CampsitePermit,Single Tent,
Rissers Beach,NS ,4,Full,CampsitePermit,Single Tent,
Cape Chignecto,NB ,2,Full,BackcountryPermit,Single Tent,
Graves Island,NS ,2,Full,CampsitePermit,Less than 40ft,
The Islands,ON ,2,Senior,CampsitePermit,Less than 40ft,
Graves Island,QC ,3,Full,CampsitePermit,Tents,
Cape Chignecto,NS ,2,Full,BackcountryPermit,Single Tent,
Porters Lake,NS ,2,Full,CampsitePermit,Tents,
Battery,ON ,2,Full,CampsitePermit,Single Tent,
Whycocomagh,NS ,2,Senior,CampsitePermit,Less than 30ft,
Rissers Beach,NS ,4,Full,CampsitePermit,Single Tent,
Caribou Munroes,NS ,2,Senior,CampsitePermit,Less than 20ft,
Smileys,NS ,4,Full,CampsitePermit,Less than 30ft,
Ellenwood Lake,NS ,6,Full,CampsitePermit,Single Tent,
Thomas Raddall,NS ,6,Full,CampsitePermit,Tents,
Battery,NS ,3,Full,CampsitePermit,Less than 20ft,
Porters Lake,NS ,2,Senior,CampsitePermit,Single Tent,
Blomidon,NS ,1,Full,CampsitePermit,Single Tent,
Graves Island,NS ,2,Full,CampsitePermit,Single Tent,
Rissers Beach,NS ,2,Full,CampsitePermit,Single Tent,
Rissers Beach,NS ,2,Full,CampsitePermit,Less than 40ft,
Dollar Lake,NS ,4,Full,CampsitePermit,Single Tent,
Caribou Munroes,NS ,5,Veteran,CampsitePermit,Single Tent,
Laurie,NS ,3,Full,CampsitePermit,Less than 20ft,
Rissers Beach,NS ,6,Full,CampsitePermit,Tents,
Whycocomagh,SK ,5,Full,CampsitePermit,Less than 30ft,
Laurie,NS ,2,Full,CampsitePermit,Less than 30ft,
Rissers Beach,NS ,6,Full,CampsitePermit,Tents,
Caribou Munroes,ON ,2,Full,CampsitePermit,Single Tent,
Graves Island,NS ,4,Full,CampsitePermit,Less than 40ft,
Thomas Raddall,NS ,3,Full,CampsitePermit,Single Tent,
Graves Island,NS ,2,Full,CampsitePermit,Less than 30ft,
Dollar Lake,NS ,4,Full,CampsitePermit,Greater than 40ft,
Porters Lake,ON ,2,Full,CampsitePermit,Less than 40ft,
Mira River,NS ,2,Senior,CampsitePermit,Less than 30ft,
Blomidon,QC ,2,Full,CampsitePermit,Less than 30ft,
Dollar Lake,NS ,4,Full,CampsitePermit,Tents,
Dollar Lake,PE ,5,Full,CampsitePermit,Less than 20ft,
Caribou Munroes,NS ,2,Full,CampsitePermit,Single Tent,
Porters Lake,NS ,2,Full,CampsitePermit,Tents,
Rissers Beach,NS ,1,Full,CampsitePermit,Less than 20ft,
Valleyview,NS ,4,Full,CampsitePermit,Single Tent,
Five Islands,QC ,4,Full,CampsitePermit,Single Tent,
Thomas Raddall,NS ,5,Full,CampsitePermit,Single Tent,
The Islands,NS ,2,Full,CampsitePermit,Less than 30ft,
Rissers Beach,NS ,4,Full,CampsitePermit,Single Tent,
Rissers Beach,NS ,4,Full,CampsitePermit,Tents,
Mira River,NS ,4,Full,CampsitePermit,Less than 30ft,
Dollar Lake,NS ,2,Full,CampsitePermit,Single Tent,
Valleyview,NS ,2,Senior,CampsitePermit,Less than 40ft,
Porters Lake,NS ,2,Full,CampsitePermit,Less than 20ft,
Thomas Raddall,NS ,1,Full,CampsitePermit,Single Tent,
Five Islands,BC ,2,Full,CampsitePermit,Single Tent,
Graves Island,NS ,4,Full,CampsitePermit,Tents,
The Islands,NS ,6,Full,CampsitePermit,Tents,
Mira River,NS ,5,Full,CampsitePermit,Tents,
Laurie,NS ,4,Full,CampsitePermit,Less than 20ft,
Graves Island,NS ,5,Full,CampsitePermit,Less than 30ft,
Dollar Lake,NS ,3,Full,CampsitePermit,Single Tent,
Laurie,NS ,6,Full,CampsitePermit,Tents,
Blomidon,NS ,3,Full,CampsitePermit,Single Tent,
Amherst Shore,ON ,5,Senior,CampsitePermit,Less than 30ft,
Graves Island,NB ,2,Full,CampsitePermit,Single Tent,
Dollar Lake,NS ,3,Full,CampsitePermit,Less than 30ft,
Rissers Beach,QC ,2,Full,CampsitePermit,Single Tent,
Graves Island,NS ,2,Full,CampsitePermit,Less than 40ft,
Whycocomagh,NS ,2,Senior,CampsitePermit,Less than 30ft,
Smileys,NS ,4,Full,CampsitePermit,Less than 40ft,
Caribou Munroes,YT ,2,Full,CampsitePermit,Single Tent,
Rissers Beach,NS ,4,Full,CampsitePermit,Less than 20ft,
Laurie,ON ,3,Full,CampsitePermit,Less than 30ft,
Caribou Munroes,BC ,2,Full,CampsitePermit,Single Tent,
Blomidon,NS ,2,Full,CampsitePermit,Single Tent,
Mira River,NS ,4,Full,CampsitePermit,Tents,
Battery,NS ,2,Full,CampsitePermit,Less than 20ft,
Mira River,NS ,2,Full,CampsitePermit,Less than 30ft,
Whycocomagh,ON ,2,Full,YurtPermit,Tents,
Amherst Shore,NS ,4,Full,CampsitePermit,Tents,
Graves Island,NS ,4,Full,CampsitePermit,Single Tent,
Salsman,NS ,4,Full,CampsitePermit,Single Tent,
Smileys,NS ,3,Full,CampsitePermit,Tents,
Graves Island,QC ,1,Full,CampsitePermit,Single Tent,
Porters Lake,NS ,6,Full,CampsitePermit,Tents,
The Islands,NS ,3,Full,CampsitePermit,Less than 20ft,
Dollar Lake,NS ,4,Full,CampsitePermit,Single Tent,
Porters Lake,NS ,5,Full,CampsitePermit,Less than 30ft,
Five Islands,NS ,2,Full,CampsitePermit,Less than 20ft,
Rissers Beach,NS ,2,Full,CampsitePermit,Less than 40ft,
Rissers Beach,NS ,2,Senior,CampsitePermit,Less than 20ft,
Caribou Munroes,SK ,4,Full,CampsitePermit,Less than 20ft,
Mira River,NS ,2,Full,CampsitePermit,Less than 40ft,
Rissers Beach,ON ,2,Full,CampsitePermit,Single Tent,
Laurie,QC ,2,Senior,CampsitePermit,Single Tent,
Thomas Raddall,NS ,4,Full,CampsitePermit,Less than 20ft,
Dollar Lake,NS ,2,Full,CampsitePermit,Single Tent,
Thomas Raddall,NS ,4,Full,CampsitePermit,Single Tent,
Rissers Beach,NS ,4,Full,CampsitePermit,Less than 20ft,
Rissers Beach,NS ,2,Full,CampsitePermit,Less than 30ft,
Blomidon,QC ,2,Full,CampsitePermit,Single Tent,
Thomas Raddall,NS ,2,Full,CampsitePermit,Single Tent,
Battery,ON ,2,Full,CampsitePermit,Single Tent,
Whycocomagh,NS ,2,Senior,CampsitePermit,Less than 40ft,
Rissers Beach,NS ,2,Full,CampsitePermit,Less than 30ft,
The Islands,NS ,2,Full,CampsitePermit,Single Tent,
Battery,NS ,2,Senior,CampsitePermit,Single Tent,
Graves Island,NS ,2,Full,CampsitePermit,Single Tent,
Rissers Beach,NS ,2,Full,CampsitePermit,Less than 20ft,
Amherst Shore,NS ,5,Full,CampsitePermit,Tents,
Thomas Raddall,NS ,2,Full,CampsitePermit,Tents,
Graves Island,NS ,2,Full,CampsitePermit,Less than 30ft,
Graves Island,NS ,1,Full,CampsitePermit,Single Tent,
Caribou Munroes,QC ,2,Senior,CampsitePermit,Single Tent,
Caribou Munroes,NS ,4,Full,CampsitePermit,Single Tent,
Porters Lake,NS ,6,Full,CampsitePermit,Tents,
Rissers Beach,NS ,4,Full,CampsitePermit,Less than 30ft,
Smileys,NS ,2,Full,CampsitePermit,Tents,
Five Islands,NS ,1,Full,CampsitePermit,Single Tent,
Five Islands,NS ,2,Full,CampsitePermit,Less than 20ft,
Smileys,NS ,2,Full,CampsitePermit,Less than 30ft,
Graves Island,ON ,3,Full,CampsitePermit,Tents,
Battery,QC ,2,Full,CampsitePermit,Single Tent,
Blomidon,ON ,3,Full,CampsitePermit,Less than 30ft,
Caribou Munroes,ON ,4,Full,CampsitePermit,Single Tent,
Cape Chignecto,NB ,2,Full,BackcountryPermit,Single Tent,
Laurie,NS ,2,Full,CampsitePermit,Single Tent,
Graves Island,NS ,1,Full,CampsitePermit,Less than 20ft,
Mira River,NS ,4,Full,CampsitePermit,Less than 30ft,
Mira River,QC ,4,Full,CampsitePermit,Greater than 40ft,
Caribou Munroes,NS ,2,Senior,CampsitePermit,Less than 30ft,
Blomidon,NS ,2,Full,CampsitePermit,Less than 20ft,
Rissers Beach,NS ,2,Full,CampsitePermit,Less than 20ft,
Ellenwood Lake,NS ,5,Full,CampsitePermit,Tents,
Amherst Shore,ON ,2,Senior,CampsitePermit,Single Tent,
Blomidon,QC ,2,Full,CampsitePermit,Single Tent,
Laurie,NS ,2,Full,CampsitePermit,Less than 30ft,
Cape Chignecto,NS ,2,Full,BackcountryPermit,Single Tent,
The Islands,QC ,2,Senior,CampsitePermit,Less than 30ft,
Smileys,NS ,4,Full,CampsitePermit,Tents,
Caribou Munroes,NS ,2,Senior,CampsitePermit,Less than 20ft,
Valleyview,NB ,2,Full,CampsitePermit,Single Tent,
Dollar Lake,NS ,4,Full,CampsitePermit,Less than 20ft,
Caribou Munroes,ON ,2,Full,CampsitePermit,Single Tent,
Graves Island,NS ,2,Senior,CampsitePermit,Less than 30ft,
Graves Island,NS ,5,Full,CampsitePermit,Less than 40ft,
Blomidon,NS ,2,Full,CampsitePermit,Single Tent,
Laurie,ON ,2,Full,CampsitePermit,Single Tent,
Dollar Lake,NS ,2,Senior,CampsitePermit,Less than 20ft,
Rissers Beach,NS ,2,Full,CampsitePermit,Less than 30ft,
Amherst Shore,NS ,1,Full,CampsitePermit,Single Tent,
Graves Island,NS ,2,Senior,CampsitePermit,Less than 30ft,
Caribou Munroes,NS ,4,Full,CampsitePermit,Less than 20ft,
Graves Island,NS ,2,Full,CampsitePermit,Less than 40ft,
Rissers Beach,NS ,4,Full,CampsitePermit,Less than 20ft,
Porters Lake,NS ,2,Full,CampsitePermit,Less than 30ft,
Blomidon,NS ,2,Full,CampsitePermit,Less than 20ft,
Mira River,AB ,2,Full,CampsitePermit,Single Tent,
Battery,NS ,4,Full,CampsitePermit,Single Tent,
Porters Lake,ON ,3,Full,CampsitePermit,Single Tent,
The Islands,NS ,2,Senior,CampsitePermit,Less than 30ft,
Blomidon,NS ,2,Full,CampsitePermit,Single Tent,
Rissers Beach,NS ,4,Full,CampsitePermit,Less than 30ft,
Graves Island,NS ,2,Senior,CampsitePermit,Less than 30ft,
Five Islands,NB ,2,Senior,CampsitePermit,Single Tent,
Mira River,NS ,3,Full,CampsitePermit,Less than 30ft,
Graves Island,NS ,4,Full,CampsitePermit,Less than 20ft,
Dollar Lake,NS ,4,Full,CampsitePermit,Less than 20ft,
Caribou Munroes,NS ,2,Full,CampsitePermit,Single Tent,
Cape Chignecto,NS ,2,Full,BackcountryPermit,Single Tent,
The Islands,NS ,3,Full,CampsitePermit,Single Tent,
Blomidon,BC ,2,Full,CampsitePermit,Single Tent,
Five Islands,NS ,6,Full,CampsitePermit,Tents,
Graves Island,NS ,2,Full,CampsitePermit,Less than 30ft,
Rissers Beach,NS ,2,Full,CampsitePermit,Less than 20ft,
Rissers Beach,ON ,2,Senior,CampsitePermit,Single Tent,
Dollar Lake,NS ,2,Full,CampsitePermit,Single Tent,
Porters Lake,NS ,4,Full,CampsitePermit,Less than 30ft,
Valleyview,QC ,2,Full,CampsitePermit,Single Tent,
Porters Lake,NS ,5,Full,CampsitePermit,Single Tent,
Graves Island,NS ,1,Full,CampsitePermit,Single Tent,
Caribou Munroes,QC ,2,Senior,CampsitePermit,Less than 30ft,
Amherst Shore,NS ,5,Full,CampsitePermit,Tents,
Porters Lake,BC ,2,Senior,CampsitePermit,Less than 30ft,
Whycocomagh,NL ,2,Full,CampsitePermit,Single Tent,
Graves Island,NS ,4,Full,CampsitePermit,Less than 20ft,
Caribou Munroes,NS ,4,Full,CampsitePermit,Single Tent,
Smileys,NS ,2,Full,CampsitePermit,Less than 20ft,
Rissers Beach,QC ,2,Full,CampsitePermit,Tents,
Blomidon,QC ,2,Full,CampsitePermit,Less than 20ft,
Porters Lake,NS ,4,Full,CampsitePermit,Less than 20ft,
Rissers Beach,ON ,2,Full,CampsitePermit,Single Tent,
Ellenwood Lake,NS ,3,Full,CampsitePermit,Less than 30ft,
Battery,NS ,2,Full,CampsitePermit,Single Tent,
Graves Island,NS ,2,Full,CampsitePermit,Less than 20ft,
Rissers Beach,NS ,4,Full,CampsitePermit,Tents,
Blomidon,NS ,1,Full,CampsitePermit,Single Tent,
The Islands,QC ,2,Senior,CampsitePermit,Less than 30ft,
Caribou Munroes,NS ,2,Full,CampsitePermit,Less than 20ft,
Rissers Beach,NS ,5,Full,CampsitePermit,Single Tent,
Graves Island,NS ,2,Senior,CampsitePermit,Less than 20ft,
Smileys,NS ,4,Full,CampsitePermit,Less than 30ft,
Amherst Shore,NS ,4,Full,CampsitePermit,Single Tent,
Porters Lake,QC ,2,Full,CampsitePermit,Single Tent,
Mira River,NS ,4,Full,CampsitePermit,Less than 20ft,
Rissers Beach,NS ,6,Full,CampsitePermit,Tents,
Blomidon,NS ,1,Full,CampsitePermit,Less than 20ft,
Rissers Beach,NS ,3,Full,CampsitePermit,Less than 20ft,
Cape Chignecto,NS ,1,Full,BackcountryPermit,Single Tent,
Five Islands,QC ,2,Senior,CampsitePermit,Less than 30ft,
Porters Lake,NS ,3,Full,CampsitePermit,Single Tent,
Whycocomagh,NS ,3,Full,CampsitePermit,Tents,
Porters Lake,NS ,5,Full,CampsitePermit,Tents,
Whycocomagh,ON ,2,Senior,CampsitePermit,Less than 30ft,
Blomidon,AB ,1,Full,CampsitePermit,Single Tent,
Five Islands,NS ,4,Full,CampsitePermit,Tents,
Smileys,AB ,2,Full,CampsitePermit,Less than 40ft,
Ellenwood Lake,NS ,3,Full,CampsitePermit,Single Tent,
Rissers Beach,NS ,2,Full,CampsitePermit,Less than 20ft,
Five Islands,NS ,2,Full,CampsitePermit,Single Tent,
Five Islands,NB ,2,Full,CampsitePermit,Single Tent,
Thomas Raddall,NS ,3,Full,CampsitePermit,Less than 30ft,
The Islands,NS ,2,Full,CampsitePermit,Tents,
Blomidon,ON ,3,Full,CampsitePermit,Less than 20ft,
Battery,NS ,2,Full,CampsitePermit,Single Tent,
Blomidon,BC ,2,Full,CampsitePermit,Single Tent,
Graves Island,NS ,2,Full,CampsitePermit,Less than 20ft,
Mira River,ON ,2,Full,CampsitePermit,Less than 30ft,
Five Islands,QC ,1,Full,CampsitePermit,Single Tent,
Five Islands,NS ,2,Full,CampsitePermit,Tents,
Caribou Munroes,QC ,2,Full,CampsitePermit,Single Tent,
Rissers Beach,NS ,1,Full,CampsitePermit,Single Tent,
Blomidon,NS ,3,Full,CampsitePermit,Single Tent,
Porters Lake,ON ,2,Full,CampsitePermit,Less than 40ft,
Amherst Shore,ON ,3,Full,CampsitePermit,Single Tent,
Graves Island,NS ,1,Full,CampsitePermit,Single Tent,
Porters Lake,NB ,2,Full,CampsitePermit,Less than 20ft,
Porters Lake,NS ,3,Full,CampsitePermit,Less than 20ft,
Laurie,NS ,3,Full,CampsitePermit,Tents,
Amherst Shore,ON ,1,Full,CampsitePermit,Single Tent,
Dollar Lake,NS ,5,Full,CampsitePermit,Single Tent,
Caribou Munroes,NS ,4,Senior,CampsitePermit,Single Tent,
Caribou Munroes,QC ,2,Full,CampsitePermit,Less than 30ft,
Ellenwood Lake,QC ,3,Full,CampsitePermit,Single Tent,
Caribou Munroes,QC ,2,Full,CampsitePermit,Less than 20ft,
Battery,ON ,2,Full,CampsitePermit,Less than 20ft,
The Islands,NS ,2,Senior,CampsitePermit,Less than 30ft,
Caribou Munroes,NS ,2,Full,CampsitePermit,Less than 30ft,
Whycocomagh,NS ,1,Full,CampsitePermit,Single Tent,
Rissers Beach,NS ,2,Full,CampsitePermit,Less than 20ft,
Ellenwood Lake,NS ,6,Full,CampsitePermit,Less than 30ft,
Caribou Munroes,NS ,4,Full,CampsitePermit,Tents,
Graves Island,NS ,2,Veteran,CampsitePermit,Less than 30ft,
Rissers Beach,NS ,3,Full,CampsitePermit,Single Tent,
Amherst Shore,NB ,4,Full,CampsitePermit,Single Tent,
Smileys,NS ,2,Full,CampsitePermit,Less than 40ft,
Amherst Shore,QC ,3,Full,CampsitePermit,Single Tent,
Battery,BC ,2,Senior,CampsitePermit,Single Tent,
Blomidon,NS ,1,Full,CampsitePermit,Single Tent,
Whycocomagh,NS ,3,Full,YurtPermit,Tents,
Rissers Beach,NS ,4,Full,CampsitePermit,Less than 30ft,
Dollar Lake,NS ,5,Full,CampsitePermit,Single Tent,
Thomas Raddall,NS ,2,Full,CampsitePermit,Single Tent,
Whycocomagh,NS ,2,Full,CampsitePermit,Less than 30ft,
Dollar Lake,NS ,4,Full,CampsitePermit,Single Tent,
Mira River,NS ,5,Full,CampsitePermit,Less than 20ft,
Amherst Shore,NS ,4,Full,CampsitePermit,Less than 30ft,
Blomidon,NS ,10,Full,CampsitePermit,Tents,
Graves Island,NS ,4,Full,CampsitePermit,Less than 40ft,
Whycocomagh,NS ,6,Full,CampsitePermit,Less than 30ft,
Dollar Lake,NS ,6,Senior,CampsitePermit,Tents,
Ellenwood Lake,NS ,2,Full,CampsitePermit,Single Tent,
Thomas Raddall,NS ,4,Veteran,CampsitePermit,Single Tent,
Salsman,NS ,3,Full,CampsitePermit,Less than 20ft,
Thomas Raddall,NS ,2,Full,CampsitePermit,Less than 40ft,
Mira River,NS ,2,Full,CampsitePermit,Single Tent,
Graves Island,NS ,2,Full,CampsitePermit,Single Tent,
Rissers Beach,NS ,2,Senior,CampsitePermit,Less than 40ft,
Rissers Beach,NS ,2,Full,CampsitePermit,Single Tent,
Blomidon,NS ,2,Full,CampsitePermit,Single Tent,
Graves Island,ON ,1,Full,CampsitePermit,Single Tent,
Blomidon,NS ,2,Senior,CampsitePermit,Single Tent,
Blomidon,NS ,4,Full,CampsitePermit,Single Tent,
Amherst Shore,QC ,2,Full,CampsitePermit,Single Tent,
Porters Lake,NS ,4,Full,CampsitePermit,Less than 30ft,
Thomas Raddall,NS ,3,Full,CampsitePermit,Single Tent,
Amherst Shore,NS ,2,Full,CampsitePermit,Less than 30ft,
Laurie,ON ,2,Senior,CampsitePermit,Single Tent,
Five Islands,QC ,2,Full,CampsitePermit,Single Tent,
Graves Island,NS ,5,Full,CampsitePermit,Less than 30ft,
Caribou Munroes,NS ,4,Full,CampsitePermit,Less than 30ft,
Laurie,NS ,2,Full,CampsitePermit,Single Tent,
Thomas Raddall,ON ,1,Full,CampsitePermit,Less than 20ft,
Whycocomagh,AB ,2,Full,CampsitePermit,Less than 20ft,
Dollar Lake,NS ,2,Full,CampsitePermit,Single Tent,
Mira River,NS ,4,Full,CampsitePermit,Single Tent,
Caribou Munroes,NS ,3,Full,CampsitePermit,Less than 30ft,
Caribou Munroes,QC ,4,Full,CampsitePermit,Tents,
Laurie,NS ,4,Veteran,CampsitePermit,Single Tent,
Thomas Raddall,NS ,4,Full,CampsitePermit,Single Tent,
Blomidon,QC ,3,Full,CampsitePermit,Single Tent,
Mira River,ON ,6,Senior,CampsitePermit,Less than 40ft,
Whycocomagh,NS ,2,Full,CampsitePermit,Less than 40ft,
Five Islands,NS ,3,Full,CampsitePermit,Single Tent,
Laurie,NS ,3,Full,CampsitePermit,Less than 20ft,
Graves Island,ON ,3,Full,CampsitePermit,Less than 30ft,
Mira River,QC ,2,Senior,CampsitePermit,Less than 30ft,
Porters Lake,ON ,4,Full,CampsitePermit,Less than 20ft,
Smileys,NS ,3,Full,CampsitePermit,Tents,
Battery,NL ,2,Full,CampsitePermit,Single Tent,
Porters Lake,NS ,3,Full,CampsitePermit,Single Tent,
Boylston,AB ,2,Full,CampsitePermit,Single Tent,
Mira River,BC ,5,Full,CampsitePermit,Single Tent,
Mira River,NS ,4,Full,CampsitePermit,Less than 30ft,
Laurie,NS ,5,Full,CampsitePermit,Less than 20ft,
Porters Lake,NS ,2,Full,CampsitePermit,Single Tent,
Porters Lake,QC ,3,Senior,CampsitePermit,Less than 30ft,
Blomidon,QC ,1,Full,CampsitePermit,Single Tent,
Rissers Beach,NS ,4,Full,CampsitePermit,Less than 40ft,
Graves Island,NS ,6,Full,CampsitePermit,Tents,
Amherst Shore,AB ,2,Senior,CampsitePermit,Single Tent,
Thomas Raddall,NS ,3,Full,CampsitePermit,Single Tent,
Ellenwood Lake,NS ,2,Full,CampsitePermit,Single Tent,
Caribou Munroes,NS ,2,Full,CampsitePermit,Single Tent,
Graves Island,NS ,6,Full,CampsitePermit,Tents,
Mira River,NS ,5,Full,CampsitePermit,Tents,
Valleyview,BC ,3,Full,CampsitePermit,Single Tent,
Graves Island,NS ,2,Full,CampsitePermit,Less than 30ft,
Cape Chignecto,QC ,1,Full,BackcountryPermit,Single Tent,
Dollar Lake,NS ,2,Full,CampsitePermit,Less than 20ft,
Mira River,NS ,2,Full,CampsitePermit,Less than 20ft,
Mira River,NS ,2,Full,CampsitePermit,Less than 30ft,
Thomas Raddall,NS ,2,Full,CampsitePermit,Single Tent,
Amherst Shore,NB ,2,Full,CampsitePermit,Less than 30ft,
Mira River,QC ,2,Full,CampsitePermit,Less than 20ft,
Blomidon,ON ,3,Full,CampsitePermit,Less than 20ft,
Blomidon,QC ,6,Full,CampsitePermit,Single Tent,
Battery,NS ,2,Full,CampsitePermit,Less than 30ft,
Five Islands,ON ,2,Full,CampsitePermit,Single Tent,
Battery,BC ,3,Full,CampsitePermit,Single Tent,
Whycocomagh,ON ,1,Full,CampsitePermit,Single Tent,
Blomidon,ON ,2,Full,CampsitePermit,Single Tent,
Rissers Beach,NS ,5,Full,CampsitePermit,Single Tent,
Laurie,NS ,4,Full,CampsitePermit,Less than 30ft,
Salsman,ON ,2,Full,CampsitePermit,Less than 20ft,
Ellenwood Lake,NS ,5,Full,CampsitePermit,Single Tent,
Ellenwood Lake,NS ,2,Senior,CampsitePermit,Less than 30ft,
Amherst Shore,NS ,2,Senior,CampsitePermit,Single Tent,
Dollar Lake,NS ,4,Full,CampsitePermit,Single Tent,
Rissers Beach,NS ,2,Full,CampsitePermit,Single Tent,
Blomidon,NS ,4,Full,CampsitePermit,Less than 30ft,
Battery,BC ,2,Full,CampsitePermit,Single Tent,
Porters Lake,NS ,4,Full,CampsitePermit,Less than 20ft,
Thomas Raddall,NS ,2,Full,CampsitePermit,Single Tent,
Smileys,NS ,2,Senior,CampsitePermit,Less than 20ft,
Dollar Lake,NS ,2,Full,CampsitePermit,Single Tent,
Battery,BC ,2,Full,CampsitePermit,Single Tent,
Battery,NS ,2,Full,CampsitePermit,Less than 30ft,
Battery,NS ,3,Full,CampsitePermit,Single Tent,
Battery,QC ,2,Full,CampsitePermit,Single Tent,
Porters Lake,NS ,3,Full,CampsitePermit,Less than 20ft,
Rissers Beach,NS ,3,Full,CampsitePermit,Greater than 40ft,
Battery,NB ,2,Senior,CampsitePermit,Single Tent,
Dollar Lake,NS ,8,Full,CampsitePermit,Tents,
Battery,NS ,4,Full,CampsitePermit,Less than 30ft,
Mira River,QC ,2,Full,CampsitePermit,Less than 30ft,
Caribou Munroes,NS ,3,Full,CampsitePermit,Single Tent,
Graves Island,QC ,2,Full,CampsitePermit,Single Tent,
Battery,NS ,1,Senior,CampsitePermit,Less than 20ft,
Graves Island,NS ,4,Full,CampsitePermit,Single Tent,
Dollar Lake,NS ,4,Full,CampsitePermit,Single Tent,
Graves Island,ON ,2,Full,CampsitePermit,Single Tent,
The Islands,NS ,5,Veteran,CampsitePermit,Less than 30ft,
Mira River,NS ,5,Full,CampsitePermit,Less than 30ft,
Valleyview,NS ,2,Full,CampsitePermit,Single Tent,
Graves Island,NS ,2,Full,CampsitePermit,Less than 30ft,
Smileys,NS ,2,Full,CampsitePermit,Less than 40ft,
Blomidon,NS ,3,Full,CampsitePermit,Single Tent,
Five Islands,ON ,4,Full,CampsitePermit,Less than 30ft,
Caribou Munroes,QC ,2,Full,CampsitePermit,Less than 20ft,
Graves Island,NS ,1,Full,CampsitePermit,Single Tent,
Battery,QC ,2,Full,CampsitePermit,Single Tent,
Graves Island,NS ,3,Full,CampsitePermit,Less than 40ft,
Dollar Lake,NS ,4,Full,CampsitePermit,Single Tent,
Salsman,QC ,2,Full,CampsitePermit,Single Tent,
Five Islands,ON ,3,Full,CampsitePermit,Single Tent,
Smileys,NS ,2,Full,CampsitePermit,Less than 20ft,
Dollar Lake,NS ,5,Full,CampsitePermit,Tents,
Battery,QC ,2,Senior,CampsitePermit,Less than 20ft,
Mira River,QC ,2,Full,CampsitePermit,Single Tent,
Rissers Beach,NS ,3,Full,CampsitePermit,Less than 20ft,
Mira River,ON ,4,Full,CampsitePermit,Less than 20ft,
Dollar Lake,NS ,2,Full,CampsitePermit,Single Tent,
Mira River,NS ,6,Full,CampsitePermit,Less than 20ft,
Salsman,NS ,2,Full,CampsitePermit,Less than 20ft,
Mira River,NS ,3,Full,CampsitePermit,Less than 40ft,
Graves Island,ON ,2,Full,CampsitePermit,Less than 20ft,
Whycocomagh,NS ,2,Full,CampsitePermit,Less than 30ft,
Laurie,AB ,2,Full,CampsitePermit,Less than 20ft,
The Islands,NS ,2,Full,CampsitePermit,Less than 20ft,
Rissers Beach,NS ,5,Full,CampsitePermit,Less than 20ft,
Mira River,AB ,2,Full,CampsitePermit,Less than 20ft,
Porters Lake,ON ,2,Full,CampsitePermit,Single Tent,
Mira River,QC ,5,Full,CampsitePermit,Less than 40ft,
Mira River,QC ,1,Full,CampsitePermit,Less than 20ft,
Mira River,NS ,4,Full,CampsitePermit,Less than 20ft,
Porters Lake,AB ,2,Full,CampsitePermit,Less than 30ft,
Caribou Munroes,NS ,2,Full,CampsitePermit,Less than 20ft,
Cape Chignecto,NS ,4,Full,BackcountryPermit,Single Tent,
Whycocomagh,QC ,2,Full,CampsitePermit,Less than 20ft,
Mira River,NS ,3,Full,CampsitePermit,Single Tent,
Dollar Lake,NS ,2,Full,CampsitePermit,Tents,
Graves Island,NS ,2,Full,CampsitePermit,Single Tent,
Graves Island,NS ,3,Full,CampsitePermit,Less than 30ft,
Cape Chignecto,QC ,2,Full,BackcountryPermit,Single Tent,
Cape Chignecto,NS ,4,Full,BackcountryPermit,Single Tent,
Battery,NS ,2,Full,CampsitePermit,Single Tent,
Dollar Lake,NS ,2,Full,CampsitePermit,Single Tent,
Rissers Beach,ON ,1,Full,CampsitePermit,Single Tent,
Thomas Raddall,NS ,2,Senior,CampsitePermit,Less than 20ft,
Rissers Beach,NS ,2,Full,CampsitePermit,Less than 30ft,
Rissers Beach,NS ,6,Full,CampsitePermit,Tents,
Dollar Lake,NS ,3,Full,CampsitePermit,Tents,
Rissers Beach,BC ,1,Senior,CampsitePermit,Single Tent,
Salsman,NS ,2,Senior,CampsitePermit,Single Tent,
Caribou Munroes,PE ,1,Full,CampsitePermit,Single Tent,
Porters Lake,NS ,4,Full,CampsitePermit,Less than 30ft,
Five Islands,NB ,6,Full,CampsitePermit,Tents,
Caribou Munroes,NS ,1,Full,CampsitePermit,Less than 20ft,
Caribou Munroes,NS ,6,Full,CampsitePermit,Tents,
Ellenwood Lake,NS ,1,Full,CampsitePermit,Tents,
Graves Island,NS ,2,Senior,CampsitePermit,Less than 30ft,
Laurie,NS ,4,Full,CampsitePermit,Single Tent,
Dollar Lake,ON ,4,Full,CampsitePermit,Single Tent,
Caribou Munroes,NS ,4,Full,CampsitePermit,Less than 20ft,
Rissers Beach,NS ,3,Full,CampsitePermit,Less than 20ft,
Boylston,NS ,2,Full,CampsitePermit,Single Tent,
The Islands,NS ,2,Full,CampsitePermit,Less than 20ft,
Blomidon,NS ,2,Full,CampsitePermit,Single Tent,
Rissers Beach,NS ,2,Full,CampsitePermit,Single Tent,
Dollar Lake,NS ,4,Full,CampsitePermit,Single Tent,
Thomas Raddall,NS ,2,Full,CampsitePermit,Less than 20ft,
Rissers Beach,NS ,2,Full,CampsitePermit,Less than 20ft,
Porters Lake,NS ,2,Full,CampsitePermit,Less than 20ft,
Thomas Raddall,NS ,4,Full,CampsitePermit,Single Tent,
Dollar Lake,NS ,2,Full,CampsitePermit,Single Tent,
Ellenwood Lake,QC ,2,FULL,CampsitePermit,Single Tent,
Smileys,NS ,6,Full,CampsitePermit,Tents,
Mira River,NS ,5,Full,CampsitePermit,Less than 40ft,
Dollar Lake,NS ,4,Full,CampsitePermit,Tents,
Ellenwood Lake,ON ,2,Full,CampsitePermit,Single Tent,
Ellenwood Lake,NS ,6,Full,CampsitePermit,Single Tent,
Caribou Munroes,NS ,2,Full,CampsitePermit,Less than 30ft,
Thomas Raddall,NS ,2,Full,CampsitePermit,Less than 40ft,
Battery,ON ,2,Full,CampsitePermit,Single Tent,
Dollar Lake,NS ,5,Full,CampsitePermit,Single Tent,
Amherst Shore,ON ,2,Full,CampsitePermit,Less than 30ft,
Laurie,ON ,5,Veteran,CampsitePermit,Single Tent,
Five Islands,ON ,2,Full,CampsitePermit,Single Tent,
Battery,NS ,2,Full,CampsitePermit,Less than 20ft,
Thomas Raddall,NS ,2,Veteran,CampsitePermit,Single Tent,
Dollar Lake,NS ,4,Full,CampsitePermit,Single Tent,
Mira River,NS ,2,Full,CampsitePermit,Less than 20ft,
Laurie,NS ,5,Full,CampsitePermit,Single Tent,
Rissers Beach,NS ,4,Full,CampsitePermit,Less than 20ft,
Graves Island,NS ,1,Full,CampsitePermit,Single Tent,
Caribou Munroes,NS ,2,Senior,CampsitePermit,Less than 20ft,
Dollar Lake,NS ,6,Full,CampsitePermit,Tents,
Blomidon,NS ,3,Full,CampsitePermit,Tents,
Rissers Beach,NS ,4,Full,CampsitePermit,Less than 20ft,
Dollar Lake,NS ,2,Full,CampsitePermit,Single Tent,
Boylston,BC ,2,Senior,CampsitePermit,Single Tent,
Five Islands,NS ,2,Full,CampsitePermit,Single Tent,
Thomas Raddall,NS ,4,Full,CampsitePermit,Single Tent,
Mira River,NS ,2,Full,CampsitePermit,Single Tent,
Graves Island,NS ,2,Full,CampsitePermit,Less than 30ft,
Graves Island,NS ,4,Full,CampsitePermit,Less than 30ft,
Rissers Beach,ON ,2,Full,CampsitePermit,Single Tent,
Rissers Beach,NS ,4,Full,CampsitePermit,Less than 30ft,
Thomas Raddall,NS ,2,Full,CampsitePermit,Single Tent,
Mira River,NS ,2,Full,CampsitePermit,Single Tent,
Mira River,NB ,2,Senior,CampsitePermit,Less than 20ft,
Mira River,NB ,2,Full,CampsitePermit,Single Tent,
Salsman,NS ,4,Full,CampsitePermit,Less than 30ft,
Thomas Raddall,NS ,2,Full,CampsitePermit,Less than 20ft,
Thomas Raddall,NS ,3,Senior,CampsitePermit,Single Tent,
Cape Chignecto,NS ,2,Full,BackcountryPermit,Single Tent,
Mira River,ON ,4,Full,CampsitePermit,Less than 20ft,
The Islands,ON ,2,Senior,CampsitePermit,Less than 20ft,
Mira River,AB ,2,Full,CampsitePermit,Less than 40ft,
Laurie,NS ,2,Full,CampsitePermit,Single Tent,
Porters Lake,NS ,5,Full,CampsitePermit,Less than 20ft,
Porters Lake,NS ,5,Full,CampsitePermit,Less than 40ft,
Five Islands,NS ,3,Full,CampsitePermit,Less than 20ft,
Whycocomagh,NB ,2,Full,CampsitePermit,Tents,
Cape Chignecto,NS ,2,Full,BackcountryPermit,Single Tent,
Rissers Beach,NS ,2,Senior,CampsitePermit,Less than 20ft,
Mira River,BC ,4,Full,CampsitePermit,Single Tent,
Porters Lake,NS ,2,Full,CampsitePermit,Single Tent,
Rissers Beach,BC ,1,Full,CampsitePermit,Single Tent,
The Islands,NS ,2,Full,CampsitePermit,Single Tent,
Ellenwood Lake,NS ,4,Full,CampsitePermit,Less than 20ft,
Graves Island,NS ,3,Full,CampsitePermit,Tents,
Rissers Beach,NS ,3,Full,CampsitePermit,Single Tent,
Dollar Lake,NS ,4,Full,CampsitePermit,Single Tent,
Rissers Beach,NS ,4,Full,CampsitePermit,Single Tent,
Mira River,NS ,2,Full,CampsitePermit,Single Tent,
Rissers Beach,NS ,2,Full,CampsitePermit,Less than 40ft,
Caribou Munroes,NS ,4,Full,CampsitePermit,Less than 20ft,
Caribou Munroes,QC ,4,Full,CampsitePermit,Less than 40ft,
Mira River,NS ,4,Full,CampsitePermit,Tents,
Whycocomagh,QC ,1,Full,CampsitePermit,Single Tent,
Mira River,NS ,6,Full,CampsitePermit,Less than 40ft,
Graves Island,NS ,1,Senior,CampsitePermit,Single Tent,
Blomidon,NS ,2,Full,CampsitePermit,Single Tent,
Blomidon,NS ,5,Full,CampsitePermit,Single Tent,
Ellenwood Lake,ON ,4,Full,CampsitePermit,Single Tent,
Amherst Shore,ON ,2,Senior,CampsitePermit,Single Tent,
Dollar Lake,NS ,4,Full,CampsitePermit,Single Tent,
Battery,QC ,4,Senior,CampsitePermit,Single Tent,
Thomas Raddall,NS ,4,Senior,CampsitePermit,Single Tent,
Thomas Raddall,NS ,3,Full,CampsitePermit,Less than 20ft,
Valleyview,ON ,2,Full,CampsitePermit,Single Tent,
Graves Island,NS ,4,Full,CampsitePermit,Single Tent,
Salsman,NS ,2,Senior,CampsitePermit,Less than 30ft,
Thomas Raddall,NS ,2,Senior,CampsitePermit,Less than 30ft,
Blomidon,NS ,5,Full,CampsitePermit,Single Tent,
Salsman,NS ,3,Full,CampsitePermit,Less than 30ft,
Amherst Shore,NB ,3,Full,CampsitePermit,Tents,
Amherst Shore,NS ,3,Full,CampsitePermit,Less than 20ft,
Ellenwood Lake,NS ,3,Full,CampsitePermit,Less than 30ft,
Caribou Munroes,ON ,2,Full,CampsitePermit,Single Tent,
Dollar Lake,NS ,5,Full,CampsitePermit,Tents,
Thomas Raddall,NS ,4,Full,CampsitePermit,Tents,
Graves Island,NS ,3,Full,CampsitePermit,Less than 20ft,
Amherst Shore,QC ,2,Full,CampsitePermit,Single Tent,
Graves Island,NS ,2,Full,CampsitePermit,Less than 30ft,
Porters Lake,ON ,2,Full,CampsitePermit,Single Tent,
Rissers Beach,NS ,2,Full,CampsitePermit,Less than 30ft,
Rissers Beach,NS ,4,Full,CampsitePermit,Less than 30ft,
Rissers Beach,NS ,3,Full,CampsitePermit,Single Tent,
Porters Lake,NB ,2,Full,CampsitePermit,Single Tent,
Graves Island,NS ,2,Full,CampsitePermit,Less than 20ft,
Porters Lake,PE ,2,Full,CampsitePermit,Less than 20ft,
Salsman,NS ,4,Full,CampsitePermit,Less than 30ft,
Graves Island,NS ,3,Full,CampsitePermit,Tents,
Thomas Raddall,NS ,4,Full,CampsitePermit,Single Tent,
Amherst Shore,NS ,4,Full,CampsitePermit,Less than 20ft,
Dollar Lake,NS ,6,Full,CampsitePermit,Tents,
Amherst Shore,ON ,4,Full,CampsitePermit,Less than 20ft,
Whycocomagh,ON ,2,Senior,CampsitePermit,Less than 20ft,
Porters Lake,NS ,6,Senior,CampsitePermit,Tents,
Graves Island,NS ,4,Full,CampsitePermit,Single Tent,
Rissers Beach,NS ,6,Full,CampsitePermit,Less than 30ft,
Ellenwood Lake,NS ,2,Full,CampsitePermit,Single Tent,
Graves Island,NS ,2,Senior,CampsitePermit,Less than 20ft,
Rissers Beach,NS ,3,Full,CampsitePermit,Less than 20ft,
Caribou Munroes,QC ,2,Full,CampsitePermit,Less than 20ft,
Laurie,NS ,3,Full,CampsitePermit,Less than 30ft,
Smileys,NS ,4,Full,CampsitePermit,Less than 40ft,
Caribou Munroes,NS ,6,Senior,CampsitePermit,Less than 20ft,
Porters Lake,AB ,2,Full,CampsitePermit,Single Tent,
Dollar Lake,NS ,6,Full,CampsitePermit,Single Tent,
Dollar Lake,ON ,4,Full,CampsitePermit,Single Tent,
Boylston,NS ,2,Full,CampsitePermit,Less than 20ft,
Mira River,NS ,6,Full,CampsitePermit,Single Tent,
Rissers Beach,NS ,4,Full,CampsitePermit,Less than 30ft,
Porters Lake,NS ,4,Full,CampsitePermit,Single Tent,
Rissers Beach,NS ,5,Full,CampsitePermit,Single Tent,
Battery,QC ,5,Full,CampsitePermit,Single Tent,
Porters Lake,NS ,2,Full,CampsitePermit,Single Tent,
Battery,MB ,2,Full,CampsitePermit,Single Tent,
Mira River,QC ,4,Full,CampsitePermit,Single Tent,
Thomas Raddall,NB ,2,Full,CampsitePermit,Single Tent,
Laurie,NS ,2,Full,CampsitePermit,Tents,
Mira River,NS ,5,Full,CampsitePermit,Less than 40ft,
Mira River,NS ,2,Full,CampsitePermit,Single Tent,
Blomidon,NS ,4,Full,CampsitePermit,Tents,
Mira River,NS ,2,Senior,CampsitePermit,Less than 30ft,
Thomas Raddall,NS ,4,Full,CampsitePermit,Less than 30ft,
Cape Chignecto,NS ,1,Full,BackcountryPermit,Single Tent,
Ellenwood Lake,NS ,6,Full,CampsitePermit,Single Tent,
Porters Lake,NS ,2,Full,CampsitePermit,Single Tent,
Rissers Beach,NS ,3,Full,CampsitePermit,Less than 20ft,
Thomas Raddall,NS ,6,Full,CampsitePermit,Single Tent,
Battery,NS ,2,Full,CampsitePermit,Single Tent,
Graves Island,NS ,2,Full,CampsitePermit,Less than 20ft,
Caribou Munroes,ON ,4,Full,CampsitePermit,Less than 20ft,
Caribou Munroes,QC ,2,Full,CampsitePermit,Single Tent,
Cape Chignecto,NB ,1,Full,BackcountryPermit,Single Tent,
Graves Island,NS ,2,Full,CampsitePermit,Tents,
Blomidon,NB ,4,Senior,CampsitePermit,Single Tent,
Porters Lake,NS ,3,Full,CampsitePermit,Less than 30ft,
Graves Island,NS ,3,Full,CampsitePermit,Single Tent,
Mira River,ON ,2,Senior,CampsitePermit,Less than 20ft,
Porters Lake,ON ,2,Full,CampsitePermit,Single Tent,
Battery,NS ,4,Full,CampsitePermit,Less than 20ft,
Dollar Lake,NS ,2,Full,CampsitePermit,Single Tent,
Graves Island,QC ,2,Full,CampsitePermit,Less than 20ft,
Thomas Raddall,NS ,3,Full,CampsitePermit,Less than 20ft,
Blomidon,NS ,4,Full,CampsitePermit,Single Tent,
Battery,QC ,1,Full,CampsitePermit,Less than 20ft,
Caribou Munroes,NS ,2,Full,CampsitePermit,Less than 30ft,
Amherst Shore,NS ,2,Full,CampsitePermit,Less than 30ft,
Five Islands,NS ,3,Full,CampsitePermit,Less than 20ft,
Ellenwood Lake,NS ,1,Full,CampsitePermit,Single Tent,
Cape Chignecto,QC ,2,Full,BackcountryPermit,Single Tent,
Graves Island,NS ,3,Full,CampsitePermit,Tents,
Mira River,QC ,3,Full,CampsitePermit,Tents,
Caribou Munroes,NS ,4,Full,CampsitePermit,Less than 20ft,
Mira River,NS ,4,Full,CampsitePermit,Less than 20ft,
Rissers Beach,NS ,5,Senior,CampsitePermit,Less than 20ft,
Rissers Beach,NS ,5,Veteran,CampsitePermit,Less than 20ft,
Graves Island,QC ,1,Full,CampsitePermit,Single Tent,
Rissers Beach,NS ,4,Full,CampsitePermit,Less than 20ft,
Battery,NS ,2,Full,CampsitePermit,Single Tent,
Laurie,NS ,2,Full,CampsitePermit,Single Tent,
Smileys,NS ,4,Full,CampsitePermit,Single Tent,
Five Islands,NS ,3,Full,CampsitePermit,Single Tent,
Mira River,NS ,2,Veteran,CampsitePermit,Single Tent,
Thomas Raddall,NS ,4,Full,CampsitePermit,Less than 20ft,
Mira River,NS ,2,Full,CampsitePermit,Single Tent,
Porters Lake,QC ,2,Full,CampsitePermit,Single Tent,
Laurie,QC ,2,Full,CampsitePermit,Single Tent,
Graves Island,NS ,1,Full,CampsitePermit,Single Tent,
Rissers Beach,NS ,3,Full,CampsitePermit,Less than 30ft,
Porters Lake,ON ,2,Full,CampsitePermit,Less than 30ft,
Ellenwood Lake,NS ,6,Full,CampsitePermit,Less than 30ft,
Caribou Munroes,NS ,2,Full,CampsitePermit,Less than 20ft,
Mira River,NS ,2,Full,CampsitePermit,Single Tent,
Mira River,NS ,4,Full,CampsitePermit,Less than 30ft,
Mira River,QC ,5,Full,CampsitePermit,Less than 20ft,
Thomas Raddall,NS ,4,Full,CampsitePermit,Single Tent,
Battery,NS ,2,Senior,CampsitePermit,Less than 20ft,
Dollar Lake,NS ,6,Full,CampsitePermit,Tents,
Porters Lake,NS ,2,Full,CampsitePermit,Single Tent,
Ellenwood Lake,NS ,3,Senior,CampsitePermit,Single Tent,
Thomas Raddall,NS ,2,Full,CampsitePermit,Less than 30ft,
Ellenwood Lake,NS ,2,Senior,CampsitePermit,Less than 30ft,
Graves Island,NS ,2,Full,CampsitePermit,Less than 20ft,
Thomas Raddall,NS ,2,Full,CampsitePermit,Less than 20ft,
Blomidon,NS ,4,Full,CampsitePermit,Less than 30ft,
Ellenwood Lake,NS ,4,Full,CampsitePermit,Single Tent,
Rissers Beach,NS ,6,Full,CampsitePermit,Less than 30ft,
Five Islands,ON ,3,Full,CampsitePermit,Single Tent,
Smileys,NS ,1,Veteran,CampsitePermit,Single Tent,
Dollar Lake,NS ,4,Full,CampsitePermit,Single Tent,
Mira River,ON ,5,Full,CampsitePermit,Less than 20ft,
Rissers Beach,NS ,4,Full,CampsitePermit,Tents,
Rissers Beach,NS ,2,Full,CampsitePermit,Single Tent,
Rissers Beach,NS ,3,Full,CampsitePermit,Single Tent,
Dollar Lake,NS ,5,Full,CampsitePermit,Single Tent,
Caribou Munroes,ON ,2,Full,CampsitePermit,Less than 20ft,
Porters Lake,SK ,2,Full,CampsitePermit,Single Tent,
Graves Island,NS ,2,Senior,CampsitePermit,Less than 20ft,
Porters Lake,NS ,2,Full,CampsitePermit,Less than 30ft,
Battery,NS ,2,Full,CampsitePermit,Single Tent,
Blomidon,ON ,2,Full,CampsitePermit,Less than 20ft,
Mira River,QC ,2,Full,CampsitePermit,Less than 20ft,
Porters Lake,NS ,4,Full,CampsitePermit,Less than 20ft,
Battery,NS ,2,Senior,CampsitePermit,Single Tent,
Porters Lake,NS ,2,Full,CampsitePermit,Single Tent,
Amherst Shore,ON ,2,Full,CampsitePermit,Less than 20ft,
Porters Lake,NS ,4,Full,CampsitePermit,Tents,
Blomidon,NS ,2,Full,CampsitePermit,Single Tent,
Porters Lake,ON ,2,Full,CampsitePermit,Single Tent,
Battery,NS ,5,Full,CampsitePermit,Single Tent,
Dollar Lake,NS ,3,Full,CampsitePermit,Single Tent,
Graves Island,QC ,2,Full,CampsitePermit,Single Tent,
Mira River,NS ,4,Full,CampsitePermit,Less than 30ft,
Graves Island,NS ,2,Full,CampsitePermit,Single Tent,
Blomidon,QC ,2,Full,CampsitePermit,Single Tent,
Rissers Beach,NS ,4,Senior,CampsitePermit,Tents,
Rissers Beach,NS ,2,Full,CampsitePermit,Less than 20ft,
Rissers Beach,NS ,6,Full,CampsitePermit,Less than 20ft,
Whycocomagh,NS ,2,Full,CampsitePermit,Single Tent,
Mira River,NB ,4,Full,CampsitePermit,Single Tent,
Thomas Raddall,NS ,2,Full,CampsitePermit,Less than 30ft,
Caribou Munroes,NS ,2,Full,CampsitePermit,Less than 20ft,
Blomidon,QC ,2,Full,CampsitePermit,Single Tent,
Rissers Beach,NS ,2,Full,CampsitePermit,Less than 20ft,
Cape Chignecto,NB ,2,Full,BackcountryPermit,Single Tent,
Rissers Beach,NS ,6,Full,CampsitePermit,Tents,
Ellenwood Lake,NS ,4,Full,CampsitePermit,Less than 30ft,
Rissers Beach,NS ,2,Full,CampsitePermit,Less than 20ft,
Caribou Munroes,NS ,2,Full,CampsitePermit,Less than 40ft,
Rissers Beach,NS ,2,Full,CampsitePermit,Less than 20ft,
Graves Island,NS ,4,Full,CampsitePermit,Less than 20ft,
Dollar Lake,NS ,3,Senior,CampsitePermit,Less than 20ft,
Thomas Raddall,NS ,2,Full,CampsitePermit,Single Tent,
Dollar Lake,NS ,4,Full,CampsitePermit,Single Tent,
Caribou Munroes,NS ,2,Senior,CampsitePermit,Less than 20ft,
Rissers Beach,NS ,4,Full,CampsitePermit,Single Tent,
Rissers Beach,AB ,4,Full,CampsitePermit,Less than 30ft,
Thomas Raddall,NS ,2,Full,CampsitePermit,Less than 30ft,
Caribou Munroes,NS ,3,Full,CampsitePermit,Single Tent,
Dollar Lake,NS ,1,Full,CampsitePermit,Single Tent,
Caribou Munroes,NS ,2,Full,CampsitePermit,Less than 30ft,
Laurie,NS ,4,Full,CampsitePermit,Single Tent,
Ellenwood Lake,NS ,1,Full,CampsitePermit,Single Tent,
Amherst Shore,BC ,1,Full,CampsitePermit,Single Tent,
Rissers Beach,NS ,7,Full,CampsitePermit,Less than 40ft,
Battery,QC ,2,Full,CampsitePermit,Single Tent,
Graves Island,NS ,4,Full,CampsitePermit,Less than 30ft,
Mira River,NS ,2,Full,CampsitePermit,Single Tent,
Caribou Munroes,QC ,2,Full,CampsitePermit,Less than 30ft,
Amherst Shore,NB ,2,Full,CampsitePermit,Single Tent,
Ellenwood Lake,NS ,3,Full,CampsitePermit,Single Tent,
Dollar Lake,NS ,1,Full,CampsitePermit,Single Tent,
Mira River,NS ,2,Full,CampsitePermit,Less than 20ft,
Graves Island,NS ,2,Full,CampsitePermit,Single Tent,
Rissers Beach,NS ,6,Full,CampsitePermit,Less than 40ft,
Smileys,NS ,2,Full,CampsitePermit,Less than 40ft,
Caribou Munroes,ON ,5,Full,CampsitePermit,Less than 20ft,
Battery,NS ,3,Full,CampsitePermit,Single Tent,
Dollar Lake,NS ,5,Full,CampsitePermit,Single Tent,
Rissers Beach,PE ,3,Full,CampsitePermit,Less than 20ft,
Rissers Beach,NS ,5,Full,CampsitePermit,Single Tent,
Dollar Lake,NS ,1,Full,CampsitePermit,Single Tent,
Amherst Shore,QC ,2,Senior,CampsitePermit,Single Tent,
Boylston,NS ,3,Full,CampsitePermit,Single Tent,
Caribou Munroes,NS ,4,Full,CampsitePermit,Tents,
Graves Island,NS ,4,Senior,CampsitePermit,Less than 30ft,
Blomidon,NS ,2,Full,CampsitePermit,Single Tent,
Porters Lake,AB ,5,Full,CampsitePermit,Single Tent,
Rissers Beach,NS ,2,Full,CampsitePermit,Single Tent,
Mira River,AB ,2,Senior,CampsitePermit,Single Tent,
Blomidon,QC ,6,Full,CampsitePermit,Single Tent,
Ellenwood Lake,NS ,5,Full,CampsitePermit,Single Tent,
Blomidon,NS ,2,Full,CampsitePermit,Single Tent,
Five Islands,QC ,1,Full,CampsitePermit,Single Tent,
Thomas Raddall,NS ,2,Full,CampsitePermit,Single Tent,
Battery,ON ,2,Full,CampsitePermit,Single Tent,
Porters Lake,NS ,6,Full,CampsitePermit,Less than 30ft,
Laurie,NS ,3,Full,CampsitePermit,Single Tent,
Smileys,NS ,1,Full,CampsitePermit,Less than 30ft,
Laurie,NS ,3,Full,CampsitePermit,Less than 20ft,
Rissers Beach,NS ,2,Senior,CampsitePermit,Less than 30ft,
Cape Chignecto,NB ,6,Full,BackcountryPermit,Single Tent,
Five Islands,NS ,2,Veteran,CampsitePermit,Single Tent,
Amherst Shore,NS ,4,Full,CampsitePermit,Single Tent,
Rissers Beach,NS ,2,Senior,CampsitePermit,Less than 20ft,
Thomas Raddall,NS ,3,Full,CampsitePermit,Single Tent,
Rissers Beach,NS ,2,Full,CampsitePermit,Single Tent,
Mira River,NS ,4,Full,CampsitePermit,Less than 30ft,
Thomas Raddall,NS ,4,Full,CampsitePermit,Tents,
Rissers Beach,ON ,2,Senior,CampsitePermit,Less than 20ft,
Mira River,NS ,5,Full,CampsitePermit,Single Tent,
Ellenwood Lake,ON ,2,Senior,CampsitePermit,Single Tent,
Caribou Munroes,NS ,2,Full,CampsitePermit,Single Tent,
Smileys,NS ,2,Full,CampsitePermit,Less than 30ft,
Laurie,ON ,5,Full,CampsitePermit,Single Tent,
Salsman,NS ,2,Full,CampsitePermit,Single Tent,
Porters Lake,NS ,3,Full,CampsitePermit,Tents,
Dollar Lake,NS ,5,Full,CampsitePermit,Tents,
Five Islands,NS ,2,Full,CampsitePermit,Less than 20ft,
Rissers Beach,NS ,2,Senior,CampsitePermit,Less than 20ft,
Mira River,ON ,2,Full,CampsitePermit,Less than 30ft,
Five Islands,NB ,2,Full,CampsitePermit,Single Tent,
Rissers Beach,NS ,2,Full,CampsitePermit,Less than 40ft,
Ellenwood Lake,NS ,3,Full,CampsitePermit,Less than 20ft,
Rissers Beach,PE ,4,Full,CampsitePermit,Tents,
Whycocomagh,ON ,4,Full,CampsitePermit,Single Tent,
Dollar Lake,NS ,2,Full,CampsitePermit,Tents,
Graves Island,NS ,6,Full,CampsitePermit,Tents,
Porters Lake,NS ,4,Full,CampsitePermit,Tents,
Mira River,ON ,3,Full,CampsitePermit,Less than 30ft,
Caribou Munroes,NS ,4,Full,CampsitePermit,Tents,
Caribou Munroes,NS ,2,Full,CampsitePermit,Single Tent,
Caribou Munroes,QC ,5,Full,CampsitePermit,Less than 30ft,
Caribou Munroes,NB ,5,Full,CampsitePermit,Tents,
Caribou Munroes,ON ,2,Senior,CampsitePermit,Single Tent,
Whycocomagh,ON ,2,Senior,CampsitePermit,Less than 20ft,
Blomidon,AB ,2,Full,CampsitePermit,Single Tent,
Ellenwood Lake,NS ,3,Full,CampsitePermit,Less than 30ft,
Rissers Beach,ON ,1,Full,CampsitePermit,Single Tent,
Amherst Shore,NB ,2,Full,CampsitePermit,Single Tent,
Graves Island,NS ,2,Full,CampsitePermit,Less than 40ft,
Graves Island,NS ,2,Senior,CampsitePermit,Less than 20ft,
Blomidon,NS ,1,Full,CampsitePermit,Single Tent,
Rissers Beach,NS ,4,Full,CampsitePermit,Single Tent,
Five Islands,NS ,3,Full,CampsitePermit,Single Tent,
Rissers Beach,NS ,6,Full,CampsitePermit,Less than 30ft,
Ellenwood Lake,NS ,3,Senior,CampsitePermit,Less than 20ft,
Salsman,NS ,2,Full,CampsitePermit,Single Tent,
Cape Chignecto,NS ,1,Full,BackcountryPermit,Single Tent,
Blomidon,NS ,4,Full,CampsitePermit,Less than 20ft,
Graves Island,NS ,2,Full,CampsitePermit,Less than 20ft,
Laurie,NS ,2,Full,CampsitePermit,Single Tent,
Mira River,NS ,2,Full,CampsitePermit,Less than 40ft,
Laurie,NS ,4,Full,CampsitePermit,Less than 20ft,
Battery,NS ,3,Full,CampsitePermit,Single Tent,
Ellenwood Lake,NS ,4,Full,CampsitePermit,Less than 20ft,
Blomidon,NS ,2,Full,CampsitePermit,Single Tent,
Smileys,NS ,6,Full,CampsitePermit,Less than 30ft,
The Islands,NS ,1,Senior,CampsitePermit,Single Tent,
Blomidon,ON ,1,Full,CampsitePermit,Single Tent,
Rissers Beach,NS ,2,Senior,CampsitePermit,Less than 40ft,
Caribou Munroes,NS ,2,Senior,CampsitePermit,Less than 30ft,
Caribou Munroes,QC ,3,Full,CampsitePermit,Less than 20ft,
Rissers Beach,NS ,3,Full,CampsitePermit,Single Tent,
Battery,NS ,2,Full,CampsitePermit,Single Tent,
Rissers Beach,NS ,3,Full,CampsitePermit,Less than 20ft,
Graves Island,NS ,4,Full,CampsitePermit,Tents,
Thomas Raddall,NS ,2,Full,CampsitePermit,Less than 20ft,
Salsman,NB ,2,Senior,CampsitePermit,Less than 30ft,
Porters Lake,NS ,2,Veteran,CampsitePermit,Less than 30ft,
Smileys,NS ,4,Full,CampsitePermit,Less than 30ft,
Graves Island,NS ,4,Full,CampsitePermit,Single Tent,
Smileys,NS ,5,Full,CampsitePermit,Less than 30ft,
Graves Island,NS ,4,Full,CampsitePermit,Single Tent,
Graves Island,NS ,2,Full,CampsitePermit,Less than 30ft,
Rissers Beach,NS ,2,Full,CampsitePermit,Less than 20ft,
Ellenwood Lake,ON ,2,Full,CampsitePermit,Single Tent,
Five Islands,NS ,3,Full,CampsitePermit,Single Tent,
Graves Island,NS ,1,Full,CampsitePermit,Single Tent,
Five Islands,BC ,2,Full,CampsitePermit,Less than 20ft,
Graves Island,NS ,2,Senior,CampsitePermit,Less than 20ft,
The Islands,NS ,2,Full,CampsitePermit,Less than 20ft,
Graves Island,NS ,2,Full,CampsitePermit,Less than 40ft,
Porters Lake,QC ,1,Full,CampsitePermit,Single Tent,
Cape Chignecto,NS ,1,Full,BackcountryPermit,Single Tent,
Ellenwood Lake,NS ,3,Full,CampsitePermit,Tents,
Mira River,NS ,3,Full,CampsitePermit,Less than 20ft,
Blomidon,NS ,2,Full,CampsitePermit,Single Tent,
Graves Island,NS ,4,Full,CampsitePermit,Less than 30ft,
Graves Island,NS ,4,Full,CampsitePermit,Tents,
Mira River,NS ,2,Full,CampsitePermit,Less than 30ft,
Mira River,NS ,4,Full,CampsitePermit,Less than 20ft,
Thomas Raddall,NS ,2,Senior,CampsitePermit,Tents,
Rissers Beach,NS ,2,Full,CampsitePermit,Less than 40ft,
Whycocomagh,NS ,3,Full,CampsitePermit,Single Tent,
The Islands,NS ,4,Senior,CampsitePermit,Less than 20ft,
Rissers Beach,NS ,3,Full,CampsitePermit,Less than 20ft,
Cape Chignecto,ON ,1,Full,BackcountryPermit,Single Tent,
Rissers Beach,QC ,4,Full,CampsitePermit,Single Tent,
Thomas Raddall,NS ,2,Full,CampsitePermit,Single Tent,
Five Islands,ON ,5,Full,CampsitePermit,Single Tent,
Smileys,NS ,6,Full,CampsitePermit,Tents,
Amherst Shore,NB ,2,Full,CampsitePermit,Single Tent,
Thomas Raddall,NS ,3,Full,CampsitePermit,Less than 40ft,
Thomas Raddall,NS ,4,Full,CampsitePermit,Single Tent,
Graves Island,NS ,2,Full,CampsitePermit,Less than 40ft,
Caribou Munroes,QC ,4,Full,CampsitePermit,Less than 20ft,
Five Islands,NS ,2,Full,CampsitePermit,Single Tent,
Amherst Shore,ON ,4,Full,CampsitePermit,Single Tent,
Rissers Beach,NS ,4,Full,CampsitePermit,Less than 30ft,
Porters Lake,ON ,2,Senior,CampsitePermit,Less than 40ft,
Five Islands,NB ,2,Full,CampsitePermit,Single Tent,
Thomas Raddall,NS ,4,Full,CampsitePermit,Single Tent,
Thomas Raddall,BC ,5,Full,CampsitePermit,Tents,
Battery,ON ,2,Senior,CampsitePermit,Less than 20ft,
Dollar Lake,NS ,2,Full,CampsitePermit,Single Tent,
Caribou Munroes,NS ,2,Full,CampsitePermit,Single Tent,
Ellenwood Lake,NB ,5,Full,CampsitePermit,Tents,
Graves Island,NS ,2,Full,CampsitePermit,Less than 40ft,
Blomidon,NS ,4,Full,CampsitePermit,Single Tent,
Laurie,NS ,5,Full,CampsitePermit,Tents,
Battery,ON ,4,Full,CampsitePermit,Single Tent,
Ellenwood Lake,NS ,4,Full,CampsitePermit,Less than 30ft,
Salsman,NS ,4,Veteran,CampsitePermit,Less than 20ft,
Laurie,NS ,2,Full,CampsitePermit,Single Tent,
Rissers Beach,NS ,1,Full,CampsitePermit,Single Tent,
Rissers Beach,NS ,3,Full,CampsitePermit,Single Tent,
Whycocomagh,BC ,2,Senior,CampsitePermit,Less than 30ft,
Thomas Raddall,NS ,4,Full,CampsitePermit,Less than 20ft,
Dollar Lake,NS ,4,Full,CampsitePermit,Single Tent,
The Islands,NS ,2,Full,CampsitePermit,Less than 20ft,
Ellenwood Lake,NS ,4,Full,CampsitePermit,Single Tent,
Rissers Beach,ON ,4,Full,CampsitePermit,Less than 30ft,
Rissers Beach,NS ,2,Senior,CampsitePermit,Less than 20ft,
Mira River,NS ,2,Full,CampsitePermit,Less than 20ft,
Mira River,ON ,2,Full,CampsitePermit,Single Tent,
Mira River,NS ,2,Full,CampsitePermit,Single Tent,
Rissers Beach,NS ,4,Full,CampsitePermit,Tents,
Graves Island,NS ,2,Full,CampsitePermit,Less than 30ft,
Graves Island,ON ,1,Full,CampsitePermit,Single Tent,
Blomidon,AB ,2,Full,CampsitePermit,Single Tent,
Mira River,BC ,2,Full,CampsitePermit,Single Tent,
Battery,ON ,4,Full,CampsitePermit,Single Tent,
Mira River,ON ,1,Full,CampsitePermit,Less than 20ft,
Laurie,NS ,4,Full,CampsitePermit,Less than 30ft,
Thomas Raddall,ON ,1,Full,CampsitePermit,Less than 20ft,
Graves Island,NS ,4,Full,CampsitePermit,Tents,
Mira River,NS ,2,Full,CampsitePermit,Less than 40ft,
Caribou Munroes,NS ,3,Full,CampsitePermit,Single Tent,
Cape Chignecto,NB ,1,Full,BackcountryPermit,Single Tent,
Ellenwood Lake,ON ,2,Senior,CampsitePermit,Single Tent,
Salsman,NS ,2,Full,CampsitePermit,Single Tent,
Mira River,NS ,4,Full,CampsitePermit,Less than 40ft,
Cape Chignecto,ON ,1,Full,BackcountryPermit,Single Tent,
Five Islands,QC ,2,Full,CampsitePermit,Less than 20ft,
Rissers Beach,NS ,2,Full,CampsitePermit,Less than 30ft,
Blomidon,NS ,2,Full,CampsitePermit,Single Tent,
The Islands,NS ,2,Senior,CampsitePermit,Less than 20ft,
Ellenwood Lake,NS ,3,Full,CampsitePermit,Single Tent,
Five Islands,NB ,4,Full,CampsitePermit,Less than 20ft,
Amherst Shore,QC ,4,Full,CampsitePermit,Less than 30ft,
Laurie,NS ,3,Full,CampsitePermit,Single Tent,
Caribou Munroes,NB ,5,Full,CampsitePermit,Tents,
Dollar Lake,NS ,2,Full,CampsitePermit,Tents,
Five Islands,NS ,4,Full,CampsitePermit,Less than 30ft,
Mira River,NS ,5,Full,CampsitePermit,Less than 30ft,
Five Islands,NS ,2,Full,CampsitePermit,Single Tent,
Cape Chignecto,NB ,3,Full,BackcountryPermit,Single Tent,
Smileys,NS ,5,Full,CampsitePermit,Less than 30ft,
Mira River,AB ,2,Senior,CampsitePermit,Less than 30ft,
Graves Island,AB ,4,Full,CampsitePermit,Less than 30ft,
Graves Island,NS ,6,Full,CampsitePermit,Tents,
Graves Island,ON ,2,Full,CampsitePermit,Single Tent,
Caribou Munroes,NS ,5,Full,CampsitePermit,Tents,
Thomas Raddall,NS ,1,Full,CampsitePermit,Single Tent,
Battery,NS ,2,Full,CampsitePermit,Less than 20ft,
Mira River,NS ,5,Full,CampsitePermit,Less than 30ft,
Mira River,NS ,4,Full,CampsitePermit,Less than 20ft,
Five Islands,NS ,3,Full,CampsitePermit,Less than 30ft,
Caribou Munroes,NS ,4,Full,CampsitePermit,Single Tent,
Cape Chignecto,NS ,2,Full,BackcountryPermit,Single Tent,
Whycocomagh,ON ,4,Veteran,CampsitePermit,Less than 40ft,
Porters Lake,NS ,4,Full,CampsitePermit,Less than 20ft,
Ellenwood Lake,NS ,2,Full,CampsitePermit,Single Tent,
Thomas Raddall,ON ,2,Full,CampsitePermit,Single Tent,
Graves Island,QC ,2,Full,CampsitePermit,Less than 40ft,
Ellenwood Lake,NS ,2,Senior,CampsitePermit,Less than 20ft,
Laurie,NS ,4,Full,CampsitePermit,Tents,
Dollar Lake,NS ,3,Full,CampsitePermit,Single Tent,
Graves Island,QC ,1,Full,CampsitePermit,Single Tent,
Porters Lake,ON ,2,Full,CampsitePermit,Single Tent,
Graves Island,NS ,2,Senior,CampsitePermit,Less than 30ft,
Whycocomagh,NS ,2,Full,CampsitePermit,Less than 30ft,
Mira River,QC ,3,Full,CampsitePermit,Less than 30ft,
Mira River,NB ,2,Full,CampsitePermit,Single Tent,
Dollar Lake,NS ,3,Full,CampsitePermit,Tents,
Rissers Beach,NS ,4,Full,CampsitePermit,Less than 20ft,
Porters Lake,QC ,2,Full,CampsitePermit,Less than 20ft,
Blomidon,NS ,3,Full,CampsitePermit,Single Tent,
Battery,ON ,5,Full,CampsitePermit,Less than 30ft,
Ellenwood Lake,NS ,4,Full,CampsitePermit,Less than 20ft,
Five Islands,NS ,2,Full,CampsitePermit,Less than 20ft,
Mira River,NS ,5,Full,CampsitePermit,Less than 20ft,
Whycocomagh,ON ,1,Full,CampsitePermit,Single Tent,
The Islands,NS ,2,Full,CampsitePermit,Less than 40ft,
Graves Island,NS ,2,Full,CampsitePermit,Single Tent,
Rissers Beach,BC ,2,Senior,CampsitePermit,Less than 40ft,
Dollar Lake,NS ,5,Full,CampsitePermit,Less than 30ft,
Thomas Raddall,NS ,4,Full,CampsitePermit,Single Tent,
Rissers Beach,NS ,4,Full,CampsitePermit,Single Tent,
Salsman,NS ,2,Full,CampsitePermit,Less than 30ft,
Five Islands,NS ,4,Full,CampsitePermit,Less than 20ft,
Mira River,NS ,4,Full,CampsitePermit,Less than 20ft,
Graves Island,ON ,2,Full,CampsitePermit,Less than 30ft,
Caribou Munroes,QC ,4,Full,CampsitePermit,Tents,
Blomidon,QC ,2,Full,CampsitePermit,Single Tent,
Caribou Munroes,BC ,5,Full,CampsitePermit,Less than 30ft,
Amherst Shore,NB ,2,Full,CampsitePermit,Single Tent,
Smileys,NS ,5,Full,CampsitePermit,Less than 20ft,
Rissers Beach,NS ,3,Full,CampsitePermit,Less than 30ft,
Laurie,NS ,3,Full,CampsitePermit,Single Tent,
Rissers Beach,NS ,2,Full,CampsitePermit,Tents,
Blomidon,NS ,4,Full,CampsitePermit,Single Tent,
Dollar Lake,NS ,2,Full,CampsitePermit,Single Tent,
Smileys,NS ,4,Full,CampsitePermit,Less than 20ft,
Caribou Munroes,NS ,3,Full,CampsitePermit,Tents,
Salsman,NS ,2,Full,CampsitePermit,Less than 30ft,
Whycocomagh,NS ,2,Full,YurtPermit,Tents,
Caribou Munroes,NS ,3,Full,CampsitePermit,Single Tent,
Smileys,NS ,3,Full,CampsitePermit,Less than 30ft,
Ellenwood Lake,NS ,2,Full,CampsitePermit,Single Tent,
Dollar Lake,NS ,5,Full,CampsitePermit,Single Tent,
Caribou Munroes,NS ,4,Full,CampsitePermit,Less than 20ft,
Mira River,ON ,1,Full,CampsitePermit,Single Tent,
Boylston,NS ,1,Full,CampsitePermit,Single Tent,
Battery,BC ,2,Senior,CampsitePermit,Less than 20ft,
Caribou Munroes,QC ,2,Full,CampsitePermit,Single Tent,
Mira River,NS ,5,Full,CampsitePermit,Tents,
Dollar Lake,NS ,3,Senior,CampsitePermit,Single Tent,
Caribou Munroes,PE ,5,Full,CampsitePermit,Less than 20ft,
Rissers Beach,NS ,2,Full,CampsitePermit,Less than 20ft,
Rissers Beach,NS ,5,Full,CampsitePermit,Tents,
Rissers Beach,NS ,2,Full,CampsitePermit,Single Tent,
Caribou Munroes,QC ,2,Full,CampsitePermit,Less than 20ft,
Porters Lake,NS ,2,Full,CampsitePermit,Less than 30ft,
Rissers Beach,NS ,4,Full,CampsitePermit,Less than 20ft,
Mira River,QC ,2,Full,CampsitePermit,Single Tent,
Blomidon,NS ,2,Full,CampsitePermit,Single Tent,
Dollar Lake,NS ,2,Full,CampsitePermit,Less than 30ft,
Mira River,NS ,5,Full,CampsitePermit,Less than 20ft,
Blomidon,NS ,5,Full,CampsitePermit,Less than 20ft,
Caribou Munroes,QC ,2,Full,CampsitePermit,Less than 20ft,
Amherst Shore,NB ,2,Full,CampsitePermit,Single Tent,
Rissers Beach,NS ,5,FULL,CampsitePermit,Single Tent,
Graves Island,NS ,2,Full,CampsitePermit,Less than 30ft,
Thomas Raddall,NS ,4,Full,CampsitePermit,Tents,
Graves Island,NS ,2,Full,CampsitePermit,Single Tent,
Dollar Lake,NS ,4,Full,CampsitePermit,Single Tent,
Dollar Lake,NS ,4,Full,CampsitePermit,Single Tent,
Ellenwood Lake,NS ,3,Full,CampsitePermit,Less than 40ft,
Battery,BC ,2,Full,CampsitePermit,Single Tent,
Dollar Lake,ON ,2,Full,CampsitePermit,Single Tent,
The Islands,NS ,2,Full,CampsitePermit,Single Tent,
Caribou Munroes,AB ,2,Full,CampsitePermit,Single Tent,
Five Islands,NS ,3,Full,CampsitePermit,Single Tent,
Rissers Beach,NS ,2,Full,CampsitePermit,Less than 30ft,
Ellenwood Lake,NB ,2,Senior,CampsitePermit,Less than 20ft,
Graves Island,QC ,1,Full,CampsitePermit,Single Tent,
Blomidon,NS ,3,Full,CampsitePermit,Single Tent,
Amherst Shore,NS ,4,Full,CampsitePermit,Less than 20ft,
Blomidon,NS ,2,Senior,CampsitePermit,Less than 40ft,
Thomas Raddall,NS ,2,Full,CampsitePermit,Less than 30ft,
Laurie,NS ,3,Full,CampsitePermit,Less than 30ft,
Graves Island,NS ,2,Senior,CampsitePermit,Less than 40ft,
The Islands,NS ,4,Full,CampsitePermit,Less than 30ft,
Thomas Raddall,NS ,3,Full,CampsitePermit,Less than 20ft,
Blomidon,NS ,3,Full,CampsitePermit,Single Tent,
The Islands,NS ,4,Full,CampsitePermit,Less than 30ft,
Smileys,NS ,2,Full,CampsitePermit,Less than 20ft,
Whycocomagh,QC ,2,Full,CampsitePermit,Less than 40ft,
Rissers Beach,NS ,3,Full,CampsitePermit,Less than 30ft,
Laurie,NS ,2,Full,CampsitePermit,Single Tent,
Ellenwood Lake,NS ,2,Full,CampsitePermit,Single Tent,
Five Islands,NS ,5,Full,CampsitePermit,Tents,
Dollar Lake,NS ,1,Full,CampsitePermit,Single Tent,
Porters Lake,ON ,2,Full,CampsitePermit,Single Tent,
Thomas Raddall,NS ,4,Full,CampsitePermit,Tents,
Cape Chignecto,PE ,2,Full,BackcountryPermit,Single Tent,
Rissers Beach,NS ,4,Full,CampsitePermit,Less than 30ft,
Mira River,NS ,4,Full,CampsitePermit,Less than 30ft,
Graves Island,NS ,1,Full,CampsitePermit,Single Tent,
Cape Chignecto,ON ,4,Full,BackcountryPermit,Single Tent,
Blomidon,ON ,2,Full,CampsitePermit,Single Tent,
Dollar Lake,NS ,2,Full,CampsitePermit,Less than 20ft,
Valleyview,NS ,2,Full,CampsitePermit,Less than 40ft,
Caribou Munroes,NS ,4,Full,CampsitePermit,Tents,
Five Islands,NS ,4,Senior,CampsitePermit,Less than 20ft,
Porters Lake,NS ,6,Full,CampsitePermit,Tents,
Caribou Munroes,NS ,4,Full,CampsitePermit,Less than 30ft,
Thomas Raddall,NS ,4,Full,CampsitePermit,Less than 20ft,
Mira River,QC ,2,Full,CampsitePermit,Less than 20ft,
Caribou Munroes,QC ,2,Senior,CampsitePermit,Single Tent,
Rissers Beach,NB ,3,Full,CampsitePermit,Single Tent,
Rissers Beach,NS ,4,Full,CampsitePermit,Tents,
Thomas Raddall,NS ,2,Full,CampsitePermit,Single Tent,
Mira River,ON ,4,Full,CampsitePermit,Less than 40ft,
Laurie,ON ,4,Full,CampsitePermit,Less than 20ft,
Whycocomagh,QC ,2,Full,CampsitePermit,Single Tent,
Laurie,NS ,2,Full,CampsitePermit,Less than 20ft,
Dollar Lake,NS ,2,Full,CampsitePermit,Single Tent,
Thomas Raddall,NS ,1,Full,CampsitePermit,Single Tent,
Whycocomagh,QC ,2,Full,CampsitePermit,Single Tent,
Whycocomagh,ON ,1,Full,CampsitePermit,Single Tent,
Five Islands,QC ,2,Full,CampsitePermit,Single Tent,
Laurie,NS ,2,Full,CampsitePermit,Less than 40ft,
Rissers Beach,NS ,2,Senior,CampsitePermit,Less than 20ft,
Dollar Lake,NS ,2,Full,CampsitePermit,Less than 20ft,
Mira River,NS ,2,Full,CampsitePermit,Less than 20ft,
Mira River,NS ,2,Full,CampsitePermit,Less than 30ft,
Amherst Shore,NB ,2,Full,CampsitePermit,Less than 30ft,
Blomidon,NS ,5,Full,CampsitePermit,Less than 30ft,
Caribou Munroes,NS ,2,Full,CampsitePermit,Single Tent,
Smileys,NS ,2,Full,CampsitePermit,Less than 30ft,
Mira River,NS ,5,Full,CampsitePermit,Single Tent,
Ellenwood Lake,NS ,2,Full,CampsitePermit,Less than 20ft,
Dollar Lake,NS ,3,Full,CampsitePermit,Single Tent,
Smileys,NS ,2,Full,CampsitePermit,Less than 20ft,
Graves Island,NS ,2,Full,CampsitePermit,Less than 30ft,
Rissers Beach,QC ,2,Full,CampsitePermit,Single Tent,
Smileys,NS ,4,Full,CampsitePermit,Less than 20ft,
Battery,NS ,4,Full,CampsitePermit,Single Tent,
Mira River,NS ,5,Full,CampsitePermit,Less than 40ft,
Caribou Munroes,NS ,4,Full,CampsitePermit,Less than 20ft,
Five Islands,QC ,2,Full,CampsitePermit,Single Tent,
Porters Lake,NS ,2,Full,CampsitePermit,Single Tent,
Amherst Shore,NU ,2,Full,CampsitePermit,Single Tent,
Amherst Shore,ON ,4,Full,CampsitePermit,Tents,
Blomidon,NS ,2,Full,CampsitePermit,Single Tent,
Battery,ON ,2,Senior,CampsitePermit,Single Tent,
Amherst Shore,NS ,2,Senior,CampsitePermit,Single Tent,
Rissers Beach,NS ,4,Full,CampsitePermit,Less than 20ft,
Smileys,NS ,4,Full,CampsitePermit,Less than 40ft,
Caribou Munroes,NS ,4,Full,CampsitePermit,Tents,
Smileys,NS ,2,Senior,CampsitePermit,Less than 30ft,
Caribou Munroes,NS ,7,Full,CampsitePermit,Less than 20ft,
Graves Island,NS ,4,Full,CampsitePermit,Less than 20ft,
Rissers Beach,NS ,2,Full,CampsitePermit,Single Tent,
Dollar Lake,NS ,2,Full,CampsitePermit,Single Tent,
Whycocomagh,NS ,3,Veteran,CampsitePermit,Less than 40ft,
Boylston,PE ,2,Full,CampsitePermit,Single Tent,
Mira River,NS ,4,Full,CampsitePermit,Less than 30ft,
Rissers Beach,NS ,3,Full,CampsitePermit,Less than 40ft,
Whycocomagh,NS ,2,Full,CampsitePermit,Less than 40ft,
Caribou Munroes,NS ,2,Full,CampsitePermit,Less than 30ft,
Whycocomagh,NB ,4,Full,CampsitePermit,Tents,
Laurie,NS ,2,Full,CampsitePermit,Single Tent,
Rissers Beach,NS ,6,Full,CampsitePermit,Less than 20ft,
Blomidon,NS ,2,Senior,CampsitePermit,Single Tent,
Caribou Munroes,NS ,4,Full,CampsitePermit,Single Tent,
Ellenwood Lake,NS ,3,Full,CampsitePermit,Less than 40ft,
Rissers Beach,NS ,2,Senior,CampsitePermit,Less than 30ft,
Caribou Munroes,NS ,6,Senior,CampsitePermit,Less than 30ft,
Ellenwood Lake,NS ,2,Full,CampsitePermit,Single Tent,
Graves Island,NS ,2,Full,CampsitePermit,Less than 30ft,
Caribou Munroes,NS ,6,Full,CampsitePermit,Single Tent,
Graves Island,NS ,2,Full,CampsitePermit,Less than 20ft,
Blomidon,NS ,1,Full,CampsitePermit,Single Tent,
Mira River,NS ,2,Senior,CampsitePermit,Less than 20ft,
Mira River,ON ,4,Full,CampsitePermit,Single Tent,
Laurie,NS ,4,Full,CampsitePermit,Single Tent,
Whycocomagh,BC ,1,Full,CampsitePermit,Single Tent,
Ellenwood Lake,NS ,2,Full,CampsitePermit,Less than 30ft,
Caribou Munroes,NS ,5,Full,CampsitePermit,Single Tent,
Rissers Beach,NS ,2,Full,CampsitePermit,Less than 20ft,
Battery,QC ,3,Full,CampsitePermit,Single Tent,
Rissers Beach,NS ,2,Full,CampsitePermit,Less than 20ft,
Dollar Lake,NS ,2,Full,CampsitePermit,Single Tent,
Rissers Beach,NS ,2,Full,CampsitePermit,Single Tent,
Mira River,NS ,2,Full,CampsitePermit,Less than 20ft,
Rissers Beach,NS ,2,Full,CampsitePermit,Less than 20ft,
Mira River,NS ,6,Full,CampsitePermit,Less than 30ft,
Laurie,NS ,2,Senior,CampsitePermit,Less than 30ft,
Amherst Shore,NS ,4,Full,CampsitePermit,Less than 20ft,
Whycocomagh,NS ,2,Full,CampsitePermit,Single Tent,
Rissers Beach,NS ,2,Full,CampsitePermit,Less than 30ft,
Rissers Beach,NS ,2,Full,CampsitePermit,Single Tent,
Battery,QC ,2,Full,CampsitePermit,Single Tent,
Porters Lake,NS ,5,Full,CampsitePermit,Less than 20ft,
Battery,NS ,1,Full,CampsitePermit,Single Tent,
Battery,NS ,2,Full,CampsitePermit,Tents,
Rissers Beach,NS ,2,Full,CampsitePermit,Less than 30ft,
Dollar Lake,NS ,1,Full,CampsitePermit,Single Tent,
Rissers Beach,NS ,4,Full,CampsitePermit,Less than 30ft,
Five Islands,QC ,1,Full,CampsitePermit,Single Tent,
Rissers Beach,NS ,2,Full,CampsitePermit,Less than 20ft,
Dollar Lake,NS ,4,Full,CampsitePermit,Less than 20ft,
Mira River,NS ,2,Full,CampsitePermit,Single Tent,
Cape Chignecto,NB ,3,Full,BackcountryPermit,Cabin,
Caribou Munroes,NS ,5,Full,CampsitePermit,Less than 30ft,
Battery,QC ,2,Full,CampsitePermit,Single Tent,
Smileys,NS ,2,Full,CampsitePermit,Single Tent,
Smileys,ON ,3,Full,CampsitePermit,Single Tent,
Blomidon,NS ,2,Full,CampsitePermit,Single Tent,
Rissers Beach,NS ,1,Full,CampsitePermit,Less than 30ft,
Rissers Beach,NS ,6,Full,CampsitePermit,Tents,
Dollar Lake,NS ,3,Full,CampsitePermit,Single Tent,
Laurie,NS ,4,Full,CampsitePermit,Single Tent,
Caribou Munroes,NS ,2,Full,CampsitePermit,Less than 20ft,
Thomas Raddall,NS ,4,Full,CampsitePermit,Single Tent,
Rissers Beach,NS ,4,Full,CampsitePermit,Single Tent,
Battery,QC ,4,Full,CampsitePermit,Less than 30ft,
Mira River,ON ,5,Full,CampsitePermit,Single Tent,
Rissers Beach,NS ,3,Full,CampsitePermit,Less than 20ft,
Salsman,NS ,4,Full,CampsitePermit,Tents,
Graves Island,NS ,2,Full,CampsitePermit,Less than 30ft,
Smileys,NS ,4,Full,CampsitePermit,Single Tent,
Porters Lake,NS ,2,Full,CampsitePermit,Less than 20ft,
Graves Island,NS ,2,Full,CampsitePermit,Less than 30ft,
Graves Island,NS ,3,Full,CampsitePermit,Less than 30ft,
Graves Island,ON ,1,Full,CampsitePermit,Single Tent,
Whycocomagh,NS ,2,Full,CampsitePermit,Single Tent,
The Islands,NS ,3,Full,CampsitePermit,Single Tent,
Blomidon,NS ,2,Full,CampsitePermit,Single Tent,
Caribou Munroes,NS ,6,Full,CampsitePermit,Less than 30ft,
Dollar Lake,NS ,1,Full,CampsitePermit,Single Tent,
Graves Island,NS ,2,Full,CampsitePermit,Less than 20ft,
Amherst Shore,NS ,4,Full,CampsitePermit,Less than 20ft,
Five Islands,AB ,2,Full,CampsitePermit,Single Tent,
Cape Chignecto,NS ,2,Full,BackcountryPermit,Single Tent,
Smileys,NS ,2,Full,CampsitePermit,Less than 30ft,
Rissers Beach,NS ,4,Full,CampsitePermit,Single Tent,
Rissers Beach,NS ,1,Full,CampsitePermit,Single Tent,
Five Islands,NS ,2,Full,CampsitePermit,Single Tent,
Blomidon,NS ,2,Full,CampsitePermit,Less than 20ft,
Rissers Beach,NS ,3,Full,CampsitePermit,Less than 30ft,
Salsman,NS ,4,Full,CampsitePermit,Single Tent,
Whycocomagh,NS ,2,Full,CampsitePermit,Less than 30ft,
Rissers Beach,NS ,3,Full,CampsitePermit,Less than 30ft,
Porters Lake,NS ,3,Full,CampsitePermit,Single Tent,
Mira River,NS ,3,Full,CampsitePermit,Tents,
Laurie,QC ,4,Full,CampsitePermit,Less than 30ft,
Caribou Munroes,NS ,1,Full,CampsitePermit,Less than 30ft,
Dollar Lake,NS ,2,Full,CampsitePermit,Single Tent,
Caribou Munroes,NS ,2,Full,CampsitePermit,Less than 30ft,
Blomidon,NS ,5,Full,CampsitePermit,Single Tent,
Porters Lake,NS ,2,Full,CampsitePermit,Less than 30ft,
Blomidon,NS ,4,Full,CampsitePermit,Less than 20ft,
Graves Island,NS ,2,Full,CampsitePermit,Single Tent,
Salsman,NS ,4,Full,CampsitePermit,Less than 30ft,
Amherst Shore,NS ,2,Full,CampsitePermit,Single Tent,
Graves Island,NS ,5,Full,CampsitePermit,Less than 40ft,
Porters Lake,NB ,6,Full,CampsitePermit,Single Tent,
Thomas Raddall,NS ,6,Full,CampsitePermit,Tents,
Porters Lake,NS ,6,Senior,CampsitePermit,Tents,
Rissers Beach,NS ,3,Full,CampsitePermit,Less than 40ft,
Mira River,BC ,2,Senior,CampsitePermit,Single Tent,
Amherst Shore,QC ,2,Full,CampsitePermit,Tents,
Whycocomagh,NS ,2,Full,CampsitePermit,Less than 40ft,
Caribou Munroes,NS ,2,Full,CampsitePermit,Single Tent,
Smileys,NS ,4,Full,CampsitePermit,Single Tent,
Thomas Raddall,NS ,5,Full,CampsitePermit,Single Tent,
Blomidon,NS ,4,Full,CampsitePermit,Single Tent,
Rissers Beach,NS ,2,Senior,CampsitePermit,Less than 20ft,
Cape Chignecto,NS ,2,Full,BackcountryPermit,Cabin,
Rissers Beach,NS ,2,Full,CampsitePermit,Less than 30ft,
Smileys,NS ,4,Full,CampsitePermit,Tents,
Laurie,NS ,3,Full,CampsitePermit,Single Tent,
Salsman,NS ,2,Full,CampsitePermit,Single Tent,
Five Islands,ON ,2,Senior,CampsitePermit,Single Tent,
Rissers Beach,NS ,5,Full,CampsitePermit,Single Tent,
Blomidon,NS ,3,Full,CampsitePermit,Single Tent,
Dollar Lake,NS ,5,Full,CampsitePermit,Tents,
Caribou Munroes,ON ,2,Full,CampsitePermit,Single Tent,
Mira River,NS ,7,Full,CampsitePermit,Tents,
Cape Chignecto,ON ,2,Full,BackcountryPermit,Single Tent,
Rissers Beach,NS ,4,Full,CampsitePermit,Single Tent,
Amherst Shore,ON ,2,Full,CampsitePermit,Single Tent,
Graves Island,NS ,2,Senior,CampsitePermit,Less than 30ft,
Graves Island,NS ,5,Full,CampsitePermit,Less than 20ft,
Mira River,NS ,5,Full,CampsitePermit,Less than 30ft,
Whycocomagh,NS ,2,Full,CampsitePermit,Single Tent,
Rissers Beach,NS ,1,Senior,CampsitePermit,Less than 20ft,
Dollar Lake,NS ,4,Full,CampsitePermit,Less than 20ft,
Battery,ON ,2,Full,CampsitePermit,Single Tent,
Amherst Shore,QC ,1,Full,CampsitePermit,Single Tent,
Rissers Beach,AB ,1,Full,CampsitePermit,Single Tent,
Blomidon,NS ,2,Full,CampsitePermit,Less than 30ft,
Blomidon,NS ,4,Full,CampsitePermit,Single Tent,
Blomidon,NS ,2,Full,CampsitePermit,Single Tent,
Battery,NS ,2,Full,CampsitePermit,Single Tent,
Battery,ON ,1,Full,CampsitePermit,Single Tent,
Laurie,NS ,4,Full,CampsitePermit,Single Tent,
Five Islands,NS ,2,Veteran,CampsitePermit,Single Tent,
Blomidon,NS ,3,Full,CampsitePermit,Tents,
Rissers Beach,NS ,3,Full,CampsitePermit,Less than 40ft,
Blomidon,NS ,2,FULL,CampsitePermit,Less than 20ft,
Porters Lake,NS ,1,Senior,CampsitePermit,Less than 20ft,
Thomas Raddall,NS ,4,Full,CampsitePermit,Tents,
Valleyview,NB ,2,Senior,CampsitePermit,Single Tent,
Smileys,NS ,2,Full,CampsitePermit,Single Tent,
Salsman,NS ,4,Full,CampsitePermit,Less than 30ft,
Rissers Beach,NS ,5,Full,CampsitePermit,Less than 30ft,
Blomidon,NS ,4,Full,CampsitePermit,Single Tent,
Rissers Beach,NS ,4,Full,CampsitePermit,Less than 40ft,
Dollar Lake,PE ,6,Full,CampsitePermit,Tents,
Whycocomagh,AB ,2,Full,CampsitePermit,Less than 30ft,
Caribou Munroes,QC ,1,Senior,CampsitePermit,Less than 20ft,
Battery,QC ,3,Full,CampsitePermit,Single Tent,
Rissers Beach,NS ,2,Full,CampsitePermit,Less than 20ft,
Mira River,ON ,5,Full,CampsitePermit,Single Tent,
Graves Island,NB ,1,Full,CampsitePermit,Single Tent,
Mira River,QC ,3,Full,CampsitePermit,Single Tent,
Caribou Munroes,NS ,2,Full,CampsitePermit,Single Tent,
Ellenwood Lake,NS ,3,Full,CampsitePermit,Less than 20ft,
Mira River,QC ,2,Full,CampsitePermit,Single Tent,
Cape Chignecto,PE ,3,Full,BackcountryPermit,Single Tent,
Battery,ON ,2,Full,CampsitePermit,Single Tent,
Caribou Munroes,NB ,2,Senior,CampsitePermit,Single Tent,
Battery,SK ,2,Full,CampsitePermit,Less than 20ft,
Five Islands,NS ,2,Full,CampsitePermit,Less than 30ft,
Amherst Shore,ON ,2,Senior,CampsitePermit,Single Tent,
Battery,NS ,2,Senior,CampsitePermit,Less than 30ft,
Blomidon,NS ,6,Full,CampsitePermit,Single Tent,
Caribou Munroes,QC ,2,Full,CampsitePermit,Single Tent,
Amherst Shore,ON ,3,Full,CampsitePermit,Single Tent,
Caribou Munroes,NS ,2,Full,CampsitePermit,Single Tent,
Thomas Raddall,ON ,2,Full,CampsitePermit,Single Tent,
Caribou Munroes,NS ,4,Full,CampsitePermit,Tents,
Caribou Munroes,BC ,2,Senior,CampsitePermit,Less than 20ft,
Blomidon,NS ,3,Full,CampsitePermit,Tents,
Five Islands,NS ,2,Full,CampsitePermit,Single Tent,
Laurie,NS ,4,Full,CampsitePermit,Single Tent,
Ellenwood Lake,NS ,2,Full,CampsitePermit,Single Tent,
Dollar Lake,NS ,4,Full,CampsitePermit,Less than 20ft,
Graves Island,NS ,2,Full,CampsitePermit,Less than 20ft,
Caribou Munroes,BC ,2,Full,CampsitePermit,Less than 20ft,
The Islands,NS ,3,Full,CampsitePermit,Single Tent,
Thomas Raddall,NS ,2,Senior,CampsitePermit,Less than 20ft,
Smileys,NS ,4,Full,CampsitePermit,Less than 30ft,
Smileys,NS ,3,Full,CampsitePermit,Single Tent,
Dollar Lake,NS ,6,Full,CampsitePermit,Tents,
Graves Island,ON ,4,Full,CampsitePermit,Single Tent,
Mira River,QC ,2,Full,CampsitePermit,Single Tent,
Blomidon,NS ,2,Full,CampsitePermit,Less than 20ft,
Thomas Raddall,NS ,4,Full,CampsitePermit,Less than 20ft,
Graves Island,NS ,3,Full,CampsitePermit,Single Tent,
Laurie,NB ,2,Full,CampsitePermit,Single Tent,
Porters Lake,ON ,2,Full,CampsitePermit,Less than 30ft,
Amherst Shore,NS ,2,Full,CampsitePermit,Less than 20ft,
Mira River,BC ,2,Full,CampsitePermit,Single Tent,
Blomidon,NS ,2,Full,CampsitePermit,Single Tent,
Porters Lake,NS ,6,Full,CampsitePermit,Less than 30ft,
Dollar Lake,NS ,6,Full,CampsitePermit,Tents,
Rissers Beach,ON ,4,Full,CampsitePermit,Tents,
Blomidon,NS ,3,Full,CampsitePermit,Single Tent,
Mira River,NS ,4,Full,CampsitePermit,Less than 40ft,
Blomidon,NS ,2,Full,CampsitePermit,Single Tent,
Rissers Beach,NS ,2,Full,CampsitePermit,Less than 20ft,
Rissers Beach,NS ,3,Full,CampsitePermit,Tents,
Amherst Shore,AB ,1,Full,CampsitePermit,Single Tent,
Porters Lake,ON ,4,Full,CampsitePermit,Less than 20ft,
Rissers Beach,NS ,2,Full,CampsitePermit,Tents,
Dollar Lake,NS ,5,Full,CampsitePermit,Single Tent,
Battery,NS ,1,Full,CampsitePermit,Single Tent,
Dollar Lake,NS ,2,Full,CampsitePermit,Less than 30ft,
Porters Lake,NS ,3,Full,CampsitePermit,Less than 30ft,
Laurie,ON ,5,Full,CampsitePermit,Single Tent,
Rissers Beach,NS ,2,Senior,CampsitePermit,Less than 40ft,
Thomas Raddall,QC ,2,Full,CampsitePermit,Single Tent,
Ellenwood Lake,NS ,4,Full,CampsitePermit,Single Tent,
Rissers Beach,NS ,2,Senior,CampsitePermit,Less than 20ft,
Whycocomagh,BC ,1,Senior,CampsitePermit,Single Tent,
Thomas Raddall,NS ,2,Full,CampsitePermit,Less than 30ft,
Salsman,NS ,6,Full,CampsitePermit,Less than 30ft,
Mira River,NS ,2,Full,CampsitePermit,Less than 30ft,
Porters Lake,NS ,4,Full,CampsitePermit,Single Tent,
The Islands,NS ,2,Full,CampsitePermit,Less than 20ft,
Caribou Munroes,ON ,2,Full,CampsitePermit,Tents,
Caribou Munroes,NS ,4,Full,CampsitePermit,Less than 20ft,
Graves Island,NS ,3,Full,CampsitePermit,Less than 40ft,
Graves Island,ON ,1,Senior,CampsitePermit,Less than 30ft,
Porters Lake,NS ,4,Full,CampsitePermit,Less than 30ft,
Ellenwood Lake,QC ,1,Senior,CampsitePermit,Single Tent,
Smileys,NS ,4,Full,CampsitePermit,Single Tent,
Blomidon,QC ,2,Full,CampsitePermit,Single Tent,
Dollar Lake,NS ,4,Full,CampsitePermit,Single Tent,
Dollar Lake,NS ,5,Full,CampsitePermit,Less than 20ft,
Laurie,NS ,2,Veteran,CampsitePermit,Less than 40ft,
Dollar Lake,NS ,5,Full,CampsitePermit,Less than 30ft,
Caribou Munroes,NS ,4,Full,CampsitePermit,Single Tent,
Five Islands,QC ,2,Full,CampsitePermit,Single Tent,
Smileys,NS ,5,Full,CampsitePermit,Greater than 40ft,
Mira River,QC ,1,Full,CampsitePermit,Single Tent,
Blomidon,NS ,2,Full,CampsitePermit,Single Tent,
Laurie,NS ,4,Full,CampsitePermit,Less than 20ft,
Whycocomagh,ON ,2,Senior,CampsitePermit,Less than 20ft,
Rissers Beach,NS ,6,Full,CampsitePermit,Single Tent,
Caribou Munroes,NS ,2,Full,CampsitePermit,Single Tent,
Amherst Shore,ON ,2,Senior,CampsitePermit,Single Tent,
Thomas Raddall,NS ,4,Full,CampsitePermit,Less than 40ft,
Graves Island,NS ,2,Full,CampsitePermit,Less than 20ft,
Mira River,NS ,5,Full,CampsitePermit,Tents,
Amherst Shore,NS ,1,Full,CampsitePermit,Single Tent,
Mira River,NS ,4,Full,CampsitePermit,Single Tent,
Ellenwood Lake,MB ,2,Full,CampsitePermit,Single Tent,
Ellenwood Lake,NS ,4,Full,CampsitePermit,Single Tent,
Ellenwood Lake,NS ,2,Full,CampsitePermit,Single Tent,
Thomas Raddall,NS ,2,Full,CampsitePermit,Less than 20ft,
Porters Lake,NS ,2,Full,CampsitePermit,Single Tent,
Cape Chignecto,NS ,1,Full,BackcountryPermit,Single Tent,
Graves Island,NS ,1,Full,CampsitePermit,Single Tent,
Graves Island,NS ,3,Full,CampsitePermit,Tents,
Laurie,NS ,3,Full,CampsitePermit,Single Tent,
Ellenwood Lake,QC ,2,Full,CampsitePermit,Single Tent,
Battery,QC ,2,Senior,CampsitePermit,Single Tent,
Whycocomagh,NS ,4,Senior,CampsitePermit,Less than 30ft,
Valleyview,NS ,2,Full,CampsitePermit,Single Tent,
Rissers Beach,NS ,3,Senior,CampsitePermit,Less than 40ft,
Graves Island,NS ,2,Full,CampsitePermit,Less than 40ft,
Mira River,NS ,4,Full,CampsitePermit,Less than 20ft,
Blomidon,NS ,4,Senior,CampsitePermit,Less than 20ft,
Whycocomagh,QC ,2,Full,CampsitePermit,Single Tent,
Dollar Lake,NS ,4,Full,CampsitePermit,Tents,
Battery,NS ,4,Full,CampsitePermit,Tents,
Five Islands,NS ,2,Full,CampsitePermit,Less than 20ft,
Rissers Beach,NS ,7,Full,CampsitePermit,Less than 20ft,
Blomidon,NS ,2,Senior,CampsitePermit,Single Tent,
Porters Lake,NS ,5,Full,CampsitePermit,Less than 20ft,
Dollar Lake,NS ,2,Full,CampsitePermit,Single Tent,
Rissers Beach,NS ,2,Full,CampsitePermit,Less than 20ft,
Caribou Munroes,NS ,3,Full,CampsitePermit,Less than 30ft,
Blomidon,PE ,6,Full,CampsitePermit,Single Tent,
Mira River,ON ,3,Full,CampsitePermit,Single Tent,
Dollar Lake,NS ,2,Full,CampsitePermit,Single Tent,
Thomas Raddall,NS ,2,Full,CampsitePermit,Single Tent,
Ellenwood Lake,NS ,4,Full,CampsitePermit,Less than 30ft,
Porters Lake,QC ,2,Senior,CampsitePermit,Single Tent,
Graves Island,NS ,4,Full,CampsitePermit,Less than 20ft,
Ellenwood Lake,NS ,4,Full,CampsitePermit,Single Tent,
Caribou Munroes,NS ,2,Full,CampsitePermit,Single Tent,
Mira River,NS ,3,Full,CampsitePermit,Single Tent,
Smileys,NS ,2,Full,CampsitePermit,Single Tent,
Graves Island,NS ,1,Full,CampsitePermit,Single Tent,
Amherst Shore,NB ,2,Senior,CampsitePermit,Less than 30ft,
Blomidon,SK ,2,Full,CampsitePermit,Single Tent,
Whycocomagh,ON ,2,Senior,CampsitePermit,Less than 20ft,
Smileys,AB ,1,Full,CampsitePermit,Less than 30ft,
Five Islands,NS ,2,Senior,CampsitePermit,Single Tent,
Ellenwood Lake,NS ,4,Full,CampsitePermit,Less than 30ft,
Whycocomagh,QC ,2,Full,CampsitePermit,Single Tent,
Ellenwood Lake,NS ,3,Full,CampsitePermit,Single Tent,
Rissers Beach,NS ,1,Full,CampsitePermit,Less than 30ft,
Mira River,QC ,2,Full,CampsitePermit,Single Tent,
Amherst Shore,NS ,2,Full,CampsitePermit,Single Tent,
Smileys,NS ,2,Full,CampsitePermit,Less than 40ft,
Rissers Beach,NS ,2,Full,CampsitePermit,Less than 20ft,
Thomas Raddall,NS ,4,Full,CampsitePermit,Single Tent,
Graves Island,ON ,2,Senior,CampsitePermit,Single Tent,
Blomidon,NS ,1,Full,CampsitePermit,Single Tent,
Rissers Beach,NS ,3,Full,CampsitePermit,Single Tent,
Amherst Shore,QC ,2,Full,CampsitePermit,Single Tent,
Graves Island,NS ,2,Senior,CampsitePermit,Less than 30ft,
Graves Island,NS ,2,Full,CampsitePermit,Single Tent,
Mira River,NS ,4,Full,CampsitePermit,Less than 30ft,
Smileys,NS ,2,Senior,CampsitePermit,Single Tent,
Rissers Beach,NS ,2,Full,CampsitePermit,Less than 30ft,
Amherst Shore,NS ,5,Full,CampsitePermit,Less than 20ft,
The Islands,NS ,2,Full,CampsitePermit,Less than 20ft,
Laurie,NS ,5,Full,CampsitePermit,Tents,
Ellenwood Lake,NS ,2,Full,CampsitePermit,Single Tent,
Mira River,NS ,4,Full,CampsitePermit,Single Tent,
Mira River,NS ,2,Senior,CampsitePermit,Single Tent,
Five Islands,NS ,4,Full,CampsitePermit,Less than 20ft,
Mira River,QC ,6,Full,CampsitePermit,Less than 30ft,
Graves Island,NS ,4,Full,CampsitePermit,Tents,
Graves Island,QC ,2,Full,CampsitePermit,Less than 20ft,
Blomidon,NS ,2,Full,CampsitePermit,Less than 30ft,
Graves Island,NS ,2,Senior,CampsitePermit,Less than 30ft,
Smileys,NS ,6,Full,CampsitePermit,Tents,
Mira River,NS ,3,Full,CampsitePermit,Less than 20ft,
Valleyview,NS ,2,Full,CampsitePermit,Single Tent,
Mira River,NS ,3,Full,CampsitePermit,Less than 20ft,
Graves Island,NS ,2,Senior,CampsitePermit,Less than 20ft,
Mira River,BC ,2,Full,CampsitePermit,Less than 30ft,
Porters Lake,QC ,4,Full,CampsitePermit,Single Tent,
Dollar Lake,NS ,2,Full,CampsitePermit,Less than 30ft,
Battery,PE ,2,Senior,CampsitePermit,Single Tent,
Mira River,NS ,4,Full,CampsitePermit,Less than 20ft,
Boylston,NS ,4,Full,CampsitePermit,Less than 30ft,
Dollar Lake,NS ,2,Full,CampsitePermit,Single Tent,
Cape Chignecto,NS ,2,Full,BackcountryPermit,Cabin,
Mira River,NS ,6,Full,CampsitePermit,Less than 40ft,
Graves Island,ON ,2,Full,CampsitePermit,Single Tent,
Blomidon,NS ,3,Full,CampsitePermit,Single Tent,
Smileys,NS ,5,Full,CampsitePermit,Less than 30ft,
Battery,NS ,3,Full,CampsitePermit,Single Tent,
Rissers Beach,NS ,4,Full,CampsitePermit,Less than 20ft,
Amherst Shore,NS ,6,Full,CampsitePermit,Less than 30ft,
Caribou Munroes,PE ,2,Full,CampsitePermit,Single Tent,
The Islands,NS ,2,Full,CampsitePermit,Single Tent,
Amherst Shore,QC ,2,Full,CampsitePermit,Less than 20ft,
Porters Lake,NS ,4,Full,CampsitePermit,Single Tent,
Graves Island,ON ,4,Full,CampsitePermit,Tents,
Graves Island,NS ,4,Full,CampsitePermit,Single Tent,
Caribou Munroes,NS ,4,Full,CampsitePermit,Less than 30ft,
Porters Lake,NS ,2,Senior,CampsitePermit,Less than 30ft,
Amherst Shore,QC ,2,Full,CampsitePermit,Single Tent,
Thomas Raddall,QC ,2,Full,CampsitePermit,Single Tent,
Caribou Munroes,NS ,3,Full,CampsitePermit,Less than 20ft,
Thomas Raddall,NS ,2,Full,CampsitePermit,Less than 30ft,
Graves Island,NS ,4,Full,CampsitePermit,Single Tent,
Cape Chignecto,QC ,2,Full,BackcountryPermit,Single Tent,
Graves Island,NS ,1,Full,CampsitePermit,Single Tent,
Smileys,BC ,1,Full,CampsitePermit,Single Tent,
Graves Island,NS ,2,Full,CampsitePermit,Less than 30ft,
Cape Chignecto,NS ,1,Full,BackcountryPermit,Single Tent,
Smileys,NS ,2,Senior,CampsitePermit,Less than 30ft,
Porters Lake,NS ,3,Full,CampsitePermit,Tents,
Graves Island,AB ,2,Full,CampsitePermit,Single Tent,
Dollar Lake,NB ,2,Full,CampsitePermit,Single Tent,
Mira River,NS ,4,Senior,CampsitePermit,Less than 30ft,
Porters Lake,NS ,1,Full,CampsitePermit,Less than 30ft,
Thomas Raddall,ON ,3,Full,CampsitePermit,Less than 30ft,
Mira River,ON ,2,Senior,CampsitePermit,Less than 20ft,
Blomidon,ON ,2,Full,CampsitePermit,Single Tent,
Rissers Beach,NS ,2,Senior,CampsitePermit,Less than 30ft,
Blomidon,NS ,2,Full,CampsitePermit,Single Tent,
Thomas Raddall,NS ,2,Senior,CampsitePermit,Less than 30ft,
Porters Lake,NS ,6,Full,CampsitePermit,Less than 40ft,
Porters Lake,NS ,2,Full,CampsitePermit,Single Tent,
Porters Lake,NS ,2,Full,CampsitePermit,Single Tent,
Laurie,QC ,1,Full,CampsitePermit,Single Tent,
Mira River,NS ,4,Full,CampsitePermit,Less than 20ft,
Battery,QC ,3,Senior,CampsitePermit,Single Tent,
Rissers Beach,NS ,4,Full,CampsitePermit,Less than 40ft,
Thomas Raddall,NS ,2,Full,CampsitePermit,Less than 20ft,
Mira River,NS ,3,Full,CampsitePermit,Single Tent,
Mira River,NS ,5,Full,CampsitePermit,Less than 30ft,
Caribou Munroes,NS ,2,Full,CampsitePermit,Single Tent,
Porters Lake,NS ,2,Veteran,CampsitePermit,Less than 40ft,
Dollar Lake,NS ,2,Full,CampsitePermit,Single Tent,
Smileys,NS ,2,Full,CampsitePermit,Single Tent,
Smileys,BC ,3,Full,CampsitePermit,Single Tent,
Valleyview,NS ,2,Full,CampsitePermit,Less than 30ft,
Mira River,ON ,2,Senior,CampsitePermit,Single Tent,
Graves Island,NS ,4,Full,CampsitePermit,Single Tent,
Dollar Lake,NB ,5,Full,CampsitePermit,Tents,
Valleyview,ON ,4,Full,CampsitePermit,Single Tent,
Laurie,NS ,2,Full,CampsitePermit,Less than 30ft,
Graves Island,NS ,2,Full,CampsitePermit,Less than 30ft,
Thomas Raddall,QC ,1,Full,CampsitePermit,Single Tent,
Salsman,NS ,2,Full,CampsitePermit,Single Tent,
Dollar Lake,NS ,3,Full,CampsitePermit,Less than 20ft,
Thomas Raddall,NS ,3,Full,CampsitePermit,Less than 20ft,
Graves Island,QC ,1,Full,CampsitePermit,Single Tent,
Laurie,NS ,2,Full,CampsitePermit,Less than 40ft,
Graves Island,NS ,4,Full,CampsitePermit,Tents,
Smileys,NS ,2,Full,CampsitePermit,Less than 30ft,
Battery,NS ,2,Full,CampsitePermit,Single Tent,
Mira River,NB ,2,Senior,CampsitePermit,Less than 40ft,
Rissers Beach,NS ,4,Full,CampsitePermit,Less than 30ft,
Amherst Shore,NS ,2,Full,CampsitePermit,Single Tent,
Whycocomagh,QC ,2,Full,CampsitePermit,Single Tent,
Smileys,NS ,2,Full,CampsitePermit,Single Tent,
Boylston,QC ,2,Full,CampsitePermit,Single Tent,
Laurie,NS ,3,Full,CampsitePermit,Single Tent,
Rissers Beach,NS ,4,Full,CampsitePermit,Less than 20ft,
Rissers Beach,NS ,4,Full,CampsitePermit,Less than 30ft,
Caribou Munroes,NS ,3,Senior,CampsitePermit,Less than 30ft,
Salsman,NS ,2,Full,CampsitePermit,Less than 20ft,
Caribou Munroes,NS ,4,Full,CampsitePermit,Less than 20ft,
Battery,NS ,2,Full,CampsitePermit,Single Tent,
Caribou Munroes,QC ,3,Full,CampsitePermit,Single Tent,
Thomas Raddall,NS ,4,Full,CampsitePermit,Single Tent,
Caribou Munroes,NS ,4,Full,CampsitePermit,Single Tent,
Dollar Lake,NS ,2,Full,CampsitePermit,Single Tent,
Rissers Beach,NS ,2,Full,CampsitePermit,Less than 40ft,
Mira River,QC ,1,Full,CampsitePermit,Single Tent,
Graves Island,NS ,2,Full,CampsitePermit,Less than 30ft,
Dollar Lake,NS ,2,Veteran,CampsitePermit,Single Tent,
Whycocomagh,ON ,2,Senior,CampsitePermit,Less than 30ft,
Thomas Raddall,NS ,2,Full,CampsitePermit,Less than 30ft,
Porters Lake,NS ,2,Full,CampsitePermit,Single Tent,
Rissers Beach,NS ,2,Full,CampsitePermit,Single Tent,
Caribou Munroes,NS ,2,Full,CampsitePermit,Less than 40ft,
Cape Chignecto,NS ,2,Full,BackcountryPermit,Single Tent,
Five Islands,AB ,2,Full,CampsitePermit,Single Tent,
Dollar Lake,NS ,3,Full,CampsitePermit,Single Tent,
Blomidon,NS ,2,Full,CampsitePermit,Single Tent,
Caribou Munroes,NS ,6,Full,CampsitePermit,Tents,
Whycocomagh,AB ,2,Full,CampsitePermit,Single Tent,
Graves Island,NS ,2,Full,CampsitePermit,Less than 40ft,
Graves Island,NS ,2,Full,CampsitePermit,Less than 30ft,
Caribou Munroes,NS ,5,Full,CampsitePermit,Less than 30ft,
Thomas Raddall,AB ,2,Full,CampsitePermit,Single Tent,
Rissers Beach,NS ,4,Full,CampsitePermit,Greater than 40ft,
Rissers Beach,NS ,4,Full,CampsitePermit,Single Tent,
Amherst Shore,NS ,4,Full,CampsitePermit,Less than 20ft,
Five Islands,ON ,2,Full,CampsitePermit,Single Tent,
Whycocomagh,NB ,6,Full,CampsitePermit,Tents,
Cape Chignecto,NS ,3,Full,BackcountryPermit,Cabin,
Smileys,NS ,2,Full,CampsitePermit,Single Tent,
Mira River,NS ,2,Full,CampsitePermit,Less than 20ft,
Thomas Raddall,NS ,3,Full,CampsitePermit,Single Tent,
Mira River,NS ,5,Full,CampsitePermit,Tents,
Graves Island,NS ,4,Full,CampsitePermit,Tents,
Amherst Shore,ON ,2,Full,CampsitePermit,Single Tent,
Graves Island,NS ,6,Full,CampsitePermit,Tents,
Ellenwood Lake,NS ,2,Full,CampsitePermit,Single Tent,
Caribou Munroes,NS ,2,Senior,CampsitePermit,Less than 30ft,
Ellenwood Lake,NS ,4,Full,CampsitePermit,Less than 30ft,
Amherst Shore,ON ,2,Full,CampsitePermit,Less than 20ft,
Blomidon,NS ,2,Full,CampsitePermit,Single Tent,
Thomas Raddall,NS ,2,Full,CampsitePermit,Single Tent,
Ellenwood Lake,NS ,4,Full,CampsitePermit,Single Tent,
Rissers Beach,NS ,4,Full,CampsitePermit,Less than 40ft,
Graves Island,NS ,3,Full,CampsitePermit,Less than 30ft,
Porters Lake,NS ,2,Full,CampsitePermit,Single Tent,
The Islands,NS ,2,Full,CampsitePermit,Single Tent,
Graves Island,NS ,4,Full,CampsitePermit,Single Tent,
Caribou Munroes,NS ,4,Full,CampsitePermit,Less than 30ft,
Smileys,NS ,2,Full,CampsitePermit,Less than 30ft,
Laurie,NS ,4,Full,CampsitePermit,Less than 20ft,
Graves Island,NS ,2,Full,CampsitePermit,Single Tent,
Valleyview,AB ,2,Full,CampsitePermit,Single Tent,
Five Islands,NS ,5,Full,CampsitePermit,Single Tent,
Rissers Beach,NS ,2,Senior,CampsitePermit,Less than 20ft,
Porters Lake,NS ,5,Full,CampsitePermit,Single Tent,
Caribou Munroes,NS ,2,Full,CampsitePermit,Less than 20ft,
Battery,ON ,1,Full,CampsitePermit,Single Tent,
Five Islands,NS ,2,Full,CampsitePermit,Single Tent,
Five Islands,NS ,3,Full,CampsitePermit,Single Tent,
Graves Island,ON ,3,Full,CampsitePermit,Tents,
Caribou Munroes,QC ,2,Senior,CampsitePermit,Less than 30ft,
Five Islands,AB ,3,Full,CampsitePermit,Less than 30ft,
Boylston,BC ,3,Senior,CampsitePermit,Less than 20ft,
Graves Island,NS ,5,Full,CampsitePermit,Tents,
Porters Lake,NS ,1,Full,CampsitePermit,Tents,
Five Islands,QC ,4,Full,CampsitePermit,Single Tent,
Porters Lake,QC ,2,Full,CampsitePermit,Single Tent,
Dollar Lake,NS ,2,Full,CampsitePermit,Less than 20ft,
Thomas Raddall,NS ,3,Full,CampsitePermit,Single Tent,
Thomas Raddall,NS ,3,Full,CampsitePermit,Single Tent,
Thomas Raddall,NS ,1,Full,CampsitePermit,Single Tent,
Dollar Lake,NS ,4,Full,CampsitePermit,Less than 30ft,
Rissers Beach,NS ,4,Full,CampsitePermit,Less than 30ft,
Battery,NS ,2,Senior,CampsitePermit,Less than 30ft,
Thomas Raddall,NS ,2,Full,CampsitePermit,Single Tent,
Thomas Raddall,NS ,2,Senior,CampsitePermit,Less than 20ft,
Rissers Beach,NS ,2,Senior,CampsitePermit,Single Tent,
Salsman,NS ,2,Full,CampsitePermit,Single Tent,
Blomidon,NS ,4,Full,CampsitePermit,Single Tent,
Thomas Raddall,NS ,2,Full,CampsitePermit,Single Tent,
Battery,ON ,2,Full,CampsitePermit,Single Tent,
Rissers Beach,NS ,2,Senior,CampsitePermit,Single Tent,
Mira River,NS ,4,Full,CampsitePermit,Less than 30ft,
Graves Island,NB ,5,Full,CampsitePermit,Less than 20ft,
Dollar Lake,NS ,4,Full,CampsitePermit,Tents,
Mira River,NS ,2,Full,CampsitePermit,Less than 30ft,
Porters Lake,QC ,2,Full,CampsitePermit,Single Tent,
Rissers Beach,NS ,4,Full,CampsitePermit,Less than 30ft,
Graves Island,NS ,2,Full,CampsitePermit,Less than 30ft,
Mira River,AB ,2,Full,CampsitePermit,Less than 20ft,
Blomidon,NS ,2,Full,CampsitePermit,Single Tent,
Caribou Munroes,NS ,5,Full,CampsitePermit,Less than 30ft,
Porters Lake,ON ,3,Full,CampsitePermit,Single Tent,
Dollar Lake,NS ,2,Full,CampsitePermit,Single Tent,
Blomidon,NS ,2,Full,CampsitePermit,Single Tent,
Mira River,NS ,4,Full,CampsitePermit,Single Tent,
Cape Chignecto,NB ,2,Full,BackcountryPermit,Single Tent,
Rissers Beach,NS ,6,Full,CampsitePermit,Tents,
Graves Island,NS ,2,Full,CampsitePermit,Less than 40ft,
Caribou Munroes,BC ,1,Full,CampsitePermit,Single Tent,
Whycocomagh,NS ,2,Full,CampsitePermit,Single Tent,
Porters Lake,NS ,4,Full,CampsitePermit,Single Tent,
Dollar Lake,NS ,3,Full,CampsitePermit,Single Tent,
Thomas Raddall,NS ,4,Full,CampsitePermit,Single Tent,
Mira River,NS ,2,Full,CampsitePermit,Less than 40ft,
Blomidon,NS ,2,Full,CampsitePermit,Single Tent,
Rissers Beach,NS ,3,Full,CampsitePermit,Single Tent,
Five Islands,ON ,2,Full,CampsitePermit,Single Tent,
Dollar Lake,NS ,1,Full,CampsitePermit,Single Tent,
Rissers Beach,AB ,4,Full,CampsitePermit,Less than 40ft,
Porters Lake,NS ,3,Full,CampsitePermit,Tents,
Amherst Shore,QC ,2,Full,CampsitePermit,Less than 20ft,
Five Islands,QC ,2,Full,CampsitePermit,Single Tent,
Blomidon,NS ,2,Full,CampsitePermit,Single Tent,
Graves Island,NS ,5,Senior,CampsitePermit,Less than 20ft,
Graves Island,NS ,3,Full,CampsitePermit,Less than 20ft,
Graves Island,NS ,2,Senior,CampsitePermit,Less than 40ft,
Laurie,NS ,3,Full,CampsitePermit,Less than 20ft,
Valleyview,BC ,2,Senior,CampsitePermit,Less than 20ft,
Porters Lake,NS ,1,Full,CampsitePermit,Single Tent,
Rissers Beach,NS ,4,Full,CampsitePermit,Less than 30ft,
Graves Island,NS ,2,Full,CampsitePermit,Less than 20ft,
Blomidon,NS ,4,Full,CampsitePermit,Single Tent,
Laurie,NB ,4,Full,CampsitePermit,Less than 30ft,
Salsman,NS ,2,Full,CampsitePermit,Less than 30ft,
Cape Chignecto,NB ,2,Veteran,BackcountryPermit,Single Tent,
Rissers Beach,SK ,2,Full,CampsitePermit,Single Tent,
Graves Island,ON ,2,Full,CampsitePermit,Single Tent,
Mira River,ON ,4,Full,CampsitePermit,Single Tent,
Mira River,NS ,6,Full,CampsitePermit,Tents,
Rissers Beach,NS ,5,Full,CampsitePermit,Less than 30ft,
Rissers Beach,NS ,2,Full,CampsitePermit,Less than 30ft,
Battery,QC ,2,Full,CampsitePermit,Single Tent,
Porters Lake,NS ,2,Full,CampsitePermit,Less than 20ft,
Blomidon,NS ,2,Full,CampsitePermit,Less than 30ft,
Graves Island,NS ,4,Full,CampsitePermit,Tents,
Graves Island,NS ,4,Full,CampsitePermit,Less than 20ft,
Graves Island,NS ,2,FULL,CampsitePermit,Less than 20ft,
Mira River,ON ,4,Full,CampsitePermit,Less than 20ft,
Mira River,NS ,2,Full,CampsitePermit,Single Tent,
Graves Island,QC ,3,Full,CampsitePermit,Less than 30ft,
Caribou Munroes,NS ,4,Full,CampsitePermit,Tents,
Graves Island,NS ,2,Full,CampsitePermit,Less than 20ft,
Porters Lake,NS ,4,Full,CampsitePermit,Tents,
The Islands,NS ,2,Full,CampsitePermit,Single Tent,
Graves Island,ON ,2,Full,CampsitePermit,Single Tent,
The Islands,NS ,4,Full,CampsitePermit,Single Tent,
Five Islands,ON ,2,Full,CampsitePermit,Less than 20ft,
Blomidon,NS ,2,Full,CampsitePermit,Single Tent,
Thomas Raddall,NS ,6,Full,CampsitePermit,Less than 20ft,
Ellenwood Lake,NS ,7,Full,CampsitePermit,Tents,
Caribou Munroes,NS ,2,Full,CampsitePermit,Single Tent,
The Islands,QC ,2,Full,CampsitePermit,Less than 20ft,
Rissers Beach,NS ,2,Full,CampsitePermit,Less than 20ft,
Dollar Lake,NS ,6,Senior,CampsitePermit,Less than 20ft,
Amherst Shore,AB ,4,Full,CampsitePermit,Single Tent,
Laurie,QC ,2,Full,CampsitePermit,Less than 20ft,
Smileys,NS ,2,Full,CampsitePermit,Single Tent,
The Islands,NS ,3,Full,CampsitePermit,Less than 20ft,
Graves Island,QC ,2,Full,CampsitePermit,Single Tent,
Mira River,ON ,2,Full,CampsitePermit,Less than 20ft,
Rissers Beach,NS ,6,Full,CampsitePermit,Tents,
Battery,NS ,2,Full,CampsitePermit,Less than 20ft,
Smileys,NS ,2,Full,CampsitePermit,Single Tent,
Smileys,NS ,4,Senior,CampsitePermit,Less than 20ft,
Ellenwood Lake,NS ,3,Full,CampsitePermit,Single Tent,
Rissers Beach,NS ,4,Senior,CampsitePermit,Less than 30ft,
The Islands,ON ,2,Full,CampsitePermit,Less than 20ft,
The Islands,ON ,2,Full,CampsitePermit,Less than 20ft,
Amherst Shore,NS ,4,Full,CampsitePermit,Less than 40ft,
Battery,ON ,2,Senior,CampsitePermit,Single Tent,
Caribou Munroes,NS ,2,Full,CampsitePermit,Tents,
Porters Lake,NS ,2,Full,CampsitePermit,Less than 20ft,
Porters Lake,NS ,4,Full,CampsitePermit,Less than 30ft,
Graves Island,NS ,2,Full,CampsitePermit,Less than 20ft,
Dollar Lake,NS ,2,Full,CampsitePermit,Single Tent,
Graves Island,NS ,2,Full,CampsitePermit,Less than 30ft,
Whycocomagh,NS ,2,Full,CampsitePermit,Single Tent,
Mira River,NS ,4,Full,CampsitePermit,Single Tent,
Mira River,NS ,3,Full,CampsitePermit,Single Tent,
Graves Island,NS ,3,Full,CampsitePermit,Less than 30ft,
Thomas Raddall,NS ,4,Full,CampsitePermit,Single Tent,
Porters Lake,NS ,4,Full,CampsitePermit,Single Tent,
Dollar Lake,NS ,2,Senior,CampsitePermit,Less than 20ft,
Five Islands,NS ,2,Full,CampsitePermit,Less than 30ft,
Rissers Beach,NS ,2,Full,CampsitePermit,Single Tent,
Whycocomagh,NS ,2,Full,CampsitePermit,Single Tent,
Blomidon,ON ,1,Full,CampsitePermit,Single Tent,
Amherst Shore,NS ,1,Full,CampsitePermit,Less than 20ft,
Porters Lake,NS ,2,Full,CampsitePermit,Single Tent,
Battery,NS ,2,Senior,CampsitePermit,Single Tent,
Porters Lake,NS ,2,Full,CampsitePermit,Single Tent,
Ellenwood Lake,NS ,1,Senior,CampsitePermit,Single Tent,
Blomidon,NS ,2,Full,CampsitePermit,Single Tent,
Porters Lake,ON ,2,Full,CampsitePermit,Single Tent,
Mira River,NS ,3,Full,CampsitePermit,Less than 30ft,
Porters Lake,QC ,2,Full,CampsitePermit,Single Tent,
Mira River,NS ,3,Full,CampsitePermit,Single Tent,
Porters Lake,MB ,3,Full,CampsitePermit,Tents,
Caribou Munroes,NB ,2,Full,CampsitePermit,Single Tent,
Dollar Lake,PE ,6,Full,CampsitePermit,Single Tent,
Graves Island,NS ,2,Full,CampsitePermit,Less than 40ft,
Porters Lake,NS ,2,Full,CampsitePermit,Single Tent,
Graves Island,NS ,3,Full,CampsitePermit,Tents,
Amherst Shore,NS ,2,Full,CampsitePermit,Single Tent,
Mira River,QC ,2,Full,CampsitePermit,Less than 20ft,
Caribou Munroes,QC ,3,Full,CampsitePermit,Single Tent,
Amherst Shore,NS ,3,Full,CampsitePermit,Single Tent,
Battery,NS ,2,Full,CampsitePermit,Less than 30ft,
Rissers Beach,NS ,2,Full,CampsitePermit,Single Tent,
Rissers Beach,BC ,5,Full,CampsitePermit,Single Tent,
Rissers Beach,QC ,1,Full,CampsitePermit,Single Tent,
The Islands,NS ,3,Full,CampsitePermit,Less than 30ft,
Graves Island,QC ,2,Senior,CampsitePermit,Single Tent,
Graves Island,NS ,3,Full,CampsitePermit,Less than 30ft,
The Islands,ON ,2,Full,CampsitePermit,Single Tent,
Mira River,NS ,3,Full,CampsitePermit,Less than 30ft,
Graves Island,NS ,4,Full,CampsitePermit,Less than 30ft,
Salsman,NS ,2,Senior,CampsitePermit,Less than 20ft,
Blomidon,ON ,2,Full,CampsitePermit,Single Tent,
Porters Lake,ON ,6,Full,CampsitePermit,Tents,
The Islands,BC ,2,Veteran,CampsitePermit,Less than 30ft,
Mira River,BC ,3,Senior,CampsitePermit,Less than 20ft,
Smileys,NS ,3,Full,CampsitePermit,Less than 20ft,
Rissers Beach,NS ,5,Full,CampsitePermit,Single Tent,
Dollar Lake,NS ,6,Full,CampsitePermit,Tents,
Battery,NS ,1,Senior,CampsitePermit,Less than 20ft,
Mira River,NS ,2,Full,CampsitePermit,Less than 20ft,
Battery,QC ,2,Senior,CampsitePermit,Single Tent,
Mira River,BC ,4,Full,CampsitePermit,Single Tent,
Graves Island,NS ,1,Full,CampsitePermit,Tents,
Rissers Beach,NS ,2,Senior,CampsitePermit,Less than 20ft,
Amherst Shore,BC ,2,Senior,CampsitePermit,Less than 30ft,
Rissers Beach,NB ,3,Full,CampsitePermit,Less than 20ft,
Rissers Beach,NS ,3,Full,CampsitePermit,Less than 20ft,
Amherst Shore,NB ,2,Full,CampsitePermit,Less than 20ft,
Battery,QC ,1,Full,CampsitePermit,Single Tent,
Whycocomagh,ON ,4,Full,YurtPermit,Tents,
Thomas Raddall,NS ,3,Full,CampsitePermit,Less than 20ft,
Porters Lake,NS ,4,Full,CampsitePermit,Single Tent,
Ellenwood Lake,NS ,2,Full,CampsitePermit,Single Tent,
Dollar Lake,NS ,2,Full,CampsitePermit,Less than 20ft,
Rissers Beach,NS ,3,Full,CampsitePermit,Single Tent,
Mira River,NS ,1,Full,CampsitePermit,Less than 20ft,
Dollar Lake,NS ,4,Full,CampsitePermit,Less than 30ft,
Caribou Munroes,NS ,3,Full,CampsitePermit,Single Tent,
Blomidon,NS ,3,Full,CampsitePermit,Less than 20ft,
Rissers Beach,NS ,2,Full,CampsitePermit,Less than 20ft,
Caribou Munroes,NS ,3,Veteran,CampsitePermit,Less than 30ft,
Graves Island,NS ,2,Full,CampsitePermit,Single Tent,
Salsman,NS ,2,Senior,CampsitePermit,Single Tent,
Smileys,NS ,2,Full,CampsitePermit,Less than 40ft,
Laurie,AB ,5,Full,CampsitePermit,Less than 20ft,
Laurie,NS ,5,Full,CampsitePermit,Single Tent,
Rissers Beach,NS ,5,Full,CampsitePermit,Tents,
Caribou Munroes,QC ,2,Full,CampsitePermit,Single Tent,
Graves Island,QC ,2,Full,CampsitePermit,Single Tent,
Mira River,NB ,2,Senior,CampsitePermit,Tents,
Ellenwood Lake,NB ,6,Full,CampsitePermit,Less than 20ft,
Ellenwood Lake,NS ,4,Senior,CampsitePermit,Less than 30ft,
Cape Chignecto,ON ,1,Full,BackcountryPermit,Tents,
Cape Chignecto,NS ,1,Full,BackcountryPermit,Single Tent,
Caribou Munroes,NS ,3,Veteran,CampsitePermit,Single Tent,
Amherst Shore,ON ,2,Senior,CampsitePermit,Less than 20ft,
Ellenwood Lake,NS ,3,Full,CampsitePermit,Less than 20ft,
Whycocomagh,ON ,2,Full,CampsitePermit,Less than 30ft,
The Islands,NS ,2,Full,CampsitePermit,Less than 20ft,
Mira River,NS ,5,Full,CampsitePermit,Single Tent,
Amherst Shore,QC ,2,Senior,CampsitePermit,Less than 40ft,
Caribou Munroes,NS ,2,Full,CampsitePermit,Less than 20ft,
Thomas Raddall,NS ,2,Senior,CampsitePermit,Less than 30ft,
Graves Island,NS ,2,Full,CampsitePermit,Less than 30ft,
Cape Chignecto,NS ,2,Full,BackcountryPermit,Single Tent,
Caribou Munroes,NS ,2,Full,CampsitePermit,Tents,
Mira River,NS ,3,Senior,CampsitePermit,Tents,
Rissers Beach,NS ,4,Senior,CampsitePermit,Less than 40ft,
Blomidon,NS ,4,Full,CampsitePermit,Single Tent,
Graves Island,NS ,2,Full,CampsitePermit,Single Tent,
Caribou Munroes,NS ,2,Full,CampsitePermit,Single Tent,
Porters Lake,NS ,2,Senior,CampsitePermit,Less than 20ft,
Dollar Lake,NS ,2,Full,CampsitePermit,Single Tent,
Battery,NS ,2,Full,CampsitePermit,Single Tent,
Smileys,NS ,3,Full,CampsitePermit,Single Tent,
Battery,NS ,2,Full,CampsitePermit,Single Tent,
Graves Island,ON ,2,Full,CampsitePermit,Less than 20ft,
Valleyview,NS ,2,Senior,CampsitePermit,Less than 30ft,
Laurie,NS ,5,Full,CampsitePermit,Single Tent,
Amherst Shore,NS ,2,Full,CampsitePermit,Less than 20ft,
Caribou Munroes,NS ,2,Senior,CampsitePermit,Single Tent,
Ellenwood Lake,NS ,2,Full,CampsitePermit,Less than 30ft,
Battery,NS ,2,Full,CampsitePermit,Less than 30ft,
Porters Lake,NS ,4,Full,CampsitePermit,Less than 30ft,
Boylston,QC ,2,Full,CampsitePermit,Single Tent,
The Islands,NS ,4,Senior,CampsitePermit,Tents,
Dollar Lake,NS ,4,Full,CampsitePermit,Single Tent,
Graves Island,NS ,1,Full,CampsitePermit,Single Tent,
Rissers Beach,NS ,1,Full,CampsitePermit,Single Tent,
Thomas Raddall,NS ,2,Full,CampsitePermit,Less than 20ft,
Caribou Munroes,NS ,4,Full,CampsitePermit,Less than 30ft,
Mira River,ON ,4,Full,CampsitePermit,Single Tent,
Rissers Beach,NS ,2,Full,CampsitePermit,Single Tent,
Battery,ON ,4,Full,CampsitePermit,Single Tent,
Whycocomagh,NS ,1,Full,CampsitePermit,Less than 30ft,
Thomas Raddall,NS ,2,Full,CampsitePermit,Single Tent,
Mira River,QC ,2,Full,CampsitePermit,Less than 30ft,
Amherst Shore,NS ,3,Full,CampsitePermit,Single Tent,
Mira River,NS ,2,Full,CampsitePermit,Single Tent,
Graves Island,QC ,1,Full,CampsitePermit,Single Tent,
Caribou Munroes,QC ,2,Full,CampsitePermit,Single Tent,
Laurie,NS ,2,Full,CampsitePermit,Single Tent,
Caribou Munroes,QC ,3,Full,CampsitePermit,Less than 20ft,
Mira River,NS ,2,Full,CampsitePermit,Less than 40ft,
Ellenwood Lake,NS ,3,Full,CampsitePermit,Tents,
Dollar Lake,NS ,4,Full,CampsitePermit,Less than 30ft,
Five Islands,QC ,3,Full,CampsitePermit,Single Tent,
Amherst Shore,ON ,2,Senior,CampsitePermit,Single Tent,
Mira River,NS ,2,Full,CampsitePermit,Single Tent,
Battery,NS ,4,Full,CampsitePermit,Less than 20ft,
Porters Lake,NS ,2,Full,CampsitePermit,Single Tent,
Smileys,NS ,4,Full,CampsitePermit,Single Tent,
Graves Island,ON ,4,Full,CampsitePermit,Tents,
Caribou Munroes,QC ,2,Full,CampsitePermit,Less than 30ft,
Graves Island,NS ,2,Full,CampsitePermit,Single Tent,
Blomidon,ON ,2,Full,CampsitePermit,Single Tent,
Mira River,NS ,1,Full,CampsitePermit,Single Tent,
Amherst Shore,NS ,2,Full,CampsitePermit,Single Tent,
Smileys,NS ,3,Full,CampsitePermit,Less than 20ft,
Rissers Beach,NS ,2,Full,CampsitePermit,Less than 20ft,
Graves Island,QC ,1,Full,CampsitePermit,Single Tent,
Rissers Beach,NS ,4,Full,CampsitePermit,Less than 20ft,
Graves Island,ON ,2,Full,CampsitePermit,Less than 30ft,
Smileys,NS ,6,Full,CampsitePermit,Less than 20ft,
Dollar Lake,NS ,2,Full,CampsitePermit,Single Tent,
Ellenwood Lake,NS ,2,Full,CampsitePermit,Tents,
Five Islands,NS ,3,Full,CampsitePermit,Single Tent,
Mira River,ON ,2,Senior,CampsitePermit,Single Tent,
Whycocomagh,NS ,2,Full,CampsitePermit,Less than 20ft,
Mira River,ON ,2,Senior,CampsitePermit,Less than 30ft,
Whycocomagh,AB ,2,Full,CampsitePermit,Single Tent,
Mira River,NS ,4,Full,CampsitePermit,Less than 20ft,
Cape Chignecto,NS ,3,Senior,BackcountryPermit,Cabin,
Laurie,NB ,4,Veteran,CampsitePermit,Tents,
Caribou Munroes,NS ,2,Full,CampsitePermit,Less than 20ft,
Porters Lake,NS ,3,Full,CampsitePermit,Less than 20ft,
Rissers Beach,NS ,2,Full,CampsitePermit,Single Tent,
Ellenwood Lake,NS ,2,Host,CampsitePermit,Less than 20ft,
Caribou Munroes,BC ,2,Senior,CampsitePermit,Less than 30ft,
Dollar Lake,NS ,2,Full,CampsitePermit,Single Tent,
Porters Lake,ON ,2,Full,CampsitePermit,Less than 20ft,
Whycocomagh,NS ,2,Full,CampsitePermit,Less than 30ft,
Five Islands,NS ,5,Full,CampsitePermit,Tents,
Dollar Lake,NS ,3,Full,CampsitePermit,Tents,
Five Islands,ON ,4,Full,CampsitePermit,Single Tent,
Amherst Shore,ON ,2,Full,CampsitePermit,Less than 30ft,
Caribou Munroes,NS ,4,Full,CampsitePermit,Tents,
Caribou Munroes,NS ,3,Senior,CampsitePermit,Less than 20ft,
Mira River,QC ,2,Full,CampsitePermit,Less than 20ft,
Graves Island,NS ,2,Full,CampsitePermit,Less than 30ft,
Porters Lake,NS ,2,Full,CampsitePermit,Less than 20ft,
Laurie,NS ,2,Full,CampsitePermit,Single Tent,
Whycocomagh,NB ,2,Full,CampsitePermit,Single Tent,
Dollar Lake,NS ,5,Full,CampsitePermit,Single Tent,
Caribou Munroes,NS ,4,Full,CampsitePermit,Single Tent,
Graves Island,NS ,2,Full,CampsitePermit,Less than 30ft,
The Islands,NS ,2,Full,CampsitePermit,Less than 30ft,
Graves Island,NS ,3,Senior,CampsitePermit,Less than 30ft,
Graves Island,NS ,2,Full,CampsitePermit,Less than 20ft,
Thomas Raddall,NS ,2,Senior,CampsitePermit,Single Tent,
Five Islands,NL ,1,Full,CampsitePermit,Single Tent,
Caribou Munroes,NS ,2,Full,CampsitePermit,Single Tent,
Battery,NS ,1,Full,CampsitePermit,Single Tent,
Graves Island,NS ,4,Full,CampsitePermit,Less than 30ft,
Amherst Shore,NS ,3,Full,CampsitePermit,Single Tent,
Battery,NS ,2,Full,CampsitePermit,Single Tent,
Graves Island,NS ,2,Full,CampsitePermit,Less than 20ft,
The Islands,ON ,2,Full,CampsitePermit,Less than 20ft,
Porters Lake,NS ,5,Full,CampsitePermit,Less than 40ft,
Caribou Munroes,QC ,2,Full,CampsitePermit,Single Tent,
Mira River,NS ,5,Full,CampsitePermit,Single Tent,
Battery,QC ,2,Full,CampsitePermit,Single Tent,
Thomas Raddall,NS ,2,Full,CampsitePermit,Single Tent,
Porters Lake,NS ,2,Full,CampsitePermit,Less than 30ft,
Dollar Lake,NS ,4,Full,CampsitePermit,Single Tent,
Ellenwood Lake,NS ,2,Full,CampsitePermit,Less than 30ft,
Smileys,NS ,2,Full,CampsitePermit,Single Tent,
Dollar Lake,NS ,4,Full,CampsitePermit,Less than 30ft,
Graves Island,ON ,4,Full,CampsitePermit,Less than 20ft,
Caribou Munroes,NS ,2,Full,CampsitePermit,Less than 20ft,
Thomas Raddall,NS ,2,Full,CampsitePermit,Single Tent,
Whycocomagh,NS ,4,Full,CampsitePermit,Tents,
Five Islands,NS ,6,Full,CampsitePermit,Single Tent,
Rissers Beach,NS ,1,Full,CampsitePermit,Less than 30ft,
Graves Island,NS ,2,Full,CampsitePermit,Single Tent,
Graves Island,QC ,2,Full,CampsitePermit,Single Tent,
Thomas Raddall,AB ,2,Full,CampsitePermit,Single Tent,
Blomidon,NS ,2,Full,CampsitePermit,Single Tent,
Cape Chignecto,QC ,2,Full,BackcountryPermit,Single Tent,
Thomas Raddall,NS ,1,Full,CampsitePermit,Single Tent,
Five Islands,NS ,4,Full,CampsitePermit,Less than 30ft,
Rissers Beach,NS ,4,Full,CampsitePermit,Less than 30ft,
Porters Lake,NS ,2,Full,CampsitePermit,Less than 30ft,
Dollar Lake,NS ,2,Full,CampsitePermit,Single Tent,
Rissers Beach,ON ,2,Full,CampsitePermit,Less than 30ft,
Mira River,NS ,5,Full,CampsitePermit,Less than 30ft,
Graves Island,ON ,4,Full,CampsitePermit,Tents,
Dollar Lake,NS ,6,Full,CampsitePermit,Tents,
Porters Lake,QC ,2,Full,CampsitePermit,Less than 20ft,
Thomas Raddall,NS ,3,Full,CampsitePermit,Tents,
Amherst Shore,BC ,2,Senior,CampsitePermit,Single Tent,
Whycocomagh,ON ,3,Full,CampsitePermit,Less than 30ft,
The Islands,NS ,2,Full,CampsitePermit,Less than 30ft,
Laurie,NS ,2,Full,CampsitePermit,Less than 30ft,
Ellenwood Lake,NS ,5,Full,CampsitePermit,Single Tent,
Laurie,NS ,2,Full,CampsitePermit,Less than 30ft,
Rissers Beach,NS ,2,Full,CampsitePermit,Single Tent,
Caribou Munroes,NS ,1,Senior,CampsitePermit,Less than 20ft,
The Islands,AB ,2,Full,CampsitePermit,Single Tent,
Blomidon,NS ,2,Full,CampsitePermit,Single Tent,
Mira River,NS ,1,Full,CampsitePermit,Less than 30ft,
Dollar Lake,NS ,6,Full,CampsitePermit,Tents,
Graves Island,ON ,2,Full,CampsitePermit,Less than 20ft,
Amherst Shore,QC ,2,Senior,CampsitePermit,Less than 30ft,
Rissers Beach,NS ,4,Full,CampsitePermit,Tents,
Mira River,NS ,6,Full,CampsitePermit,Less than 30ft,
Graves Island,NS ,2,Senior,CampsitePermit,Less than 40ft,
Mira River,NS ,2,Full,CampsitePermit,Single Tent,
Rissers Beach,NS ,3,Full,CampsitePermit,Single Tent,
Rissers Beach,NS ,4,Full,CampsitePermit,Less than 30ft,
Mira River,QC ,2,Full,CampsitePermit,Less than 30ft,
Graves Island,NS ,2,Senior,CampsitePermit,Less than 30ft,
Ellenwood Lake,NS ,4,Full,CampsitePermit,Less than 20ft,
Battery,BC ,2,Full,CampsitePermit,Single Tent,
Smileys,NS ,2,Full,CampsitePermit,Single Tent,
Caribou Munroes,NS ,5,Full,CampsitePermit,Single Tent,
Mira River,NS ,4,Full,CampsitePermit,Single Tent,
Amherst Shore,NS ,4,Full,CampsitePermit,Tents,
Five Islands,NS ,2,Full,CampsitePermit,Single Tent,
Mira River,NS ,2,Full,CampsitePermit,Single Tent,
Rissers Beach,NS ,2,Senior,CampsitePermit,Less than 30ft,
Battery,NS ,3,Full,CampsitePermit,Less than 20ft,
Graves Island,NS ,2,Full,CampsitePermit,Less than 20ft,
Ellenwood Lake,NS ,4,Full,CampsitePermit,Tents,
Salsman,NS ,1,Full,CampsitePermit,Less than 20ft,
Blomidon,NS ,6,Full,CampsitePermit,Single Tent,
Whycocomagh,NS ,3,Full,CampsitePermit,Single Tent,
Amherst Shore,NB ,2,Full,CampsitePermit,Less than 20ft,
Whycocomagh,NS ,2,Senior,CampsitePermit,Less than 30ft,
Whycocomagh,NS ,3,Veteran,CampsitePermit,Single Tent,
Ellenwood Lake,NS ,2,Full,CampsitePermit,Single Tent,
Five Islands,NS ,2,Senior,CampsitePermit,Single Tent,
Cape Chignecto,NS ,2,Full,BackcountryPermit,Single Tent,
Dollar Lake,NS ,5,Full,CampsitePermit,Tents,
Blomidon,NS ,2,Full,CampsitePermit,Single Tent,
Rissers Beach,NS ,3,Full,CampsitePermit,Less than 20ft,
Blomidon,NS ,5,Full,CampsitePermit,Tents,
Dollar Lake,NS ,6,Full,CampsitePermit,Tents,
Five Islands,ON ,2,Full,CampsitePermit,Single Tent,
Caribou Munroes,QC ,2,Full,CampsitePermit,Single Tent,
Mira River,NS ,3,Full,CampsitePermit,Single Tent,
Amherst Shore,QC ,2,Senior,CampsitePermit,Single Tent,
Graves Island,NS ,2,Full,CampsitePermit,Less than 20ft,
Mira River,ON ,2,Senior,CampsitePermit,Less than 30ft,
Dollar Lake,NS ,6,Full,CampsitePermit,Single Tent,
Caribou Munroes,NS ,2,Senior,CampsitePermit,Single Tent,
Valleyview,NS ,4,Full,CampsitePermit,Less than 40ft,
Graves Island,ON ,4,Full,CampsitePermit,Single Tent,
Graves Island,NS ,2,Senior,CampsitePermit,Less than 30ft,
Dollar Lake,NB ,3,Full,CampsitePermit,Less than 20ft,
Laurie,NS ,4,Full,CampsitePermit,Tents,
Thomas Raddall,NS ,2,Full,CampsitePermit,Less than 20ft,
Boylston,NS ,3,Full,CampsitePermit,Less than 20ft,
Caribou Munroes,NS ,4,Full,CampsitePermit,Less than 20ft,
Porters Lake,BC ,2,Full,CampsitePermit,Less than 20ft,
Five Islands,ON ,1,Full,CampsitePermit,Single Tent,
Five Islands,QC ,5,Full,CampsitePermit,Single Tent,
Rissers Beach,NS ,2,Full,CampsitePermit,Less than 30ft,
Amherst Shore,ON ,4,Full,CampsitePermit,Single Tent,
Mira River,NS ,2,Full,CampsitePermit,Less than 30ft,
Thomas Raddall,NS ,2,Full,CampsitePermit,Single Tent,
Battery,NS ,2,Host,CampsitePermit,Single Tent,
Caribou Munroes,QC ,2,Full,CampsitePermit,Single Tent,
Rissers Beach,NS ,2,Full,CampsitePermit,Less than 20ft,
Battery,NS ,3,Full,CampsitePermit,Single Tent,
Mira River,NS ,2,Full,CampsitePermit,Single Tent,
Smileys,NS ,2,Full,CampsitePermit,Single Tent,
Whycocomagh,NS ,3,Full,CampsitePermit,Tents,
Porters Lake,NS ,4,Full,CampsitePermit,Tents,
Graves Island,NS ,2,Full,CampsitePermit,Less than 20ft,
Caribou Munroes,NS ,4,Full,CampsitePermit,Less than 40ft,
Battery,NS ,4,Full,CampsitePermit,Single Tent,
Graves Island,NS ,2,Senior,CampsitePermit,Less than 30ft,
Mira River,NS ,4,Full,CampsitePermit,Less than 20ft,
Porters Lake,ON ,2,Full,CampsitePermit,Single Tent,
Five Islands,NS ,2,Full,CampsitePermit,Single Tent,
Blomidon,PE ,1,Full,CampsitePermit,Less than 20ft,
Porters Lake,NS ,6,Full,CampsitePermit,Less than 20ft,
Graves Island,NS ,2,Full,CampsitePermit,Less than 30ft,
Mira River,NS ,4,Full,CampsitePermit,Single Tent,
Graves Island,NS ,2,Full,CampsitePermit,Single Tent,
Rissers Beach,NS ,2,Full,CampsitePermit,Less than 20ft,
Rissers Beach,NS ,4,Full,CampsitePermit,Single Tent,
Laurie,ON ,4,Full,CampsitePermit,Less than 30ft,
Smileys,NS ,3,Full,CampsitePermit,Less than 30ft,
Rissers Beach,NS ,2,Full,CampsitePermit,Less than 30ft,
Thomas Raddall,NS ,3,Full,CampsitePermit,Single Tent,
Mira River,NS ,2,FULL,CampsitePermit,Less than 20ft,
Battery,NS ,5,Full,CampsitePermit,Less than 20ft,
Porters Lake,NS ,2,Full,CampsitePermit,Less than 30ft,
Mira River,NS ,4,Full,CampsitePermit,Single Tent,
Caribou Munroes,QC ,2,Full,CampsitePermit,Single Tent,
Laurie,QC ,2,Senior,CampsitePermit,Less than 20ft,
Valleyview,NS ,2,Full,CampsitePermit,Less than 20ft,
Caribou Munroes,ON ,2,Veteran,CampsitePermit,Less than 20ft,
Thomas Raddall,NS ,4,Full,CampsitePermit,Less than 20ft,
Battery,NS ,2,Senior,CampsitePermit,Single Tent,
Thomas Raddall,NS ,8,Full,CampsitePermit,Single Tent,
Thomas Raddall,NS ,1,Senior,CampsitePermit,Single Tent,
Thomas Raddall,NS ,5,Full,CampsitePermit,Single Tent,
Five Islands,NS ,4,Full,CampsitePermit,Single Tent,
Blomidon,ON ,2,Full,CampsitePermit,Single Tent,
Graves Island,NS ,2,Senior,CampsitePermit,Less than 40ft,
Salsman,NS ,5,Full,CampsitePermit,Less than 30ft,
Blomidon,ON ,2,Full,CampsitePermit,Single Tent,
Mira River,NS ,2,Full,CampsitePermit,Single Tent,
Laurie,NB ,2,Full,CampsitePermit,Single Tent,
Blomidon,BC ,2,Full,CampsitePermit,Single Tent,
Graves Island,NS ,3,Full,CampsitePermit,Single Tent,
The Islands,ON ,6,Full,CampsitePermit,Single Tent,
Blomidon,NS ,2,Full,CampsitePermit,Tents,
Porters Lake,NS ,2,Full,CampsitePermit,Single Tent,
Dollar Lake,NS ,5,Senior,CampsitePermit,Less than 20ft,
Graves Island,ON ,2,Senior,CampsitePermit,Less than 40ft,
Porters Lake,NS ,4,Full,CampsitePermit,Less than 30ft,
Rissers Beach,MB ,2,Full,CampsitePermit,Single Tent,
Rissers Beach,NS ,4,Full,CampsitePermit,Less than 30ft,
Ellenwood Lake,NS ,2,Senior,CampsitePermit,Less than 20ft,
Mira River,NS ,2,Full,CampsitePermit,Single Tent,
Mira River,NS ,1,Full,CampsitePermit,Single Tent,
Caribou Munroes,NS ,3,Full,CampsitePermit,Less than 30ft,
Amherst Shore,NS ,3,Full,CampsitePermit,Tents,
Amherst Shore,BC ,2,Full,CampsitePermit,Single Tent,
Dollar Lake,NS ,5,Full,CampsitePermit,Tents,
Blomidon,NS ,2,Senior,CampsitePermit,Single Tent,
Cape Chignecto,PE ,2,Full,BackcountryPermit,Single Tent,
Whycocomagh,ON ,2,Senior,CampsitePermit,Single Tent,
Dollar Lake,NS ,2,Full,CampsitePermit,Single Tent,
Caribou Munroes,NS ,5,Full,CampsitePermit,Tents,
Blomidon,NS ,2,Full,CampsitePermit,Single Tent,
Porters Lake,ON ,2,Full,CampsitePermit,Single Tent,
The Islands,NS ,3,Full,CampsitePermit,Less than 20ft,
Whycocomagh,QC ,2,Senior,CampsitePermit,Less than 30ft,
Rissers Beach,QC ,2,Full,CampsitePermit,Less than 20ft,
Rissers Beach,NS ,2,Full,CampsitePermit,Single Tent,
Thomas Raddall,NS ,3,Full,CampsitePermit,Single Tent,
Rissers Beach,NS ,4,Full,CampsitePermit,Single Tent,
Mira River,NS ,2,Veteran,CampsitePermit,Less than 20ft,
Laurie,NS ,2,Full,CampsitePermit,Single Tent,
Graves Island,QC ,2,Senior,CampsitePermit,Less than 30ft,
Whycocomagh,NS ,2,Full,CampsitePermit,Single Tent,
Rissers Beach,NS ,2,Full,CampsitePermit,Less than 40ft,
Rissers Beach,NS ,2,Full,CampsitePermit,Single Tent,
Dollar Lake,NS ,2,Full,CampsitePermit,Single Tent,
Rissers Beach,NS ,3,Full,CampsitePermit,Less than 20ft,
Ellenwood Lake,NS ,6,Senior,CampsitePermit,Less than 30ft,
Rissers Beach,NS ,2,Full,CampsitePermit,Less than 30ft,
Mira River,BC ,2,Senior,CampsitePermit,Single Tent,
Smileys,NS ,4,Full,CampsitePermit,Less than 30ft,
Thomas Raddall,NS ,3,Full,CampsitePermit,Less than 20ft,
Porters Lake,NS ,4,Full,CampsitePermit,Single Tent,
Mira River,NS ,2,Full,CampsitePermit,Single Tent,
Laurie,NS ,3,Full,CampsitePermit,Single Tent,
Blomidon,NS ,4,Full,CampsitePermit,Tents,
Mira River,ON ,2,Full,CampsitePermit,Single Tent,
Smileys,NS ,2,Senior,CampsitePermit,Less than 20ft,
Porters Lake,NS ,3,Full,CampsitePermit,Single Tent,
Rissers Beach,BC ,1,Full,CampsitePermit,Single Tent,
Boylston,ON ,4,Full,CampsitePermit,Less than 20ft,
Porters Lake,NS ,6,Full,CampsitePermit,Tents,
Rissers Beach,NS ,4,Full,CampsitePermit,Less than 20ft,
Amherst Shore,NB ,3,Full,CampsitePermit,Single Tent,
Blomidon,NS ,3,Full,CampsitePermit,Tents,
Cape Chignecto,NS ,2,Full,BackcountryPermit,Single Tent,
Cape Chignecto,PE ,2,Full,BackcountryPermit,Single Tent,
Caribou Munroes,NS ,2,Full,CampsitePermit,Less than 20ft,
Blomidon,NS ,2,Full,CampsitePermit,Single Tent,
Caribou Munroes,NS ,2,Senior,CampsitePermit,Less than 20ft,
Dollar Lake,NS ,4,Full,CampsitePermit,Single Tent,
Graves Island,NB ,2,Senior,CampsitePermit,Less than 30ft,
Porters Lake,NS ,4,Full,CampsitePermit,Less than 20ft,
Rissers Beach,NS ,1,Full,CampsitePermit,Single Tent,
Rissers Beach,NS ,4,Full,CampsitePermit,Less than 20ft,
Caribou Munroes,NS ,2,Full,CampsitePermit,Single Tent,
Dollar Lake,NS ,4,Full,CampsitePermit,Less than 20ft,
Thomas Raddall,NS ,2,Full,CampsitePermit,Single Tent,
Graves Island,NS ,2,Senior,CampsitePermit,Less than 30ft,
Salsman,NS ,2,Full,CampsitePermit,Less than 30ft,
Caribou Munroes,NS ,2,Full,CampsitePermit,Less than 20ft,
Amherst Shore,QC ,2,Full,CampsitePermit,Single Tent,
The Islands,NS ,2,Full,CampsitePermit,Less than 30ft,
Dollar Lake,NS ,2,Full,CampsitePermit,Single Tent,
Battery,AB ,2,Senior,CampsitePermit,Single Tent,
Graves Island,ON ,1,Full,CampsitePermit,Less than 30ft,
Battery,NS ,3,Full,CampsitePermit,Less than 20ft,
Amherst Shore,NB ,5,Full,CampsitePermit,Single Tent,
Battery,NS ,2,Full,CampsitePermit,Less than 20ft,
Mira River,QC ,2,Full,CampsitePermit,Less than 30ft,
Blomidon,NS ,5,Full,CampsitePermit,Less than 30ft,
Rissers Beach,NS ,4,Full,CampsitePermit,Less than 30ft,
Graves Island,NS ,2,Full,CampsitePermit,Less than 30ft,
Dollar Lake,NS ,4,Full,CampsitePermit,Single Tent,
Graves Island,NS ,2,Senior,CampsitePermit,Single Tent,
Smileys,NS ,2,Full,CampsitePermit,Single Tent,
Graves Island,NS ,2,Full,CampsitePermit,Single Tent,
Dollar Lake,NS ,5,Full,CampsitePermit,Tents,
Graves Island,NS ,2,Senior,CampsitePermit,Less than 20ft,
Rissers Beach,ON ,2,Full,CampsitePermit,Less than 30ft,
Five Islands,BC ,2,Full,CampsitePermit,Single Tent,
Valleyview,NS ,2,Senior,CampsitePermit,Single Tent,
Thomas Raddall,NS ,3,Full,CampsitePermit,Less than 30ft,
Dollar Lake,NS ,4,Full,CampsitePermit,Single Tent,
Rissers Beach,NS ,4,Full,CampsitePermit,Less than 30ft,
Rissers Beach,NS ,2,Senior,CampsitePermit,Less than 30ft,
Mira River,NS ,3,Full,CampsitePermit,Less than 20ft,
Graves Island,QC ,2,Full,CampsitePermit,Less than 20ft,
Rissers Beach,NS ,4,Full,CampsitePermit,Less than 20ft,
Amherst Shore,NS ,1,Full,CampsitePermit,Single Tent,
Dollar Lake,NS ,3,Full,CampsitePermit,Less than 20ft,
Mira River,NS ,2,Full,CampsitePermit,Less than 20ft,
Five Islands,NS ,3,Full,CampsitePermit,Single Tent,
Porters Lake,NS ,2,Full,CampsitePermit,Single Tent,
Blomidon,NS ,2,Full,CampsitePermit,Single Tent,
Dollar Lake,NS ,4,Full,CampsitePermit,Single Tent,
Dollar Lake,NS ,2,Full,CampsitePermit,Single Tent,
Graves Island,NS ,4,Full,CampsitePermit,Less than 20ft,
The Islands,QC ,2,Full,CampsitePermit,Single Tent,
Blomidon,NB ,2,Full,CampsitePermit,Single Tent,
Amherst Shore,QC ,4,Full,CampsitePermit,Single Tent,
Graves Island,QC ,2,Full,CampsitePermit,Single Tent,
Dollar Lake,NS ,2,Full,CampsitePermit,Less than 30ft,
Dollar Lake,NS ,4,Full,CampsitePermit,Single Tent,
The Islands,ON ,2,Full,CampsitePermit,Single Tent,
Porters Lake,NS ,2,Full,CampsitePermit,Less than 20ft,
Caribou Munroes,NS ,3,Full,CampsitePermit,Tents,
Laurie,NS ,2,Full,CampsitePermit,Single Tent,
Boylston,NS ,2,Full,CampsitePermit,Single Tent,
Dollar Lake,NS ,4,Full,CampsitePermit,Tents,
Laurie,NS ,2,Senior,CampsitePermit,Less than 30ft,
Blomidon,QC ,2,Full,CampsitePermit,Less than 20ft,
Smileys,NS ,3,Full,CampsitePermit,Single Tent,
Graves Island,NS ,2,Full,CampsitePermit,Less than 20ft,
Laurie,NS ,3,Full,CampsitePermit,Single Tent,
Mira River,NL ,2,Full,CampsitePermit,Single Tent,
Graves Island,QC ,3,Full,CampsitePermit,Less than 30ft,
Caribou Munroes,MB ,1,Full,CampsitePermit,Single Tent,
Ellenwood Lake,NS ,2,Full,CampsitePermit,Single Tent,
Mira River,NS ,3,Veteran,CampsitePermit,Less than 40ft,
Blomidon,NS ,5,Full,CampsitePermit,Less than 20ft,
Amherst Shore,NS ,4,Full,CampsitePermit,Single Tent,
Thomas Raddall,NS ,2,Full,CampsitePermit,Single Tent,
Thomas Raddall,NS ,3,Full,CampsitePermit,Less than 20ft,
Whycocomagh,ON ,2,Full,CampsitePermit,Single Tent,
Blomidon,AB ,2,Full,CampsitePermit,Single Tent,
Graves Island,NS ,3,Veteran,CampsitePermit,Less than 30ft,
Mira River,NS ,6,Full,CampsitePermit,Single Tent,
Blomidon,PE ,2,Senior,CampsitePermit,Less than 20ft,
Graves Island,NS ,2,Full,CampsitePermit,Tents,
Graves Island,QC ,2,Senior,CampsitePermit,Less than 20ft,
Thomas Raddall,NS ,2,Full,CampsitePermit,Single Tent,
Porters Lake,ON ,1,Full,CampsitePermit,Single Tent,
Rissers Beach,NS ,6,Full,CampsitePermit,Less than 20ft,
Amherst Shore,NS ,2,Senior,CampsitePermit,Less than 20ft,
Graves Island,BC ,1,Senior,CampsitePermit,Single Tent,
Caribou Munroes,NS ,3,Full,CampsitePermit,Less than 40ft,
Caribou Munroes,NS ,3,Full,CampsitePermit,Single Tent,
Graves Island,ON ,3,Full,CampsitePermit,Less than 20ft,
Thomas Raddall,NS ,4,Full,CampsitePermit,Single Tent,
Cape Chignecto,NS ,1,Full,BackcountryPermit,Single Tent,
Blomidon,NS ,1,Full,CampsitePermit,Single Tent,
Blomidon,NS ,4,Full,CampsitePermit,Tents,
Blomidon,NS ,1,Full,CampsitePermit,Single Tent,
Graves Island,NS ,2,Full,CampsitePermit,Less than 20ft,
Five Islands,QC ,2,Full,CampsitePermit,Single Tent,
Cape Chignecto,NS ,2,Full,BackcountryPermit,Single Tent,
Smileys,NS ,4,Full,CampsitePermit,Less than 20ft,
Mira River,NS ,4,Full,CampsitePermit,Single Tent,
Smileys,NS ,4,Full,CampsitePermit,Single Tent,
Smileys,BC ,3,Senior,CampsitePermit,Less than 30ft,
Laurie,NS ,4,Full,CampsitePermit,Less than 20ft,
Porters Lake,ON ,5,Full,CampsitePermit,Less than 20ft,
Porters Lake,NS ,4,Full,CampsitePermit,Less than 30ft,
Porters Lake,BC ,4,Full,CampsitePermit,Less than 30ft,
Caribou Munroes,NS ,2,Host,CampsitePermit,Less than 30ft,
Rissers Beach,NS ,2,Senior,CampsitePermit,Less than 20ft,
Mira River,NS ,2,Full,CampsitePermit,Less than 20ft,
Rissers Beach,NS ,6,Full,CampsitePermit,Tents,
Blomidon,NS ,2,Full,CampsitePermit,Single Tent,
Smileys,NS ,2,Full,CampsitePermit,Less than 20ft,
Valleyview,NS ,2,Full,CampsitePermit,Less than 30ft,
Dollar Lake,NS ,2,Veteran,CampsitePermit,Tents,
Porters Lake,NS ,4,Full,CampsitePermit,Less than 30ft,
Battery,NS ,3,Full,CampsitePermit,Single Tent,
Graves Island,NS ,6,Full,CampsitePermit,Less than 30ft,
Laurie,NS ,5,Full,CampsitePermit,Single Tent,
Five Islands,NS ,3,Full,CampsitePermit,Single Tent,
Laurie,NS ,4,Full,CampsitePermit,Single Tent,
Porters Lake,NS ,2,Full,CampsitePermit,Single Tent,
Cape Chignecto,NS ,2,Full,BackcountryPermit,Single Tent,
Whycocomagh,NS ,2,Full,YurtPermit,Tents,
Cape Chignecto,ON ,1,Full,BackcountryPermit,Single Tent,
Thomas Raddall,NB ,2,Senior,CampsitePermit,Less than 20ft,
Caribou Munroes,QC ,2,Full,CampsitePermit,Less than 20ft,
Blomidon,ON ,5,Full,CampsitePermit,Single Tent,
Ellenwood Lake,NS ,2,Full,CampsitePermit,Single Tent,
Graves Island,NS ,4,Full,CampsitePermit,Less than 30ft,
Dollar Lake,NS ,3,Full,CampsitePermit,Less than 20ft,
Mira River,NS ,2,Full,CampsitePermit,Less than 30ft,
Graves Island,QC ,2,Full,CampsitePermit,Single Tent,
Mira River,NS ,4,Full,CampsitePermit,Less than 30ft,
Laurie,NS ,2,Full,CampsitePermit,Less than 30ft,
Rissers Beach,NS ,3,Full,CampsitePermit,Less than 20ft,
Graves Island,NS ,4,Full,CampsitePermit,Tents,
Battery,NS ,2,Host,CampsitePermit,Single Tent,
Smileys,NS ,3,Full,CampsitePermit,Tents,
Graves Island,NS ,1,Host,CampsitePermit,Single Tent,
Laurie,NS ,6,Full,CampsitePermit,Single Tent,
Laurie,NS ,2,Full,CampsitePermit,Less than 20ft,
Thomas Raddall,NS ,4,Full,CampsitePermit,Single Tent,
Boylston,NS ,1,Full,CampsitePermit,Single Tent,
Amherst Shore,QC ,2,Senior,CampsitePermit,Less than 30ft,
Salsman,NS ,4,Full,CampsitePermit,Tents,
Mira River,NS ,4,Full,CampsitePermit,Single Tent,
Graves Island,PE ,4,Full,CampsitePermit,Single Tent,
Caribou Munroes,NS ,4,Full,CampsitePermit,Less than 20ft,
Thomas Raddall,NS ,3,Full,CampsitePermit,Less than 20ft,
Dollar Lake,NS ,2,Full,CampsitePermit,Single Tent,
Graves Island,ON ,2,Full,CampsitePermit,Single Tent,
Rissers Beach,NS ,2,Full,CampsitePermit,Single Tent,
Rissers Beach,NS ,4,Full,CampsitePermit,Less than 30ft,
Rissers Beach,NS ,4,Full,CampsitePermit,Less than 30ft,
Valleyview,NS ,2,Full,CampsitePermit,Single Tent,
Battery,ON ,4,Full,CampsitePermit,Tents,
Thomas Raddall,NS ,2,Senior,CampsitePermit,Less than 30ft,
Mira River,NS ,4,Full,CampsitePermit,Less than 30ft,
Graves Island,ON ,2,Full,CampsitePermit,Less than 20ft,
Graves Island,NS ,2,Full,CampsitePermit,Less than 20ft,
Laurie,ON ,4,Full,CampsitePermit,Less than 30ft,
Cape Chignecto,NS ,14,Full,BackcountryPermit,Single Tent,
Graves Island,NS ,5,Full,CampsitePermit,Tents,
Valleyview,NS ,2,Full,CampsitePermit,Less than 30ft,
Whycocomagh,ON ,1,Full,CampsitePermit,Single Tent,
Dollar Lake,NS ,3,Full,CampsitePermit,Single Tent,
Mira River,BC ,1,Senior,CampsitePermit,Less than 20ft,
Thomas Raddall,NS ,4,Full,CampsitePermit,Less than 40ft,
Caribou Munroes,QC ,2,Full,CampsitePermit,Single Tent,
Whycocomagh,NS ,4,Full,CampsitePermit,Less than 30ft,
Dollar Lake,NS ,3,Full,CampsitePermit,Tents,
Blomidon,NS ,3,Full,CampsitePermit,Single Tent,
Five Islands,NS ,2,Senior,CampsitePermit,Single Tent,
Graves Island,NS ,2,Full,CampsitePermit,Less than 20ft,
Salsman,NS ,2,Full,CampsitePermit,Single Tent,
The Islands,NS ,3,Full,CampsitePermit,Single Tent,
Ellenwood Lake,NS ,3,Full,CampsitePermit,Single Tent,
Five Islands,NB ,2,Full,CampsitePermit,Single Tent,
Whycocomagh,ON ,3,Full,CampsitePermit,Single Tent,
Graves Island,NS ,4,Full,CampsitePermit,Less than 40ft,
Whycocomagh,ON ,3,Senior,CampsitePermit,Less than 20ft,
Cape Chignecto,NB ,2,Full,BackcountryPermit,Single Tent,
Dollar Lake,NS ,2,Full,CampsitePermit,Single Tent,
Thomas Raddall,NB ,2,Senior,CampsitePermit,Single Tent,
Smileys,QC ,2,Full,CampsitePermit,Single Tent,
Laurie,NS ,4,Full,CampsitePermit,Less than 30ft,
Five Islands,QC ,2,Senior,CampsitePermit,Single Tent,
Porters Lake,QC ,4,Full,CampsitePermit,Single Tent,
The Islands,BC ,3,Full,CampsitePermit,Single Tent,
Mira River,NS ,4,Full,CampsitePermit,Single Tent,
Rissers Beach,AB ,4,Full,CampsitePermit,Less than 30ft,
Rissers Beach,NS ,3,Full,CampsitePermit,Less than 20ft,
Laurie,NS ,2,Full,CampsitePermit,Less than 30ft,
Battery,NS ,2,Full,CampsitePermit,Less than 30ft,
Battery,BC ,2,Senior,CampsitePermit,Single Tent,
Whycocomagh,NS ,2,Full,CampsitePermit,Less than 30ft,
Ellenwood Lake,NS ,4,Full,CampsitePermit,Single Tent,
Valleyview,ON ,2,Senior,CampsitePermit,Single Tent,
Five Islands,QC ,2,Full,CampsitePermit,Less than 30ft,
Battery,NS ,4,Full,CampsitePermit,Single Tent,
Smileys,NS ,2,Full,CampsitePermit,Less than 40ft,
Mira River,NS ,2,Full,CampsitePermit,Less than 40ft,
Thomas Raddall,QC ,3,Full,CampsitePermit,Single Tent,
Porters Lake,NS ,4,Full,CampsitePermit,Tents,
Rissers Beach,NS ,5,Full,CampsitePermit,Less than 40ft,
The Islands,NS ,5,Full,CampsitePermit,Single Tent,
Amherst Shore,QC ,5,Full,CampsitePermit,Less than 40ft,
Thomas Raddall,NS ,3,Full,CampsitePermit,Single Tent,
Dollar Lake,NS ,6,Full,CampsitePermit,Tents,
Dollar Lake,NS ,4,Full,CampsitePermit,Single Tent,
Mira River,QC ,2,Full,CampsitePermit,Less than 20ft,
Porters Lake,NS ,2,Full,CampsitePermit,Less than 30ft,
Graves Island,ON ,1,Senior,CampsitePermit,Single Tent,
Boylston,AB ,2,Full,CampsitePermit,Single Tent,
Caribou Munroes,NS ,3,Full,CampsitePermit,Single Tent,
Rissers Beach,NS ,2,Full,CampsitePermit,Less than 20ft,
Smileys,NS ,2,Full,CampsitePermit,Single Tent,
The Islands,NS ,2,Full,CampsitePermit,Less than 30ft,
Caribou Munroes,QC ,1,Senior,CampsitePermit,Single Tent,
Caribou Munroes,NS ,6,Full,CampsitePermit,Tents,
Blomidon,NS ,2,Senior,CampsitePermit,Less than 30ft,
Amherst Shore,NS ,3,Full,CampsitePermit,Less than 30ft,
Ellenwood Lake,NS ,4,Full,CampsitePermit,Single Tent,
Blomidon,NB ,3,Full,CampsitePermit,Single Tent,
Blomidon,NS ,3,Full,CampsitePermit,Single Tent,
Caribou Munroes,NS ,2,Full,CampsitePermit,Less than 20ft,
Graves Island,NS ,4,Full,CampsitePermit,Less than 30ft,
Blomidon,NS ,1,Senior,CampsitePermit,Single Tent,
Mira River,NS ,2,Senior,CampsitePermit,Single Tent,
Ellenwood Lake,NS ,7,Full,CampsitePermit,Less than 20ft,
Rissers Beach,NS ,4,Full,CampsitePermit,Less than 20ft,
Five Islands,ON ,4,Full,CampsitePermit,Single Tent,
Porters Lake,ON ,2,Full,CampsitePermit,Less than 20ft,
Mira River,NS ,2,Full,CampsitePermit,Single Tent,
Thomas Raddall,NS ,2,Full,CampsitePermit,Single Tent,
Graves Island,NS ,3,Full,CampsitePermit,Single Tent,
Graves Island,NS ,2,Full,CampsitePermit,Less than 20ft,
Dollar Lake,NS ,5,Full,CampsitePermit,Less than 20ft,
Mira River,NS ,4,Full,CampsitePermit,Less than 30ft,
Graves Island,NS ,2,Full,CampsitePermit,Single Tent,
The Islands,NS ,2,Full,CampsitePermit,Single Tent,
Mira River,NS ,5,Full,CampsitePermit,Less than 40ft,
Thomas Raddall,NS ,2,Full,CampsitePermit,Less than 20ft,
Caribou Munroes,NS ,2,Senior,CampsitePermit,Less than 20ft,
Graves Island,ON ,5,Full,CampsitePermit,Less than 20ft,
Porters Lake,NS ,4,Full,CampsitePermit,Single Tent,
Laurie,NS ,6,Full,CampsitePermit,Tents,
Mira River,NS ,5,Full,CampsitePermit,Single Tent,
Valleyview,ON ,2,Senior,CampsitePermit,Single Tent,
Thomas Raddall,NS ,4,Full,CampsitePermit,Tents,
Amherst Shore,PE ,3,Full,CampsitePermit,Single Tent,
Whycocomagh,QC ,3,Full,CampsitePermit,Less than 20ft,
Graves Island,NS ,4,Full,CampsitePermit,Less than 40ft,
Amherst Shore,NB ,2,Senior,CampsitePermit,Single Tent,
Dollar Lake,NS ,2,Full,CampsitePermit,Single Tent,
Mira River,NB ,2,Full,CampsitePermit,Single Tent,
Caribou Munroes,NB ,3,Full,CampsitePermit,Less than 30ft,
Dollar Lake,NS ,4,Full,CampsitePermit,Single Tent,
Graves Island,NS ,4,Full,CampsitePermit,Less than 30ft,
Smileys,NS ,5,Full,CampsitePermit,Single Tent,
Blomidon,NS ,2,Full,CampsitePermit,Single Tent,
Amherst Shore,NS ,4,Full,CampsitePermit,Single Tent,
Caribou Munroes,NS ,2,Full,CampsitePermit,Single Tent,
Blomidon,BC ,2,Full,CampsitePermit,Single Tent,
Amherst Shore,NB ,2,Senior,CampsitePermit,Less than 30ft,
Rissers Beach,NS ,1,Veteran,CampsitePermit,Single Tent,
Rissers Beach,NS ,3,Full,CampsitePermit,Less than 20ft,
Rissers Beach,NS ,5,Full,CampsitePermit,Single Tent,
Rissers Beach,NS ,6,Full,CampsitePermit,Tents,
Rissers Beach,NS ,2,Full,CampsitePermit,Less than 20ft,
Mira River,NS ,4,Full,CampsitePermit,Less than 30ft,
The Islands,NS ,2,Senior,CampsitePermit,Less than 20ft,
Amherst Shore,QC ,6,Full,CampsitePermit,Tents,
Rissers Beach,NS ,2,Full,CampsitePermit,Less than 20ft,
Amherst Shore,NS ,5,Full,CampsitePermit,Greater than 40ft,
Five Islands,NS ,2,Full,CampsitePermit,Single Tent,
Mira River,NS ,2,Full,CampsitePermit,Single Tent,
Porters Lake,NS ,2,Senior,CampsitePermit,Less than 30ft,
Mira River,NS ,4,Full,CampsitePermit,Less than 40ft,
Blomidon,NS ,2,Full,CampsitePermit,Single Tent,
Thomas Raddall,NS ,2,Full,CampsitePermit,Less than 30ft,
Five Islands,NS ,4,Full,CampsitePermit,Tents,
Caribou Munroes,NB ,6,Full,CampsitePermit,Tents,
Dollar Lake,NS ,4,Full,CampsitePermit,Tents,
Whycocomagh,NS ,2,Full,YurtPermit,Tents,
Cape Chignecto,NB ,2,Full,BackcountryPermit,Single Tent,
Caribou Munroes,NS ,6,Full,CampsitePermit,Single Tent,
Graves Island,NS ,4,Full,CampsitePermit,Single Tent,
Porters Lake,NS ,4,Full,CampsitePermit,Tents,
Graves Island,NS ,2,Senior,CampsitePermit,Less than 40ft,
Thomas Raddall,NS ,2,Senior,CampsitePermit,Less than 20ft,
Five Islands,QC ,2,Full,CampsitePermit,Single Tent,
Rissers Beach,NS ,2,Full,CampsitePermit,Less than 20ft,
Ellenwood Lake,ON ,2,Full,CampsitePermit,Less than 40ft,
Mira River,NS ,4,Full,CampsitePermit,Less than 30ft,
The Islands,BC ,2,Full,CampsitePermit,Single Tent,
Cape Chignecto,NS ,2,Full,BackcountryPermit,Single Tent,
Rissers Beach,NS ,2,Full,CampsitePermit,Less than 30ft,
Mira River,QC ,5,Full,CampsitePermit,Less than 40ft,
Salsman,BC ,2,Full,CampsitePermit,Less than 20ft,
Mira River,NS ,3,Full,CampsitePermit,Single Tent,
Battery,NS ,1,Full,CampsitePermit,Single Tent,
Graves Island,NS ,4,Full,CampsitePermit,Single Tent,
Rissers Beach,NS ,4,Full,CampsitePermit,Tents,
Porters Lake,NS ,2,Senior,CampsitePermit,Less than 20ft,
Mira River,QC ,4,Full,CampsitePermit,Less than 20ft,
Five Islands,NS ,3,Full,CampsitePermit,Less than 20ft,
Blomidon,NS ,2,Full,CampsitePermit,Single Tent,
Graves Island,NS ,4,Full,CampsitePermit,Less than 30ft,
Cape Chignecto,NB ,2,Full,BackcountryPermit,Single Tent,
Salsman,NS ,2,Full,CampsitePermit,Less than 30ft,
Thomas Raddall,NS ,4,Full,CampsitePermit,Single Tent,
Graves Island,NS ,2,Full,CampsitePermit,Less than 40ft,
Graves Island,NS ,4,Full,CampsitePermit,Less than 20ft,
Thomas Raddall,NS ,2,Full,CampsitePermit,Single Tent,
Thomas Raddall,NS ,6,Full,CampsitePermit,Tents,
Five Islands,NS ,1,Full,CampsitePermit,Less than 20ft,
Cape Chignecto,NS ,1,Full,BackcountryPermit,Single Tent,
Blomidon,NS ,2,Senior,CampsitePermit,Single Tent,
Caribou Munroes,NS ,4,Senior,CampsitePermit,Less than 20ft,
Cape Chignecto,NS ,2,Full,BackcountryPermit,Single Tent,
Dollar Lake,NS ,5,Full,CampsitePermit,Tents,
Rissers Beach,NS ,2,Full,CampsitePermit,Single Tent,
Blomidon,NS ,2,Full,CampsitePermit,Single Tent,
Porters Lake,NS ,4,Full,CampsitePermit,Less than 20ft,
Whycocomagh,ON ,4,Full,CampsitePermit,Less than 20ft,
Mira River,NS ,2,Full,CampsitePermit,Single Tent,
Caribou Munroes,NS ,2,Full,CampsitePermit,Less than 20ft,
Smileys,NS ,3,Full,CampsitePermit,Single Tent,
Smileys,NS ,4,Full,CampsitePermit,Less than 30ft,
The Islands,NB ,2,Full,CampsitePermit,Single Tent,
Dollar Lake,NS ,6,Full,CampsitePermit,Single Tent,
Mira River,NS ,2,Senior,CampsitePermit,Less than 30ft,
Caribou Munroes,ON ,2,Full,CampsitePermit,Single Tent,
Five Islands,NS ,6,Full,CampsitePermit,Tents,
Ellenwood Lake,NS ,6,Full,CampsitePermit,Tents,
Five Islands,NS ,5,Full,CampsitePermit,Tents,
Caribou Munroes,NS ,2,Full,CampsitePermit,Less than 20ft,
Thomas Raddall,NS ,4,Full,CampsitePermit,Single Tent,
Caribou Munroes,NS ,3,Full,CampsitePermit,Single Tent,
Porters Lake,QC ,2,Full,CampsitePermit,Single Tent,
Thomas Raddall,NS ,2,Full,CampsitePermit,Single Tent,
Cape Chignecto,PE ,2,Full,BackcountryPermit,Single Tent,
Mira River,NS ,2,Full,CampsitePermit,Single Tent,
Mira River,NS ,3,Full,CampsitePermit,Less than 20ft,
Thomas Raddall,NS ,5,Full,CampsitePermit,Less than 20ft,
Amherst Shore,NS ,4,Full,CampsitePermit,Less than 20ft,
Mira River,QC ,2,Full,CampsitePermit,Single Tent,
Thomas Raddall,NS ,4,Full,CampsitePermit,Less than 30ft,
Graves Island,NS ,2,Full,CampsitePermit,Less than 30ft,
Rissers Beach,NS ,4,FULL,CampsitePermit,Less than 20ft,
Mira River,NS ,2,Full,CampsitePermit,Single Tent,
Mira River,NS ,6,Full,CampsitePermit,Single Tent,
Porters Lake,NS ,4,Full,CampsitePermit,Single Tent,
Blomidon,NS ,2,Full,CampsitePermit,Tents,
Rissers Beach,NS ,2,Full,CampsitePermit,Greater than 40ft,
Rissers Beach,NS ,4,Senior,CampsitePermit,Tents,
Battery,AB ,2,Senior,CampsitePermit,Less than 30ft,
Porters Lake,ON ,2,Full,CampsitePermit,Less than 20ft,
Smileys,NS ,2,Full,CampsitePermit,Less than 20ft,
Blomidon,NS ,2,Full,CampsitePermit,Single Tent,
Thomas Raddall,NS ,2,Full,CampsitePermit,Less than 20ft,
Five Islands,ON ,2,Full,CampsitePermit,Single Tent,
Mira River,NS ,2,Full,CampsitePermit,Single Tent,
Smileys,NS ,3,Full,CampsitePermit,Single Tent,
Smileys,NS ,4,Full,CampsitePermit,Less than 30ft,
Graves Island,ON ,2,Full,CampsitePermit,Less than 20ft,
Valleyview,NS ,2,Senior,CampsitePermit,Single Tent,
Mira River,QC ,2,Senior,CampsitePermit,Single Tent,
Mira River,NS ,2,Full,CampsitePermit,Less than 20ft,
The Islands,ON ,1,Full,CampsitePermit,Single Tent,
Amherst Shore,BC ,2,Senior,CampsitePermit,Less than 30ft,
Thomas Raddall,NS ,4,Full,CampsitePermit,Single Tent,
Rissers Beach,NS ,2,Full,CampsitePermit,Less than 40ft,
Cape Chignecto,NS ,3,Full,BackcountryPermit,Single Tent,
Mira River,NS ,6,Full,CampsitePermit,Less than 20ft,
Graves Island,NS ,4,Full,CampsitePermit,Less than 20ft,
Thomas Raddall,NS ,5,Full,CampsitePermit,Tents,
Rissers Beach,NS ,4,Full,CampsitePermit,Less than 30ft,
Battery,NS ,2,Full,CampsitePermit,Single Tent,
Blomidon,NS ,5,Full,CampsitePermit,Less than 20ft,
Mira River,NS ,2,Full,CampsitePermit,Less than 30ft,
Whycocomagh,QC ,2,Full,CampsitePermit,Less than 20ft,
Graves Island,NS ,2,Full,CampsitePermit,Less than 20ft,
Caribou Munroes,NS ,4,Full,CampsitePermit,Less than 30ft,
Battery,ON ,4,Full,CampsitePermit,Single Tent,
Thomas Raddall,NS ,2,Senior,CampsitePermit,Single Tent,
Five Islands,NS ,2,Senior,CampsitePermit,Less than 20ft,
Dollar Lake,NS ,4,Full,CampsitePermit,Tents,
Thomas Raddall,NS ,6,Full,CampsitePermit,Less than 40ft,
Caribou Munroes,NS ,2,Full,CampsitePermit,Less than 30ft,
Graves Island,MB ,1,Full,CampsitePermit,Single Tent,
Battery,ON ,4,Full,CampsitePermit,Less than 20ft,
Dollar Lake,NS ,2,Full,CampsitePermit,Single Tent,
Blomidon,NS ,2,Full,CampsitePermit,Less than 30ft,
Porters Lake,AB ,5,Full,CampsitePermit,Single Tent,
Ellenwood Lake,NS ,2,Full,CampsitePermit,Single Tent,
Salsman,QC ,3,Full,CampsitePermit,Less than 20ft,
Amherst Shore,NS ,2,Full,CampsitePermit,Less than 20ft,
Rissers Beach,ON ,3,Full,CampsitePermit,Single Tent,
Five Islands,NS ,2,Full,CampsitePermit,Single Tent,
Dollar Lake,NS ,3,Full,CampsitePermit,Less than 20ft,
Rissers Beach,NS ,4,Full,CampsitePermit,Tents,
Thomas Raddall,NS ,4,Full,CampsitePermit,Less than 30ft,
Caribou Munroes,NS ,2,Senior,CampsitePermit,Less than 30ft,
Rissers Beach,NS ,6,Full,CampsitePermit,Less than 20ft,
Graves Island,ON ,4,Full,CampsitePermit,Less than 40ft,
Porters Lake,NS ,2,Full,CampsitePermit,Single Tent,
Mira River,NL ,6,Full,CampsitePermit,Single Tent,
Smileys,NS ,2,Senior,CampsitePermit,Less than 30ft,
Whycocomagh,QC ,2,Full,CampsitePermit,Less than 30ft,
Smileys,NS ,4,Full,CampsitePermit,Single Tent,
Porters Lake,NS ,5,Full,CampsitePermit,Single Tent,
Battery,NS ,2,Senior,CampsitePermit,Less than 20ft,
Caribou Munroes,NS ,2,Full,CampsitePermit,Less than 20ft,
Five Islands,NS ,2,Full,CampsitePermit,Less than 20ft,
Dollar Lake,NS ,5,Full,CampsitePermit,Single Tent,
Dollar Lake,NS ,4,Full,CampsitePermit,Less than 30ft,
Smileys,NS ,2,Full,CampsitePermit,Single Tent,
Battery,NS ,1,Full,CampsitePermit,Less than 30ft,
Boylston,NS ,2,Full,CampsitePermit,Less than 30ft,
Ellenwood Lake,NS ,2,Full,CampsitePermit,Less than 30ft,
Graves Island,NS ,2,Senior,CampsitePermit,Less than 30ft,
Battery,QC ,2,Full,CampsitePermit,Single Tent,
Rissers Beach,NS ,2,Senior,CampsitePermit,Less than 40ft,
Rissers Beach,NS ,2,Full,CampsitePermit,Less than 40ft,
Blomidon,NS ,4,Senior,CampsitePermit,Less than 20ft,
Mira River,ON ,2,Full,CampsitePermit,Less than 30ft,
Thomas Raddall,NS ,6,Full,CampsitePermit,Less than 30ft,
Whycocomagh,NS ,2,Full,CampsitePermit,Less than 40ft,
Whycocomagh,QC ,5,Full,CampsitePermit,Less than 30ft,
Boylston,NS ,2,Full,CampsitePermit,Tents,
Laurie,NS ,2,Full,CampsitePermit,Less than 40ft,
Caribou Munroes,NS ,5,Full,CampsitePermit,Less than 20ft,
Caribou Munroes,NS ,1,Senior,CampsitePermit,Less than 30ft,
Five Islands,ON ,2,Full,CampsitePermit,Single Tent,
Mira River,NS ,4,Full,CampsitePermit,Less than 20ft,
Mira River,QC ,2,Senior,CampsitePermit,Less than 20ft,
Mira River,NS ,6,Full,CampsitePermit,Less than 20ft,
Five Islands,ON ,4,Full,CampsitePermit,Single Tent,
Smileys,NS ,3,Full,CampsitePermit,Less than 20ft,
Porters Lake,ON ,2,Full,CampsitePermit,Single Tent,
Valleyview,NS ,4,Full,CampsitePermit,Single Tent,
Amherst Shore,NS ,6,Full,CampsitePermit,Less than 40ft,
Mira River,NS ,2,Full,CampsitePermit,Less than 30ft,
Five Islands,QC ,2,Full,CampsitePermit,Single Tent,
Caribou Munroes,NS ,4,Full,CampsitePermit,Tents,
Mira River,NS ,2,Full,CampsitePermit,Single Tent,
Blomidon,NS ,2,Senior,CampsitePermit,Less than 20ft,
Rissers Beach,NS ,6,Full,CampsitePermit,Tents,
Porters Lake,NS ,4,Full,CampsitePermit,Tents,
Boylston,NS ,2,Full,CampsitePermit,Single Tent,
The Islands,NS ,4,Full,CampsitePermit,Less than 20ft,
Rissers Beach,NS ,2,Full,CampsitePermit,Single Tent,
Porters Lake,NS ,2,Full,CampsitePermit,Less than 20ft,
Thomas Raddall,NS ,6,Full,CampsitePermit,Tents,
Dollar Lake,NS ,4,Full,CampsitePermit,Single Tent,
Rissers Beach,NS ,5,Full,CampsitePermit,Less than 30ft,
Graves Island,NS ,2,Full,CampsitePermit,Single Tent,
Battery,QC ,2,Senior,CampsitePermit,Less than 30ft,
Battery,QC ,2,Full,CampsitePermit,Single Tent,
Porters Lake,ON ,5,Full,CampsitePermit,Single Tent,
Porters Lake,NS ,3,Full,CampsitePermit,Single Tent,
Rissers Beach,NS ,1,Full,CampsitePermit,Single Tent,
Five Islands,QC ,2,Full,CampsitePermit,Single Tent,
Five Islands,NS ,6,Full,CampsitePermit,Less than 20ft,
Thomas Raddall,NS ,2,Full,CampsitePermit,Single Tent,
Dollar Lake,NS ,3,Full,CampsitePermit,Less than 30ft,
Blomidon,ON ,2,Full,CampsitePermit,Single Tent,
Graves Island,NS ,2,Full,CampsitePermit,Tents,
Smileys,NS ,2,Full,CampsitePermit,Less than 20ft,
Smileys,NS ,1,Full,CampsitePermit,Less than 20ft,
Laurie,BC ,2,Full,CampsitePermit,Single Tent,
Porters Lake,NS ,2,Full,CampsitePermit,Tents,
Ellenwood Lake,NS ,3,Full,CampsitePermit,Less than 30ft,
Battery,NS ,2,Full,CampsitePermit,Less than 30ft,
Salsman,NS ,3,Full,CampsitePermit,Tents,
Amherst Shore,NS ,4,Full,CampsitePermit,Less than 30ft,
Mira River,NS ,2,Full,CampsitePermit,Less than 40ft,
Caribou Munroes,NS ,3,Full,CampsitePermit,Single Tent,
Graves Island,NS ,3,Full,CampsitePermit,Less than 40ft,
Amherst Shore,NS ,5,Full,CampsitePermit,Less than 20ft,
Smileys,NS ,4,Full,CampsitePermit,Tents,
Five Islands,NS ,2,Full,CampsitePermit,Single Tent,
Five Islands,NS ,2,Full,CampsitePermit,Single Tent,
Valleyview,NS ,1,Full,CampsitePermit,Single Tent,
Caribou Munroes,PE ,2,FULL,CampsitePermit,Less than 20ft,
Rissers Beach,ON ,2,Full,CampsitePermit,Less than 30ft,
Salsman,NS ,2,Senior,CampsitePermit,Less than 20ft,
Graves Island,ON ,2,Full,CampsitePermit,Less than 20ft,
Rissers Beach,NS ,3,Full,CampsitePermit,Less than 30ft,
Amherst Shore,ON ,2,Full,CampsitePermit,Less than 30ft,
Rissers Beach,NS ,6,Full,CampsitePermit,Tents,
Five Islands,NS ,5,Full,CampsitePermit,Less than 30ft,
Blomidon,NS ,6,Full,CampsitePermit,Less than 20ft,
Mira River,NS ,2,Senior,CampsitePermit,Less than 20ft,
Blomidon,QC ,2,Full,CampsitePermit,Less than 20ft,
The Islands,QC ,2,Full,CampsitePermit,Single Tent,
Rissers Beach,NS ,1,Full,CampsitePermit,Single Tent,
Salsman,NS ,2,Full,CampsitePermit,Less than 20ft,
Mira River,NS ,6,Full,CampsitePermit,Single Tent,
Porters Lake,NS ,2,Full,CampsitePermit,Less than 30ft,
Cape Chignecto,NS ,8,Full,BackcountryPermit,Cabin,
Dollar Lake,NS ,6,Full,CampsitePermit,Less than 20ft,
Rissers Beach,NS ,4,Full,CampsitePermit,Less than 20ft,
Smileys,NS ,4,Full,CampsitePermit,Tents,
Five Islands,ON ,2,Full,CampsitePermit,Single Tent,
Caribou Munroes,NS ,5,Full,CampsitePermit,Single Tent,
Caribou Munroes,NS ,1,Full,CampsitePermit,Single Tent,
The Islands,ON ,4,Full,CampsitePermit,Single Tent,
Dollar Lake,NS ,4,Full,CampsitePermit,Tents,
Mira River,NS ,2,Veteran,CampsitePermit,Less than 20ft,
Valleyview,NL ,2,Full,CampsitePermit,Single Tent,
Whycocomagh,BC ,2,Full,CampsitePermit,Single Tent,
Battery,QC ,2,Full,CampsitePermit,Single Tent,
Rissers Beach,NS ,2,Full,CampsitePermit,Less than 30ft,
Laurie,NS ,4,Full,CampsitePermit,Less than 40ft,
Amherst Shore,NL ,3,Senior,CampsitePermit,Single Tent,
Mira River,NB ,6,Full,CampsitePermit,Tents,
Salsman,NS ,5,Full,CampsitePermit,Tents,
Rissers Beach,NB ,2,Full,CampsitePermit,Less than 20ft,
Salsman,NS ,3,Full,CampsitePermit,Single Tent,
Dollar Lake,NS ,4,Full,CampsitePermit,Single Tent,
Smileys,NB ,2,Full,CampsitePermit,Single Tent,
Smileys,NS ,2,Full,CampsitePermit,Less than 20ft,
Porters Lake,NS ,5,Full,CampsitePermit,Single Tent,
Caribou Munroes,NS ,3,Full,CampsitePermit,Tents,
Thomas Raddall,NS ,2,Full,CampsitePermit,Single Tent,
Smileys,NS ,2,Senior,CampsitePermit,Less than 20ft,
Rissers Beach,QC ,2,Full,CampsitePermit,Single Tent,
Smileys,NS ,4,Full,CampsitePermit,Less than 40ft,
Blomidon,NB ,1,Full,CampsitePermit,Single Tent,
Dollar Lake,ON ,3,Full,CampsitePermit,Tents,
Battery,ON ,2,Senior,CampsitePermit,Single Tent,
Thomas Raddall,NS ,4,Full,CampsitePermit,Single Tent,
Five Islands,AB ,3,Senior,CampsitePermit,Single Tent,
Mira River,QC ,2,Full,CampsitePermit,Single Tent,
Dollar Lake,NS ,2,Full,CampsitePermit,Single Tent,
The Islands,NS ,2,Full,CampsitePermit,Less than 20ft,
Smileys,NS ,4,Full,CampsitePermit,Single Tent,
Dollar Lake,NS ,3,Full,CampsitePermit,Single Tent,
Mira River,NS ,2,Full,CampsitePermit,Single Tent,
Rissers Beach,NS ,5,Full,CampsitePermit,Less than 30ft,
Dollar Lake,NS ,5,Full,CampsitePermit,Tents,
Caribou Munroes,NS ,5,Full,CampsitePermit,Single Tent,
Battery,NS ,4,Full,CampsitePermit,Single Tent,
Mira River,NS ,6,Full,CampsitePermit,Single Tent,
Laurie,QC ,2,Full,CampsitePermit,Single Tent,
Thomas Raddall,QC ,2,Senior,CampsitePermit,Single Tent,
Graves Island,NS ,2,Full,CampsitePermit,Single Tent,
Dollar Lake,NS ,2,Senior,CampsitePermit,Less than 20ft,
Porters Lake,QC ,2,Full,CampsitePermit,Less than 20ft,
Graves Island,NS ,4,Full,CampsitePermit,Less than 20ft,
Blomidon,ON ,2,Full,CampsitePermit,Single Tent,
Dollar Lake,NS ,3,Full,CampsitePermit,Single Tent,
Five Islands,NB ,2,Full,CampsitePermit,Less than 20ft,
Graves Island,NS ,2,Full,CampsitePermit,Less than 30ft,
Dollar Lake,NS ,4,Full,CampsitePermit,Tents,
Graves Island,ON ,2,Full,CampsitePermit,Less than 30ft,
Caribou Munroes,QC ,2,Full,CampsitePermit,Single Tent,
Mira River,QC ,4,Full,CampsitePermit,Less than 20ft,
Blomidon,NS ,5,Full,CampsitePermit,Tents,
Laurie,NS ,3,Full,CampsitePermit,Single Tent,
Caribou Munroes,NS ,4,Full,CampsitePermit,Less than 30ft,
Dollar Lake,NS ,2,Full,CampsitePermit,Single Tent,
Rissers Beach,NS ,3,Full,CampsitePermit,Single Tent,
Salsman,NS ,4,Full,CampsitePermit,Less than 30ft,
Rissers Beach,NS ,2,Full,CampsitePermit,Single Tent,
Dollar Lake,NS ,6,Full,CampsitePermit,Less than 20ft,
Salsman,BC ,2,Senior,CampsitePermit,Less than 20ft,
Graves Island,NS ,2,Full,CampsitePermit,Less than 30ft,
Salsman,ON ,2,Full,CampsitePermit,Less than 20ft,
Graves Island,NS ,4,Full,CampsitePermit,Tents,
Caribou Munroes,NS ,2,Full,CampsitePermit,Less than 20ft,
Mira River,NS ,3,Full,CampsitePermit,Single Tent,
Graves Island,ON ,2,Full,CampsitePermit,Single Tent,
Rissers Beach,NS ,3,Full,CampsitePermit,Less than 40ft,
Amherst Shore,ON ,2,Full,CampsitePermit,Less than 20ft,
The Islands,NS ,1,Full,CampsitePermit,Single Tent,
Boylston,BC ,2,Full,CampsitePermit,Single Tent,
Porters Lake,NS ,2,Full,CampsitePermit,Single Tent,
Porters Lake,NS ,2,Full,CampsitePermit,Tents,
The Islands,NS ,5,Full,CampsitePermit,Single Tent,
Battery,NS ,2,Full,CampsitePermit,Less than 40ft,
Mira River,NS ,2,Host,CampsitePermit,Less than 20ft,
Dollar Lake,NS ,6,Senior,CampsitePermit,Single Tent,
Mira River,NS ,3,Full,CampsitePermit,Less than 20ft,
Laurie,NS ,2,Full,CampsitePermit,Single Tent,
Smileys,NS ,2,Full,CampsitePermit,Greater than 40ft,
Blomidon,NS ,1,Full,CampsitePermit,Single Tent,
Thomas Raddall,NS ,4,Full,CampsitePermit,Tents,
Smileys,NS ,5,Full,CampsitePermit,Tents,
Whycocomagh,NS ,2,Full,CampsitePermit,Less than 20ft,
Rissers Beach,NS ,3,Full,CampsitePermit,Single Tent,
Rissers Beach,NS ,3,Full,CampsitePermit,Single Tent,
Battery,QC ,2,Full,CampsitePermit,Single Tent,
Mira River,QC ,2,Full,CampsitePermit,Single Tent,
Boylston,NS ,6,Full,CampsitePermit,Less than 20ft,
Caribou Munroes,NS ,2,Senior,CampsitePermit,Single Tent,
Five Islands,ON ,1,Full,CampsitePermit,Single Tent,
Rissers Beach,NS ,2,Full,CampsitePermit,Less than 20ft,
Caribou Munroes,NS ,2,Full,CampsitePermit,Single Tent,
Amherst Shore,NB ,2,Full,CampsitePermit,Single Tent,
Battery,NS ,2,Full,CampsitePermit,Single Tent,
Blomidon,NS ,4,Full,CampsitePermit,Less than 20ft,
Laurie,NS ,2,Full,CampsitePermit,Less than 30ft,
Porters Lake,QC ,2,Full,CampsitePermit,Single Tent,
Dollar Lake,NS ,3,Full,CampsitePermit,Single Tent,
Five Islands,NS ,2,Full,CampsitePermit,Single Tent,
Five Islands,QC ,4,Full,CampsitePermit,Single Tent,
Blomidon,NS ,4,Full,CampsitePermit,Single Tent,
Graves Island,NS ,4,Full,CampsitePermit,Single Tent,
Mira River,QC ,2,Full,CampsitePermit,Less than 30ft,
Smileys,NS ,5,Full,CampsitePermit,Less than 20ft,
Mira River,ON ,2,Full,CampsitePermit,Less than 30ft,
Graves Island,NS ,2,Full,CampsitePermit,Less than 30ft,
Smileys,NS ,4,Veteran,CampsitePermit,Less than 20ft,
Caribou Munroes,NS ,2,Senior,CampsitePermit,Less than 20ft,
Graves Island,NS ,4,Full,CampsitePermit,Less than 30ft,
Battery,ON ,4,Senior,CampsitePermit,Less than 30ft,
Graves Island,NS ,1,Senior,CampsitePermit,Single Tent,
Ellenwood Lake,NS ,4,Full,CampsitePermit,Single Tent,
Five Islands,NS ,2,Full,CampsitePermit,Single Tent,
Mira River,NS ,1,Full,CampsitePermit,Less than 40ft,
Ellenwood Lake,ON ,2,Full,CampsitePermit,Single Tent,
Blomidon,NB ,4,Full,CampsitePermit,Tents,
Thomas Raddall,ON ,2,Full,CampsitePermit,Single Tent,
Whycocomagh,ON ,2,Full,CampsitePermit,Less than 30ft,
Thomas Raddall,NS ,1,Full,CampsitePermit,Less than 40ft,
Laurie,NL ,4,Full,CampsitePermit,Tents,
Caribou Munroes,NS ,3,Full,CampsitePermit,Less than 20ft,
Caribou Munroes,NS ,4,Full,CampsitePermit,Less than 20ft,
Battery,AB ,3,Full,CampsitePermit,Greater than 40ft,
Blomidon,NS ,2,Full,CampsitePermit,Tents,
Caribou Munroes,NS ,2,Full,CampsitePermit,Single Tent,
Graves Island,NS ,4,Full,CampsitePermit,Less than 30ft,
Porters Lake,NS ,4,Full,CampsitePermit,Single Tent,
Laurie,NS ,2,Full,CampsitePermit,Single Tent,
Five Islands,ON ,4,Full,CampsitePermit,Tents,
Rissers Beach,NS ,6,Full,CampsitePermit,Less than 20ft,
Mira River,NS ,3,Full,CampsitePermit,Less than 30ft,
Whycocomagh,NS ,3,Full,CampsitePermit,Single Tent,
Rissers Beach,NS ,1,Senior,CampsitePermit,Single Tent,
Thomas Raddall,NS ,4,Full,CampsitePermit,Single Tent,
Amherst Shore,NS ,2,Full,CampsitePermit,Less than 30ft,
Laurie,NS ,2,Full,CampsitePermit,Single Tent,
Blomidon,ON ,1,Full,CampsitePermit,Single Tent,
Graves Island,NS ,2,Full,CampsitePermit,Less than 40ft,
Graves Island,ON ,5,Full,CampsitePermit,Less than 20ft,
Amherst Shore,NS ,4,Full,CampsitePermit,Single Tent,
Mira River,NS ,2,Senior,CampsitePermit,Less than 30ft,
Mira River,NS ,3,Full,CampsitePermit,Single Tent,
Rissers Beach,NS ,4,Full,CampsitePermit,Single Tent,
Caribou Munroes,ON ,4,Full,CampsitePermit,Less than 20ft,
Five Islands,NS ,4,Full,CampsitePermit,Single Tent,
Graves Island,NS ,4,Full,CampsitePermit,Less than 20ft,
Blomidon,BC ,4,Full,CampsitePermit,Single Tent,
Mira River,NS ,2,Senior,CampsitePermit,Less than 20ft,
Dollar Lake,NS ,5,Full,CampsitePermit,Tents,
Thomas Raddall,QC ,4,Full,CampsitePermit,Less than 20ft,
Rissers Beach,NS ,2,Full,CampsitePermit,Less than 30ft,
Laurie,ON ,3,Full,CampsitePermit,Single Tent,
Laurie,NS ,2,Full,CampsitePermit,Single Tent,
Rissers Beach,ON ,1,Senior,CampsitePermit,Less than 30ft,
Dollar Lake,NS ,2,Full,CampsitePermit,Single Tent,
Whycocomagh,NS ,4,Full,CampsitePermit,Less than 30ft,
Graves Island,NS ,2,Full,CampsitePermit,Less than 30ft,
Five Islands,NS ,5,Full,CampsitePermit,Single Tent,
Porters Lake,NB ,4,Full,CampsitePermit,Tents,
Caribou Munroes,NS ,2,Full,CampsitePermit,Single Tent,
Caribou Munroes,NS ,2,Full,CampsitePermit,Less than 20ft,
Caribou Munroes,QC ,6,Full,CampsitePermit,Tents,
Blomidon,QC ,2,Full,CampsitePermit,Single Tent,
Caribou Munroes,NS ,4,Full,CampsitePermit,Less than 30ft,
Salsman,NS ,4,Full,CampsitePermit,Less than 40ft,
Five Islands,NS ,4,Full,CampsitePermit,Single Tent,
Rissers Beach,NS ,4,Full,CampsitePermit,Less than 20ft,
Five Islands,NS ,2,Full,CampsitePermit,Less than 30ft,
Caribou Munroes,ON ,1,Full,CampsitePermit,Single Tent,
Graves Island,NS ,4,Full,CampsitePermit,Single Tent,
Salsman,NS ,2,Senior,CampsitePermit,Less than 20ft,
Caribou Munroes,NS ,1,Full,CampsitePermit,Single Tent,
Mira River,ON ,4,Full,CampsitePermit,Single Tent,
Five Islands,NS ,2,Full,CampsitePermit,Single Tent,
Rissers Beach,NS ,4,Senior,CampsitePermit,Less than 30ft,
Whycocomagh,AB ,2,Full,CampsitePermit,Less than 40ft,
Laurie,NS ,2,Senior,CampsitePermit,Less than 20ft,
Mira River,QC ,3,Senior,CampsitePermit,Single Tent,
Dollar Lake,NS ,2,Full,CampsitePermit,Less than 20ft,
Rissers Beach,NS ,3,Full,CampsitePermit,Single Tent,
Thomas Raddall,NS ,3,Full,CampsitePermit,Less than 30ft,
Graves Island,NS ,2,Full,CampsitePermit,Single Tent,
Mira River,NS ,5,Full,CampsitePermit,Tents,
Rissers Beach,NS ,4,Full,CampsitePermit,Less than 30ft,
Dollar Lake,NS ,4,Full,CampsitePermit,Tents,
Caribou Munroes,NS ,2,Full,CampsitePermit,Less than 30ft,
Caribou Munroes,NS ,2,Senior,CampsitePermit,Less than 30ft,
Thomas Raddall,NS ,3,Full,CampsitePermit,Less than 30ft,
Mira River,NS ,2,Full,CampsitePermit,Single Tent,
Ellenwood Lake,NS ,3,Full,CampsitePermit,Tents,
Five Islands,BC ,2,Senior,CampsitePermit,Less than 20ft,
Graves Island,NS ,2,Full,CampsitePermit,Less than 30ft,
Caribou Munroes,ON ,1,Full,CampsitePermit,Single Tent,
Battery,NS ,4,Veteran,CampsitePermit,Single Tent,
Porters Lake,NS ,2,Senior,CampsitePermit,Less than 20ft,
Porters Lake,NS ,1,Full,CampsitePermit,Single Tent,
Five Islands,NS ,2,Full,CampsitePermit,Single Tent,
Amherst Shore,NS ,4,Full,CampsitePermit,Single Tent,
Dollar Lake,NS ,6,Full,CampsitePermit,Tents,
Five Islands,QC ,2,Full,CampsitePermit,Single Tent,
Mira River,ON ,2,Senior,CampsitePermit,Single Tent,
Salsman,NS ,2,Full,CampsitePermit,Less than 20ft,
Salsman,NS ,3,Full,CampsitePermit,Single Tent,
Caribou Munroes,NS ,4,Senior,CampsitePermit,Less than 30ft,
Rissers Beach,NS ,2,Full,CampsitePermit,Single Tent,
Rissers Beach,NS ,3,Full,CampsitePermit,Less than 20ft,
Mira River,NS ,5,Full,CampsitePermit,Less than 20ft,
Amherst Shore,NS ,4,Full,CampsitePermit,Less than 30ft,
Rissers Beach,NS ,2,Full,CampsitePermit,Less than 20ft,
The Islands,NS ,2,Full,CampsitePermit,Less than 20ft,
Caribou Munroes,NS ,7,Full,CampsitePermit,Single Tent,
Caribou Munroes,NL ,2,Senior,CampsitePermit,Less than 20ft,
Mira River,NS ,6,Full,CampsitePermit,Tents,
Mira River,NS ,2,Full,CampsitePermit,Less than 30ft,
Rissers Beach,NS ,1,Senior,CampsitePermit,Single Tent,
Porters Lake,NS ,2,Full,CampsitePermit,Single Tent,
Smileys,NS ,3,Full,CampsitePermit,Tents,
Rissers Beach,NS ,6,Full,CampsitePermit,Single Tent,
Laurie,NS ,2,Full,CampsitePermit,Less than 30ft,
Porters Lake,NS ,5,Full,CampsitePermit,Less than 40ft,
Caribou Munroes,ON ,4,Full,CampsitePermit,Single Tent,
Graves Island,NS ,2,Full,CampsitePermit,Single Tent,
Graves Island,NS ,1,Senior,CampsitePermit,Single Tent,
Porters Lake,QC ,2,Senior,CampsitePermit,Single Tent,
Rissers Beach,NS ,2,Full,CampsitePermit,Single Tent,
Rissers Beach,NS ,1,Full,CampsitePermit,Single Tent,
Smileys,QC ,2,Full,CampsitePermit,Less than 30ft,
Laurie,NS ,6,Full,CampsitePermit,Tents,
Dollar Lake,NS ,3,Full,CampsitePermit,Single Tent,
Caribou Munroes,ON ,2,Senior,CampsitePermit,Less than 20ft,
Salsman,NS ,2,Full,CampsitePermit,Single Tent,
Caribou Munroes,NS ,2,Full,CampsitePermit,Less than 30ft,
Ellenwood Lake,ON ,4,Full,CampsitePermit,Single Tent,
Blomidon,NS ,2,Full,CampsitePermit,Single Tent,
Rissers Beach,NS ,4,Full,CampsitePermit,Less than 20ft,
Rissers Beach,ON ,2,Full,CampsitePermit,Less than 20ft,
Laurie,NS ,2,Full,CampsitePermit,Single Tent,
Laurie,ON ,2,Full,CampsitePermit,Less than 20ft,
Blomidon,NS ,2,Full,CampsitePermit,Single Tent,
Porters Lake,NS ,2,Full,CampsitePermit,Single Tent,
Caribou Munroes,NS ,4,Full,CampsitePermit,Less than 30ft,
Rissers Beach,NS ,2,Full,CampsitePermit,Less than 30ft,
Graves Island,NS ,2,Full,CampsitePermit,Single Tent,
Battery,QC ,2,Full,CampsitePermit,Single Tent,
Mira River,NS ,3,Full,CampsitePermit,Less than 20ft,
Dollar Lake,NS ,2,Full,CampsitePermit,Single Tent,
Blomidon,NS ,2,Full,CampsitePermit,Single Tent,
Mira River,NS ,6,Full,CampsitePermit,Single Tent,
Mira River,NS ,2,Senior,CampsitePermit,Less than 30ft,
Graves Island,NS ,2,Full,CampsitePermit,Tents,
Rissers Beach,NS ,1,Full,CampsitePermit,Single Tent,
Rissers Beach,NS ,5,Senior,CampsitePermit,Tents,
Porters Lake,NS ,2,Senior,CampsitePermit,Less than 40ft,
Thomas Raddall,NS ,3,Full,CampsitePermit,Single Tent,
Amherst Shore,NS ,2,Full,CampsitePermit,Single Tent,
Blomidon,NS ,2,Full,CampsitePermit,Less than 30ft,
Caribou Munroes,NL ,2,Full,CampsitePermit,Single Tent,
Caribou Munroes,NS ,2,Full,CampsitePermit,Single Tent,
Dollar Lake,NS ,2,Full,CampsitePermit,Less than 20ft,
Rissers Beach,NS ,4,Full,CampsitePermit,Less than 30ft,
Battery,ON ,2,Senior,CampsitePermit,Single Tent,
Mira River,NS ,5,Full,CampsitePermit,Less than 40ft,
Battery,NS ,5,Full,CampsitePermit,Less than 30ft,
Rissers Beach,NS ,2,Full,CampsitePermit,Less than 30ft,
Porters Lake,BC ,2,Senior,CampsitePermit,Single Tent,
Porters Lake,ON ,1,Full,CampsitePermit,Single Tent,
Caribou Munroes,NS ,3,Veteran,CampsitePermit,Single Tent,
Caribou Munroes,NS ,3,Full,CampsitePermit,Less than 20ft,
Smileys,NS ,4,Full,CampsitePermit,Single Tent,
Caribou Munroes,NS ,4,Full,CampsitePermit,Less than 30ft,
Rissers Beach,NS ,4,Senior,CampsitePermit,Less than 30ft,
Whycocomagh,NS ,2,Full,CampsitePermit,Single Tent,
Thomas Raddall,NB ,2,Full,CampsitePermit,Single Tent,
Laurie,ON ,5,Full,CampsitePermit,Less than 30ft,
Mira River,NS ,2,Senior,CampsitePermit,Less than 30ft,
The Islands,BC ,2,Full,CampsitePermit,Single Tent,
Dollar Lake,NS ,5,Full,CampsitePermit,Single Tent,
Porters Lake,NS ,2,Full,CampsitePermit,Single Tent,
Dollar Lake,NS ,7,Full,CampsitePermit,Less than 20ft,
Thomas Raddall,NS ,2,Full,CampsitePermit,Single Tent,
Rissers Beach,QC ,4,Full,CampsitePermit,Less than 40ft,
Mira River,NS ,3,Full,CampsitePermit,Less than 30ft,
Mira River,NS ,5,Full,CampsitePermit,Single Tent,
Boylston,PE ,2,Full,CampsitePermit,Single Tent,
Caribou Munroes,ON ,3,Full,CampsitePermit,Less than 20ft,
Rissers Beach,ON ,1,Full,CampsitePermit,Single Tent,
Dollar Lake,NS ,6,Full,CampsitePermit,Tents,
Porters Lake,NS ,2,Full,CampsitePermit,Less than 30ft,
Battery,NS ,4,Full,CampsitePermit,Tents,
Ellenwood Lake,QC ,4,Full,CampsitePermit,Single Tent,
Dollar Lake,NS ,4,Full,CampsitePermit,Single Tent,
Porters Lake,NS ,2,Full,CampsitePermit,Single Tent,
Smileys,NS ,3,Full,CampsitePermit,Single Tent,
Five Islands,PE ,3,Full,CampsitePermit,Single Tent,
Ellenwood Lake,NS ,3,Full,CampsitePermit,Single Tent,
Blomidon,NS ,4,Full,CampsitePermit,Less than 30ft,
Rissers Beach,QC ,2,Full,CampsitePermit,Single Tent,
Caribou Munroes,NB ,3,Full,CampsitePermit,Tents,
Rissers Beach,NS ,2,Senior,CampsitePermit,Less than 30ft,
Porters Lake,NS ,6,Full,CampsitePermit,Tents,
Valleyview,NS ,2,Senior,CampsitePermit,Single Tent,
Mira River,NS ,2,Veteran,CampsitePermit,Less than 30ft,
Whycocomagh,AB ,2,Full,CampsitePermit,Single Tent,
Porters Lake,NS ,3,Full,CampsitePermit,Single Tent,
Graves Island,NS ,2,Full,CampsitePermit,Less than 30ft,
Laurie,NS ,5,Full,CampsitePermit,Less than 20ft,
Rissers Beach,NS ,4,Full,CampsitePermit,Less than 40ft,
Rissers Beach,NS ,6,Full,CampsitePermit,Less than 30ft,
Mira River,NS ,2,Full,CampsitePermit,Single Tent,
Laurie,NS ,3,Senior,CampsitePermit,Less than 30ft,
Boylston,NB ,1,Full,CampsitePermit,Single Tent,
Porters Lake,NS ,4,Full,CampsitePermit,Less than 30ft,
Blomidon,NS ,4,Full,CampsitePermit,Less than 20ft,
Porters Lake,NS ,2,Full,CampsitePermit,Single Tent,
Graves Island,NB ,3,Full,CampsitePermit,Tents,
Ellenwood Lake,NS ,6,Full,CampsitePermit,Single Tent,
Battery,NS ,2,Full,CampsitePermit,Single Tent,
Smileys,NS ,4,Full,CampsitePermit,Tents,
Laurie,NS ,1,Full,CampsitePermit,Less than 40ft,
Rissers Beach,ON ,2,Full,CampsitePermit,Single Tent,
Battery,NS ,2,Veteran,CampsitePermit,Less than 20ft,
Porters Lake,NS ,3,Full,CampsitePermit,Less than 20ft,
Mira River,NS ,6,Full,CampsitePermit,Less than 30ft,
Battery,NS ,2,Senior,CampsitePermit,Less than 20ft,
Mira River,NS ,2,Full,CampsitePermit,Single Tent,
Laurie,NS ,5,Full,CampsitePermit,Single Tent,
Laurie,ON ,4,Full,CampsitePermit,Tents,
Laurie,NS ,4,Full,CampsitePermit,Less than 20ft,
Dollar Lake,NS ,2,Full,CampsitePermit,Single Tent,
Graves Island,BC ,1,Full,CampsitePermit,Single Tent,
Caribou Munroes,QC ,3,Senior,CampsitePermit,Single Tent,
Porters Lake,QC ,2,Full,CampsitePermit,Single Tent,
Blomidon,NS ,3,Full,CampsitePermit,Single Tent,
Graves Island,NS ,2,Senior,CampsitePermit,Less than 20ft,
Five Islands,ON ,2,Full,CampsitePermit,Less than 20ft,
Rissers Beach,NS ,5,Full,CampsitePermit,Tents,
Blomidon,NS ,2,Full,CampsitePermit,Single Tent,
Laurie,AB ,2,Full,CampsitePermit,Less than 30ft,
Caribou Munroes,NS ,3,Full,CampsitePermit,Less than 20ft,
Laurie,NS ,2,Full,CampsitePermit,Single Tent,
Porters Lake,NS ,3,Full,CampsitePermit,Less than 30ft,
Rissers Beach,NS ,2,Senior,CampsitePermit,Less than 30ft,
Smileys,NS ,2,Full,CampsitePermit,Less than 30ft,
Ellenwood Lake,SK ,1,Full,CampsitePermit,Single Tent,
Caribou Munroes,NB ,6,Full,CampsitePermit,Tents,
Thomas Raddall,NS ,2,Full,CampsitePermit,Single Tent,
Five Islands,MB ,2,Senior,CampsitePermit,Less than 40ft,
Ellenwood Lake,NS ,4,Full,CampsitePermit,Single Tent,
Porters Lake,NS ,5,Full,CampsitePermit,Tents,
Caribou Munroes,NS ,3,Full,CampsitePermit,Less than 20ft,
Graves Island,NS ,4,Full,CampsitePermit,Single Tent,
Rissers Beach,NS ,3,Full,CampsitePermit,Single Tent,
Mira River,ON ,5,Full,CampsitePermit,Single Tent,
Blomidon,NS ,2,Full,CampsitePermit,Single Tent,
Blomidon,NS ,1,Full,CampsitePermit,Single Tent,
Graves Island,NS ,4,Full,CampsitePermit,Less than 30ft,
Caribou Munroes,QC ,6,Full,CampsitePermit,Tents,
Caribou Munroes,NS ,2,Full,CampsitePermit,Single Tent,
Ellenwood Lake,NS ,6,Full,CampsitePermit,Less than 30ft,
Smileys,NS ,2,Full,CampsitePermit,Less than 30ft,
Blomidon,NS ,2,Senior,CampsitePermit,Single Tent,
Dollar Lake,NS ,3,Full,CampsitePermit,Single Tent,
Rissers Beach,NS ,3,Full,CampsitePermit,Less than 30ft,
Caribou Munroes,NS ,5,Full,CampsitePermit,Single Tent,
Caribou Munroes,NS ,4,Full,CampsitePermit,Less than 40ft,
Mira River,QC ,3,Full,CampsitePermit,Less than 30ft,
Valleyview,QC ,1,Full,CampsitePermit,Single Tent,
Dollar Lake,NS ,3,Senior,CampsitePermit,Less than 20ft,
Dollar Lake,NS ,7,Full,CampsitePermit,Tents,
Mira River,NS ,2,Veteran,CampsitePermit,Less than 40ft,
Dollar Lake,NS ,2,Full,CampsitePermit,Single Tent,
Smileys,NS ,2,Full,CampsitePermit,Less than 30ft,
Whycocomagh,QC ,6,Full,YurtPermit,Tents,
Graves Island,NS ,2,Full,CampsitePermit,Less than 20ft,
Dollar Lake,BC ,1,Full,CampsitePermit,Single Tent,
Graves Island,ON ,1,Full,CampsitePermit,Single Tent,
Graves Island,NS ,2,Full,CampsitePermit,Less than 20ft,
Mira River,NS ,2,Full,CampsitePermit,Single Tent,
The Islands,NS ,4,Full,CampsitePermit,Tents,
Rissers Beach,NS ,4,Full,CampsitePermit,Tents,
Blomidon,NS ,2,Full,CampsitePermit,Single Tent,
Whycocomagh,NS ,1,Full,CampsitePermit,Less than 20ft,
Rissers Beach,NS ,4,Full,CampsitePermit,Less than 20ft,
Mira River,NS ,4,Full,CampsitePermit,Less than 30ft,
Porters Lake,NB ,4,Full,CampsitePermit,Tents,
Rissers Beach,NS ,1,Full,CampsitePermit,Single Tent,
Battery,NS ,5,Full,CampsitePermit,Single Tent,
Porters Lake,NS ,3,Full,CampsitePermit,Less than 20ft,
Dollar Lake,NS ,1,Full,CampsitePermit,Less than 30ft,
Blomidon,NS ,4,Full,CampsitePermit,Single Tent,
Graves Island,NS ,2,Full,CampsitePermit,Single Tent,
Amherst Shore,NB ,4,Full,CampsitePermit,Single Tent,
Mira River,QC ,2,Senior,CampsitePermit,Less than 20ft,
Dollar Lake,NS ,4,Full,CampsitePermit,Single Tent,
Smileys,NS ,5,Full,CampsitePermit,Less than 20ft,
Rissers Beach,NS ,2,Full,CampsitePermit,Single Tent,
The Islands,NS ,2,Full,CampsitePermit,Single Tent,
Laurie,ON ,3,Full,CampsitePermit,Less than 30ft,
Whycocomagh,ON ,1,Full,CampsitePermit,Single Tent,
Amherst Shore,QC ,2,Senior,CampsitePermit,Less than 20ft,
Caribou Munroes,NS ,4,Full,CampsitePermit,Single Tent,
Graves Island,NS ,2,Full,CampsitePermit,Less than 20ft,
Dollar Lake,NS ,4,Full,CampsitePermit,Single Tent,
The Islands,NS ,2,Full,CampsitePermit,Tents,
Mira River,BC ,5,Full,CampsitePermit,Single Tent,
Graves Island,QC ,1,Full,CampsitePermit,Less than 20ft,
Salsman,ON ,2,Full,CampsitePermit,Single Tent,
Porters Lake,NS ,4,Full,CampsitePermit,Less than 20ft,
Five Islands,ON ,2,Senior,CampsitePermit,Single Tent,
Whycocomagh,QC ,2,Senior,CampsitePermit,Less than 20ft,
Blomidon,NS ,2,Full,CampsitePermit,Single Tent,
Five Islands,NB ,2,Full,CampsitePermit,Single Tent,
Porters Lake,QC ,2,Full,CampsitePermit,Single Tent,
Smileys,NS ,2,Full,CampsitePermit,Single Tent,
Five Islands,ON ,2,Full,CampsitePermit,Less than 20ft,
Rissers Beach,NS ,2,Full,CampsitePermit,Less than 30ft,
Blomidon,NS ,1,Full,CampsitePermit,Single Tent,
Caribou Munroes,ON ,4,Full,CampsitePermit,Less than 40ft,
Rissers Beach,NS ,3,Full,CampsitePermit,Single Tent,
Graves Island,NS ,4,Full,CampsitePermit,Single Tent,
Battery,QC ,2,Full,CampsitePermit,Less than 20ft,
Caribou Munroes,NS ,3,Full,CampsitePermit,Less than 30ft,
Battery,NS ,2,Senior,CampsitePermit,Single Tent,
Rissers Beach,NB ,2,Senior,CampsitePermit,Less than 20ft,
Rissers Beach,NS ,2,Full,CampsitePermit,Tents,
Thomas Raddall,NS ,3,Full,CampsitePermit,Single Tent,
Five Islands,ON ,2,Full,CampsitePermit,Single Tent,
Laurie,NS ,4,Full,CampsitePermit,Tents,
Thomas Raddall,NS ,2,Full,CampsitePermit,Less than 20ft,
Dollar Lake,NS ,4,Full,CampsitePermit,Single Tent,
Battery,NS ,1,Full,CampsitePermit,Single Tent,
Mira River,NS ,4,Full,CampsitePermit,Tents,
Cape Chignecto,NS ,1,Full,BackcountryPermit,Single Tent,
Graves Island,NS ,2,Senior,CampsitePermit,Less than 40ft,
Smileys,NS ,6,Senior,CampsitePermit,Less than 30ft,
Whycocomagh,QC ,2,Full,CampsitePermit,Single Tent,
Amherst Shore,NS ,3,Full,CampsitePermit,Single Tent,
Blomidon,NS ,2,Full,CampsitePermit,Less than 30ft,
Blomidon,NS ,2,Full,CampsitePermit,Tents,
Laurie,NS ,4,Full,CampsitePermit,Less than 30ft,
Thomas Raddall,ON ,2,Full,CampsitePermit,Single Tent,
Ellenwood Lake,NS ,4,Full,CampsitePermit,Single Tent,
Caribou Munroes,NS ,2,Full,CampsitePermit,Less than 30ft,
Rissers Beach,NB ,2,Full,CampsitePermit,Less than 30ft,
Porters Lake,NS ,1,Full,CampsitePermit,Single Tent,
Caribou Munroes,NS ,1,Senior,CampsitePermit,Single Tent,
Five Islands,NS ,2,Full,CampsitePermit,Less than 20ft,
Rissers Beach,NS ,2,Full,CampsitePermit,Single Tent,
Rissers Beach,NS ,2,Full,CampsitePermit,Less than 20ft,
Five Islands,NS ,2,Full,CampsitePermit,Single Tent,
Dollar Lake,NS ,6,Full,CampsitePermit,Less than 20ft,
Porters Lake,NS ,4,Full,CampsitePermit,Less than 30ft,
Whycocomagh,NS ,4,Full,CampsitePermit,Less than 20ft,
Porters Lake,NS ,3,Full,CampsitePermit,Tents,
Whycocomagh,ON ,2,Full,CampsitePermit,Single Tent,
Smileys,NS ,2,Veteran,CampsitePermit,Less than 30ft,
Laurie,NS ,1,Full,CampsitePermit,Single Tent,
Five Islands,SK ,3,Full,CampsitePermit,Single Tent,
Five Islands,NS ,6,Full,CampsitePermit,Less than 20ft,
Laurie,SK ,2,Full,CampsitePermit,Single Tent,
Cape Chignecto,NB ,2,Full,BackcountryPermit,Single Tent,
Caribou Munroes,NS ,2,Full,CampsitePermit,Single Tent,
Cape Chignecto,NS ,1,Full,BackcountryPermit,Single Tent,
Mira River,NS ,4,Full,CampsitePermit,Single Tent,
Whycocomagh,ON ,2,Full,YurtPermit,Tents,
Graves Island,NS ,2,Full,CampsitePermit,Less than 30ft,
Mira River,QC ,6,Full,CampsitePermit,Single Tent,
Whycocomagh,NS ,2,Full,CampsitePermit,Single Tent,
Mira River,NS ,4,Full,CampsitePermit,Less than 30ft,
Smileys,NS ,2,Full,CampsitePermit,Less than 20ft,
Five Islands,NS ,4,Full,CampsitePermit,Less than 40ft,
Laurie,ON ,1,Full,CampsitePermit,Single Tent,
Caribou Munroes,NS ,2,Full,CampsitePermit,Less than 30ft,
Mira River,NS ,2,Full,CampsitePermit,Single Tent,
Dollar Lake,NS ,2,Full,CampsitePermit,Less than 30ft,
Cape Chignecto,NB ,1,Full,BackcountryPermit,Single Tent,
Smileys,NS ,4,Full,CampsitePermit,Single Tent,
Cape Chignecto,NB ,1,Full,BackcountryPermit,Single Tent,
Salsman,NS ,2,Full,CampsitePermit,Less than 30ft,
Blomidon,NS ,2,Full,CampsitePermit,Single Tent,
Amherst Shore,NS ,3,Full,CampsitePermit,Single Tent,
Ellenwood Lake,QC ,2,Senior,CampsitePermit,Less than 20ft,
Caribou Munroes,QC ,2,Full,CampsitePermit,Greater than 40ft,
Caribou Munroes,ON ,4,Full,CampsitePermit,Less than 20ft,
Thomas Raddall,NS ,3,Full,CampsitePermit,Less than 20ft,
Blomidon,PE ,5,Full,CampsitePermit,Tents,
Mira River,NS ,2,Full,CampsitePermit,Less than 30ft,
Whycocomagh,NS ,4,Full,CampsitePermit,Single Tent,
Battery,BC ,2,Senior,CampsitePermit,Single Tent,
Blomidon,NS ,2,Full,CampsitePermit,Single Tent,
Caribou Munroes,QC ,2,Full,CampsitePermit,Single Tent,
Ellenwood Lake,NS ,2,Full,CampsitePermit,Less than 20ft,
Dollar Lake,NS ,4,Full,CampsitePermit,Single Tent,
Porters Lake,NS ,2,Full,CampsitePermit,Single Tent,
Porters Lake,QC ,2,Full,CampsitePermit,Less than 20ft,
Graves Island,NS ,2,Full,CampsitePermit,Less than 40ft,
Graves Island,NS ,2,Full,CampsitePermit,Less than 20ft,
Amherst Shore,NS ,2,Full,CampsitePermit,Less than 20ft,
Laurie,ON ,4,Full,CampsitePermit,Tents,
Blomidon,QC ,2,Full,CampsitePermit,Single Tent,
Caribou Munroes,ON ,2,Senior,CampsitePermit,Less than 40ft,
Thomas Raddall,NS ,1,Full,CampsitePermit,Single Tent,
Smileys,NS ,2,Full,CampsitePermit,Less than 30ft,
Rissers Beach,NS ,2,Full,CampsitePermit,Less than 20ft,
Dollar Lake,NS ,6,Full,CampsitePermit,Less than 20ft,
Salsman,NS ,1,Full,CampsitePermit,Single Tent,
Five Islands,NS ,4,Full,CampsitePermit,Less than 40ft,
Rissers Beach,QC ,2,Full,CampsitePermit,Single Tent,
Ellenwood Lake,NS ,2,Full,CampsitePermit,Single Tent,
Rissers Beach,NS ,2,Full,CampsitePermit,Less than 30ft,
Graves Island,NS ,2,Full,CampsitePermit,Less than 30ft,
Five Islands,NB ,4,Full,CampsitePermit,Tents,
Blomidon,QC ,2,Full,CampsitePermit,Single Tent,
Dollar Lake,NS ,4,Full,CampsitePermit,Less than 20ft,
Battery,ON ,2,Full,CampsitePermit,Single Tent,
Valleyview,NS ,2,Full,CampsitePermit,Single Tent,
Amherst Shore,NB ,4,Full,CampsitePermit,Less than 20ft,
Graves Island,NS ,4,Full,CampsitePermit,Less than 40ft,
Battery,NS ,4,Full,CampsitePermit,Less than 30ft,
Whycocomagh,NS ,2,Full,YurtPermit,Tents,
Rissers Beach,NS ,4,Full,CampsitePermit,Less than 30ft,
Rissers Beach,NS ,2,Full,CampsitePermit,Less than 30ft,
Caribou Munroes,NS ,2,Full,CampsitePermit,Less than 30ft,
Rissers Beach,NS ,2,Full,CampsitePermit,Single Tent,
Laurie,QC ,2,Full,CampsitePermit,Single Tent,
Caribou Munroes,ON ,2,Full,CampsitePermit,Single Tent,
Porters Lake,NS ,3,Full,CampsitePermit,Single Tent,
Blomidon,NS ,2,Full,CampsitePermit,Single Tent,
Salsman,SK ,2,Full,CampsitePermit,Less than 20ft,
Cape Chignecto,NS ,2,Full,BackcountryPermit,Single Tent,
Whycocomagh,AB ,1,Full,YurtPermit,Tents,
Caribou Munroes,BC ,2,Senior,CampsitePermit,Single Tent,
Thomas Raddall,NS ,2,Full,CampsitePermit,Less than 40ft,
Mira River,NS ,2,Full,CampsitePermit,Single Tent,
Ellenwood Lake,NS ,5,Full,CampsitePermit,Single Tent,
Rissers Beach,NS ,4,Full,CampsitePermit,Less than 30ft,
Porters Lake,QC ,2,Full,CampsitePermit,Single Tent,
Smileys,NS ,2,Senior,CampsitePermit,Less than 30ft,
Amherst Shore,NS ,2,Senior,CampsitePermit,Less than 30ft,
Dollar Lake,NS ,4,Full,CampsitePermit,Less than 20ft,
Five Islands,NS ,4,Full,CampsitePermit,Single Tent,
Battery,ON ,3,Full,CampsitePermit,Single Tent,
Caribou Munroes,NS ,1,Full,CampsitePermit,Less than 30ft,
Caribou Munroes,ON ,2,Full,CampsitePermit,Less than 30ft,
Mira River,NS ,5,Senior,CampsitePermit,Single Tent,
Battery,NS ,3,Full,CampsitePermit,Single Tent,
Whycocomagh,ON ,2,Senior,CampsitePermit,Less than 30ft,
Mira River,BC ,3,Full,CampsitePermit,Single Tent,
Battery,AB ,4,Full,CampsitePermit,Single Tent,
Thomas Raddall,NS ,1,Full,CampsitePermit,Single Tent,
Graves Island,NS ,4,Full,CampsitePermit,Less than 40ft,
Blomidon,NS ,3,Full,CampsitePermit,Single Tent,
Thomas Raddall,NS ,5,Full,CampsitePermit,Single Tent,
Blomidon,NS ,1,Full,CampsitePermit,Single Tent,
Porters Lake,NS ,2,Full,CampsitePermit,Single Tent,
Porters Lake,NS ,5,Full,CampsitePermit,Single Tent,
Battery,NS ,4,Full,CampsitePermit,Single Tent,
Cape Chignecto,NS ,2,Full,BackcountryPermit,Single Tent,
Dollar Lake,NS ,4,Full,CampsitePermit,Single Tent,
Graves Island,NS ,4,Full,CampsitePermit,Less than 30ft,
Graves Island,ON ,3,Full,CampsitePermit,Less than 30ft,
Boylston,NS ,2,Full,CampsitePermit,Less than 30ft,
Laurie,QC ,2,Full,CampsitePermit,Less than 20ft,
Mira River,NS ,2,Full,CampsitePermit,Less than 40ft,
Mira River,QC ,4,Full,CampsitePermit,Single Tent,
Dollar Lake,NS ,6,Veteran,CampsitePermit,Tents,
The Islands,QC ,4,Full,CampsitePermit,Tents,
Amherst Shore,QC ,2,Full,CampsitePermit,Less than 20ft,
Rissers Beach,NS ,2,Full,CampsitePermit,Less than 30ft,
Caribou Munroes,NS ,2,Full,CampsitePermit,Single Tent,
Mira River,NS ,3,Full,CampsitePermit,Less than 20ft,
Caribou Munroes,NS ,2,Senior,CampsitePermit,Less than 40ft,
Graves Island,NS ,2,Full,CampsitePermit,Less than 20ft,
Salsman,NS ,2,Senior,CampsitePermit,Less than 30ft,
Thomas Raddall,NS ,2,Full,CampsitePermit,Single Tent,
Boylston,NS ,2,Senior,CampsitePermit,Less than 20ft,
Mira River,QC ,2,Full,CampsitePermit,Less than 20ft,
Dollar Lake,NS ,1,Full,CampsitePermit,Single Tent,
Thomas Raddall,NS ,2,Senior,CampsitePermit,Less than 40ft,
Cape Chignecto,NS ,2,Full,BackcountryPermit,Cabin,
Laurie,NS ,2,Full,CampsitePermit,Single Tent,
Ellenwood Lake,NS ,2,Full,CampsitePermit,Single Tent,
Rissers Beach,NS ,2,Full,CampsitePermit,Single Tent,
Porters Lake,NS ,2,Full,CampsitePermit,Single Tent,
Rissers Beach,NS ,4,Full,CampsitePermit,Less than 20ft,
Rissers Beach,NS ,4,Full,CampsitePermit,Less than 40ft,
Rissers Beach,NS ,2,Full,CampsitePermit,Less than 30ft,
Valleyview,NS ,4,Full,CampsitePermit,Less than 20ft,
Mira River,NL ,2,Senior,CampsitePermit,Single Tent,
Smileys,NS ,5,Full,CampsitePermit,Single Tent,
Porters Lake,ON ,2,Full,CampsitePermit,Tents,
Salsman,BC ,2,Full,CampsitePermit,Single Tent,
Rissers Beach,NS ,4,Full,CampsitePermit,Less than 20ft,
Mira River,NS ,2,Senior,CampsitePermit,Less than 30ft,
Dollar Lake,NS ,4,Full,CampsitePermit,Less than 20ft,
Five Islands,QC ,2,Full,CampsitePermit,Single Tent,
Whycocomagh,SK ,2,Full,CampsitePermit,Less than 30ft,
The Islands,NS ,3,Full,CampsitePermit,Single Tent,
Dollar Lake,NS ,2,Full,CampsitePermit,Less than 30ft,
Dollar Lake,NS ,6,Full,CampsitePermit,Tents,
Dollar Lake,NS ,4,Full,CampsitePermit,Single Tent,
Five Islands,NS ,2,Full,CampsitePermit,Single Tent,
Ellenwood Lake,NS ,2,Full,CampsitePermit,Single Tent,
Blomidon,PE ,1,Full,CampsitePermit,Single Tent,
Ellenwood Lake,NS ,2,Full,CampsitePermit,Less than 40ft,
Rissers Beach,NS ,2,Full,CampsitePermit,Single Tent,
Thomas Raddall,NS ,4,Full,CampsitePermit,Tents,
Cape Chignecto,NB ,2,Full,BackcountryPermit,Single Tent,
Rissers Beach,NS ,2,Full,CampsitePermit,Single Tent,
Battery,NL ,2,Full,CampsitePermit,Less than 20ft,
Porters Lake,NS ,1,Veteran,CampsitePermit,Less than 20ft,
Rissers Beach,ON ,4,Full,CampsitePermit,Less than 20ft,
Five Islands,NB ,2,Full,CampsitePermit,Single Tent,
Five Islands,NB ,2,Full,CampsitePermit,Single Tent,
Rissers Beach,NS ,2,Full,CampsitePermit,Tents,
Graves Island,NS ,4,Full,CampsitePermit,Single Tent,
Thomas Raddall,NS ,2,Full,CampsitePermit,Single Tent,
Caribou Munroes,NS ,4,Full,CampsitePermit,Less than 20ft,
Five Islands,NS ,4,Full,CampsitePermit,Single Tent,
Smileys,NS ,2,Full,CampsitePermit,Less than 40ft,
Five Islands,NS ,2,Senior,CampsitePermit,Less than 20ft,
Rissers Beach,NS ,2,Senior,CampsitePermit,Less than 20ft,
Salsman,NS ,3,Full,CampsitePermit,Tents,
The Islands,NS ,2,Full,CampsitePermit,Single Tent,
Blomidon,NS ,2,Full,CampsitePermit,Single Tent,
Caribou Munroes,NS ,3,Full,CampsitePermit,Single Tent,
Salsman,NB ,2,Full,CampsitePermit,Single Tent,
Rissers Beach,NS ,6,Full,CampsitePermit,Tents,
Caribou Munroes,ON ,2,Full,CampsitePermit,Single Tent,
Graves Island,NS ,4,Full,CampsitePermit,Less than 30ft,
Ellenwood Lake,ON ,5,Full,CampsitePermit,Less than 20ft,
Blomidon,NS ,8,Full,CampsitePermit,Tents,
The Islands,QC ,2,Full,CampsitePermit,Less than 20ft,
Dollar Lake,NS ,4,Full,CampsitePermit,Tents,
Battery,QC ,2,Full,CampsitePermit,Single Tent,
Dollar Lake,NS ,4,Full,CampsitePermit,Single Tent,
Porters Lake,NS ,2,Full,CampsitePermit,Less than 30ft,
Blomidon,NS ,1,Full,CampsitePermit,Single Tent,
Porters Lake,NS ,2,Full,CampsitePermit,Single Tent,
Rissers Beach,NS ,3,Full,CampsitePermit,Less than 20ft,
Smileys,NS ,4,Full,CampsitePermit,Less than 20ft,
Porters Lake,ON ,4,Full,CampsitePermit,Less than 30ft,
Caribou Munroes,NS ,2,Full,CampsitePermit,Less than 20ft,
Cape Chignecto,QC ,2,Full,BackcountryPermit,Single Tent,
Graves Island,NS ,2,Senior,CampsitePermit,Less than 20ft,
Valleyview,QC ,4,Full,CampsitePermit,Single Tent,
Valleyview,NS ,2,Full,CampsitePermit,Single Tent,
Porters Lake,NS ,2,Full,CampsitePermit,Single Tent,
Porters Lake,NB ,2,Full,CampsitePermit,Less than 40ft,
Thomas Raddall,NS ,2,Full,CampsitePermit,Single Tent,
Mira River,NS ,4,Full,CampsitePermit,Less than 20ft,
Rissers Beach,NS ,3,Full,CampsitePermit,Single Tent,
Caribou Munroes,NS ,5,Full,CampsitePermit,Tents,
Graves Island,NS ,2,Full,CampsitePermit,Single Tent,
Smileys,NS ,4,Full,CampsitePermit,Less than 30ft,
Graves Island,NS ,4,Full,CampsitePermit,Tents,
Thomas Raddall,NS ,1,Full,CampsitePermit,Single Tent,
Porters Lake,NS ,2,Senior,CampsitePermit,Single Tent,
Amherst Shore,QC ,2,Full,CampsitePermit,Less than 20ft,
Smileys,NS ,4,Full,CampsitePermit,Single Tent,
Caribou Munroes,ON ,3,Full,CampsitePermit,Single Tent,
Amherst Shore,NS ,2,Senior,CampsitePermit,Single Tent,
Laurie,NB ,5,Full,CampsitePermit,Single Tent,
Blomidon,NS ,4,Full,CampsitePermit,Single Tent,
Blomidon,NB ,2,Full,CampsitePermit,Single Tent,
Caribou Munroes,NS ,4,Senior,CampsitePermit,Less than 30ft,
Amherst Shore,NS ,3,Full,CampsitePermit,Single Tent,
Blomidon,NS ,1,Full,CampsitePermit,Single Tent,
Amherst Shore,ON ,2,Full,CampsitePermit,Less than 20ft,
Battery,NB ,2,Full,CampsitePermit,Less than 40ft,
Mira River,NS ,2,Full,CampsitePermit,Less than 30ft,
Battery,ON ,1,Senior,CampsitePermit,Single Tent,
Caribou Munroes,NS ,2,Full,CampsitePermit,Less than 20ft,
Laurie,ON ,4,Full,CampsitePermit,Less than 20ft,
Thomas Raddall,QC ,2,Full,CampsitePermit,Single Tent,
Thomas Raddall,NS ,2,Full,CampsitePermit,Less than 30ft,
Porters Lake,QC ,3,Full,CampsitePermit,Less than 30ft,
Graves Island,NS ,2,Full,CampsitePermit,Less than 30ft,
Five Islands,NS ,4,Full,CampsitePermit,Tents,
Blomidon,NS ,2,Full,CampsitePermit,Less than 20ft,
Smileys,QC ,2,Full,CampsitePermit,Less than 20ft,
Rissers Beach,ON ,2,Full,CampsitePermit,Less than 30ft,
Laurie,ON ,2,Full,CampsitePermit,Less than 40ft,
Dollar Lake,NS ,5,Full,CampsitePermit,Single Tent,
Rissers Beach,ON ,4,Full,CampsitePermit,Less than 30ft,
Rissers Beach,NS ,2,Senior,CampsitePermit,Less than 20ft,
Blomidon,QC ,5,Full,CampsitePermit,Single Tent,
Blomidon,QC ,2,Full,CampsitePermit,Single Tent,
Porters Lake,ON ,2,Full,CampsitePermit,Single Tent,
Caribou Munroes,NS ,2,Full,CampsitePermit,Single Tent,
Five Islands,NS ,2,Full,CampsitePermit,Less than 20ft,
Porters Lake,NS ,3,Full,CampsitePermit,Single Tent,
Blomidon,NS ,2,Full,CampsitePermit,Less than 40ft,
Graves Island,NS ,4,Full,CampsitePermit,Less than 30ft,
Smileys,NS ,2,Full,CampsitePermit,Less than 20ft,
The Islands,NS ,2,Full,CampsitePermit,Less than 30ft,
Laurie,NS ,3,Full,CampsitePermit,Single Tent,
Five Islands,QC ,2,Full,CampsitePermit,Less than 20ft,
Amherst Shore,YT ,3,Full,CampsitePermit,Single Tent,
Five Islands,QC ,2,Full,CampsitePermit,Less than 30ft,
Caribou Munroes,AB ,1,Full,CampsitePermit,Single Tent,
Amherst Shore,ON ,2,Full,CampsitePermit,Tents,
Rissers Beach,NS ,3,Full,CampsitePermit,Less than 20ft,
Caribou Munroes,NS ,2,Full,CampsitePermit,Less than 20ft,
Graves Island,NS ,5,Full,CampsitePermit,Less than 30ft,
Whycocomagh,QC ,2,Full,YurtPermit,Tents,
Five Islands,NS ,2,Senior,CampsitePermit,Single Tent,
Battery,NS ,2,Senior,CampsitePermit,Less than 30ft,
Ellenwood Lake,NS ,6,Full,CampsitePermit,Tents,
Blomidon,NS ,3,Full,CampsitePermit,Tents,
Ellenwood Lake,NS ,2,Full,CampsitePermit,Single Tent,
Rissers Beach,ON ,1,Full,CampsitePermit,Single Tent,
Graves Island,NS ,1,Full,CampsitePermit,Single Tent,
Mira River,NS ,2,Full,CampsitePermit,Less than 20ft,
Mira River,NL ,4,Full,CampsitePermit,Single Tent,
Dollar Lake,NS ,2,Full,CampsitePermit,Less than 20ft,
Mira River,QC ,4,Full,CampsitePermit,Single Tent,
Rissers Beach,NS ,5,Full,CampsitePermit,Less than 40ft,
Thomas Raddall,NS ,2,Full,CampsitePermit,Less than 30ft,
The Islands,NS ,2,Full,CampsitePermit,Single Tent,
Caribou Munroes,ON ,3,Full,CampsitePermit,Single Tent,
Cape Chignecto,NS ,1,Full,BackcountryPermit,Single Tent,
Porters Lake,NS ,1,Full,CampsitePermit,Single Tent,
Battery,NS ,3,Full,CampsitePermit,Less than 20ft,
Salsman,NS ,4,Full,CampsitePermit,Single Tent,
Blomidon,NS ,3,Full,CampsitePermit,Single Tent,
Smileys,NS ,4,Full,CampsitePermit,Less than 30ft,
Porters Lake,NS ,6,Full,CampsitePermit,Tents,
Rissers Beach,NS ,1,Full,CampsitePermit,Single Tent,
Graves Island,NS ,2,Full,CampsitePermit,Tents,
Rissers Beach,NS ,4,Full,CampsitePermit,Tents,
The Islands,ON ,4,Full,CampsitePermit,Tents,
Mira River,NS ,2,Full,CampsitePermit,Less than 30ft,
Blomidon,NS ,5,Full,CampsitePermit,Single Tent,
Rissers Beach,NS ,5,Full,CampsitePermit,Less than 30ft,
Five Islands,NB ,2,Full,CampsitePermit,Single Tent,
The Islands,NS ,2,Full,CampsitePermit,Less than 20ft,
Smileys,NS ,2,Full,CampsitePermit,Less than 20ft,
Battery,BC ,3,Full,CampsitePermit,Single Tent,
Graves Island,NS ,2,Full,CampsitePermit,Single Tent,
Blomidon,NS ,2,Full,CampsitePermit,Single Tent,
Dollar Lake,NS ,2,Full,CampsitePermit,Single Tent,
Porters Lake,NS ,1,Full,CampsitePermit,Tents,
Rissers Beach,NS ,2,Full,CampsitePermit,Less than 30ft,
Amherst Shore,QC ,3,Senior,CampsitePermit,Single Tent,
Rissers Beach,NS ,5,Full,CampsitePermit,Less than 30ft,
Rissers Beach,NS ,4,Full,CampsitePermit,Tents,
Ellenwood Lake,NS ,5,Full,CampsitePermit,Less than 40ft,
Blomidon,NS ,2,Senior,CampsitePermit,Less than 20ft,
Graves Island,QC ,1,Full,CampsitePermit,Single Tent,
Salsman,NS ,2,Senior,CampsitePermit,Less than 30ft,
Laurie,NS ,2,Full,CampsitePermit,Less than 20ft,
Five Islands,QC ,2,Full,CampsitePermit,Single Tent,
Rissers Beach,NS ,3,Full,CampsitePermit,Less than 20ft,
Mira River,NS ,4,Full,CampsitePermit,Less than 30ft,
Blomidon,NS ,5,Full,CampsitePermit,Tents,
Laurie,ON ,2,Full,CampsitePermit,Single Tent,
Five Islands,NS ,2,Full,CampsitePermit,Less than 30ft,
Rissers Beach,NS ,1,Full,CampsitePermit,Less than 30ft,
Laurie,NS ,6,Full,CampsitePermit,Single Tent,
Five Islands,NS ,2,Full,CampsitePermit,Single Tent,
Caribou Munroes,NS ,1,Full,CampsitePermit,Single Tent,
Rissers Beach,NS ,4,Full,CampsitePermit,Tents,
Five Islands,NS ,2,Full,CampsitePermit,Single Tent,
Porters Lake,NS ,2,Full,CampsitePermit,Single Tent,
Dollar Lake,NS ,6,Full,CampsitePermit,Tents,
Caribou Munroes,BC ,2,Senior,CampsitePermit,Less than 30ft,
Smileys,NS ,2,Full,CampsitePermit,Less than 30ft,
Caribou Munroes,NS ,2,Senior,CampsitePermit,Less than 30ft,
Porters Lake,NS ,2,Full,CampsitePermit,Single Tent,
Mira River,NS ,3,Full,CampsitePermit,Less than 30ft,
Thomas Raddall,QC ,2,Full,CampsitePermit,Single Tent,
Whycocomagh,NS ,5,Full,CampsitePermit,Single Tent,
Blomidon,NS ,4,Full,CampsitePermit,Single Tent,
The Islands,NS ,4,Full,CampsitePermit,Tents,
Laurie,NS ,4,Full,CampsitePermit,Single Tent,
Thomas Raddall,NS ,2,Full,CampsitePermit,Less than 20ft,
Boylston,QC ,5,Full,CampsitePermit,Less than 30ft,
Smileys,NS ,2,Full,CampsitePermit,Less than 30ft,
Dollar Lake,NS ,3,Full,CampsitePermit,Single Tent,
Blomidon,NS ,1,Full,CampsitePermit,Single Tent,
Porters Lake,NS ,6,Veteran,CampsitePermit,Single Tent,
Valleyview,NS ,2,Full,CampsitePermit,Less than 20ft,
Cape Chignecto,NS ,4,Full,BackcountryPermit,Single Tent,
Whycocomagh,NS ,4,Full,CampsitePermit,Less than 30ft,
Blomidon,NS ,2,Full,CampsitePermit,Single Tent,
Caribou Munroes,NS ,3,Full,CampsitePermit,Single Tent,
Salsman,BC ,2,Senior,CampsitePermit,Less than 30ft,
Caribou Munroes,NS ,4,Full,CampsitePermit,Single Tent,
Five Islands,NS ,2,Full,CampsitePermit,Less than 40ft,
Mira River,QC ,2,Full,CampsitePermit,Less than 20ft,
Laurie,NS ,5,Full,CampsitePermit,Less than 20ft,
Blomidon,NS ,3,Full,CampsitePermit,Tents,
Graves Island,NS ,1,Full,CampsitePermit,Single Tent,
Rissers Beach,NS ,2,Senior,CampsitePermit,Less than 30ft,
Porters Lake,NS ,2,Full,CampsitePermit,Single Tent,
Battery,AB ,2,Full,CampsitePermit,Single Tent,
Battery,ON ,2,Senior,CampsitePermit,Single Tent,
Mira River,QC ,2,Full,CampsitePermit,Less than 20ft,
Porters Lake,QC ,1,Full,CampsitePermit,Single Tent,
The Islands,NS ,4,Full,CampsitePermit,Single Tent,
Mira River,QC ,2,Full,CampsitePermit,Single Tent,
Dollar Lake,NS ,2,Full,CampsitePermit,Tents,
Five Islands,ON ,4,Full,CampsitePermit,Less than 20ft,
Battery,NS ,6,Full,CampsitePermit,Single Tent,
Valleyview,NS ,2,Full,CampsitePermit,Single Tent,
Ellenwood Lake,NS ,7,Full,CampsitePermit,Tents,
The Islands,QC ,2,Senior,CampsitePermit,Less than 20ft,
Thomas Raddall,NS ,4,Full,CampsitePermit,Single Tent,
Blomidon,NS ,2,Full,CampsitePermit,Single Tent,
Rissers Beach,NS ,2,Full,CampsitePermit,Single Tent,
Smileys,NS ,5,Full,CampsitePermit,Single Tent,
Ellenwood Lake,NS ,6,Full,CampsitePermit,Tents,
Valleyview,NS ,2,Full,CampsitePermit,Less than 30ft,
The Islands,AB ,2,Full,CampsitePermit,Less than 30ft,
Mira River,NS ,3,Full,CampsitePermit,Single Tent,
Mira River,NS ,5,Full,CampsitePermit,Less than 20ft,
Mira River,NL ,2,Veteran,CampsitePermit,Single Tent,
Blomidon,NS ,4,Full,CampsitePermit,Tents,
Battery,NS ,2,Full,CampsitePermit,Less than 20ft,
Valleyview,NS ,2,Full,CampsitePermit,Less than 30ft,
Porters Lake,AB ,6,Full,CampsitePermit,Less than 30ft,
Five Islands,NS ,2,Full,CampsitePermit,Single Tent,
Dollar Lake,NS ,3,Full,CampsitePermit,Less than 20ft,
Dollar Lake,BC ,1,Full,CampsitePermit,Single Tent,
Amherst Shore,ON ,2,Full,CampsitePermit,Less than 20ft,
Amherst Shore,ON ,2,Full,CampsitePermit,Single Tent,
Salsman,QC ,1,Full,CampsitePermit,Less than 20ft,
Rissers Beach,NS ,6,Full,CampsitePermit,Less than 20ft,
Laurie,NS ,2,Full,CampsitePermit,Less than 30ft,
Cape Chignecto,NS ,2,Full,BackcountryPermit,Single Tent,
Thomas Raddall,NS ,6,Full,CampsitePermit,Single Tent,
Rissers Beach,NS ,2,Full,CampsitePermit,Less than 30ft,
Dollar Lake,NS ,2,Full,CampsitePermit,Single Tent,
Graves Island,NS ,2,Full,CampsitePermit,Less than 30ft,
Cape Chignecto,NB ,2,Full,BackcountryPermit,Single Tent,
Five Islands,NS ,2,Full,CampsitePermit,Single Tent,
Thomas Raddall,BC ,2,Senior,CampsitePermit,Less than 20ft,
Five Islands,NS ,4,Full,CampsitePermit,Less than 20ft,
Cape Chignecto,NB ,2,Full,BackcountryPermit,Single Tent,
Ellenwood Lake,PE ,2,Full,CampsitePermit,Single Tent,
Amherst Shore,QC ,4,Full,CampsitePermit,Less than 30ft,
Caribou Munroes,NS ,3,Full,CampsitePermit,Single Tent,
Graves Island,NS ,2,Full,CampsitePermit,Single Tent,
Rissers Beach,QC ,2,Senior,CampsitePermit,Less than 20ft,
Five Islands,NS ,4,Full,CampsitePermit,Less than 20ft,
Thomas Raddall,NS ,4,Full,CampsitePermit,Single Tent,
Mira River,NS ,2,Full,CampsitePermit,Less than 20ft,
Rissers Beach,NB ,5,Full,CampsitePermit,Less than 20ft,
Thomas Raddall,NS ,2,Full,CampsitePermit,Single Tent,
Five Islands,NS ,2,Senior,CampsitePermit,Less than 30ft,
Thomas Raddall,NS ,4,Full,CampsitePermit,Less than 20ft,
Blomidon,NS ,4,Full,CampsitePermit,Single Tent,
Five Islands,NS ,2,Full,CampsitePermit,Less than 20ft,
Dollar Lake,NS ,4,Full,CampsitePermit,Less than 20ft,
Rissers Beach,NS ,2,Full,CampsitePermit,Single Tent,
Battery,ON ,2,Full,CampsitePermit,Single Tent,
Amherst Shore,NB ,2,Full,CampsitePermit,Single Tent,
Battery,BC ,2,Full,CampsitePermit,Single Tent,
Blomidon,NS ,2,Full,CampsitePermit,Single Tent,
Graves Island,NS ,5,Full,CampsitePermit,Less than 30ft,
Rissers Beach,NS ,2,Full,CampsitePermit,Less than 30ft,
Blomidon,NS ,2,Full,CampsitePermit,Less than 30ft,
Rissers Beach,NS ,4,Full,CampsitePermit,Less than 40ft,
Graves Island,NS ,2,Full,CampsitePermit,Single Tent,
Thomas Raddall,NS ,4,Full,CampsitePermit,Tents,
Rissers Beach,NS ,3,Full,CampsitePermit,Less than 20ft,
Blomidon,NL ,2,Full,CampsitePermit,Single Tent,
Five Islands,NS ,2,Full,CampsitePermit,Single Tent,
Caribou Munroes,NS ,2,Full,CampsitePermit,Single Tent,
Ellenwood Lake,SK ,2,Full,CampsitePermit,Single Tent,
Smileys,NS ,3,Full,CampsitePermit,Single Tent,
Blomidon,QC ,2,Full,CampsitePermit,Less than 20ft,
Five Islands,NS ,2,Full,CampsitePermit,Less than 20ft,
Graves Island,NS ,1,Full,CampsitePermit,Less than 20ft,
Battery,AB ,3,Full,CampsitePermit,Single Tent,
Smileys,NS ,2,Full,CampsitePermit,Less than 20ft,
Mira River,QC ,5,Full,CampsitePermit,Single Tent,
Caribou Munroes,QC ,2,Full,CampsitePermit,Less than 20ft,
Rissers Beach,NS ,2,Full,CampsitePermit,Single Tent,
Cape Chignecto,NB ,5,Full,BackcountryPermit,Single Tent,
Mira River,NS ,4,Full,CampsitePermit,Single Tent,
Porters Lake,SK ,4,Full,CampsitePermit,Single Tent,
Ellenwood Lake,NS ,3,Full,CampsitePermit,Less than 20ft,
Caribou Munroes,QC ,2,Full,CampsitePermit,Less than 20ft,
Blomidon,NS ,2,Full,CampsitePermit,Single Tent,
Rissers Beach,NS ,4,Full,CampsitePermit,Single Tent,
Mira River,NS ,4,FULL,CampsitePermit,Less than 30ft,
Graves Island,NS ,4,Full,CampsitePermit,Less than 40ft,
Mira River,ON ,2,Full,CampsitePermit,Less than 20ft,
Mira River,NS ,3,Senior,CampsitePermit,Less than 40ft,
Rissers Beach,NS ,2,Full,CampsitePermit,Single Tent,
Ellenwood Lake,NS ,4,Full,CampsitePermit,Less than 30ft,
Laurie,ON ,1,Full,CampsitePermit,Single Tent,
Dollar Lake,NS ,3,Full,CampsitePermit,Tents,
Caribou Munroes,NS ,7,Full,CampsitePermit,Tents,
Dollar Lake,QC ,2,Full,CampsitePermit,Less than 30ft,
Blomidon,NS ,5,Full,CampsitePermit,Tents,
Valleyview,NS ,2,Full,CampsitePermit,Single Tent,
Ellenwood Lake,NS ,2,Full,CampsitePermit,Single Tent,
Graves Island,NS ,2,Full,CampsitePermit,Less than 20ft,
Caribou Munroes,QC ,4,Senior,CampsitePermit,Single Tent,
Valleyview,NS ,3,Full,CampsitePermit,Single Tent,
Blomidon,ON ,3,Full,CampsitePermit,Single Tent,
Blomidon,NS ,3,Full,CampsitePermit,Single Tent,
Amherst Shore,NB ,2,Full,CampsitePermit,Single Tent,
Mira River,NS ,3,Full,CampsitePermit,Single Tent,
Rissers Beach,NS ,3,Full,CampsitePermit,Less than 20ft,
Blomidon,NS ,2,Full,CampsitePermit,Single Tent,
Blomidon,AB ,4,Full,CampsitePermit,Less than 30ft,
Caribou Munroes,ON ,2,Full,CampsitePermit,Single Tent,
Amherst Shore,NS ,2,Full,CampsitePermit,Less than 30ft,
Caribou Munroes,NS ,2,Full,CampsitePermit,Less than 20ft,
Graves Island,NS ,2,Full,CampsitePermit,Single Tent,
Amherst Shore,ON ,2,Senior,CampsitePermit,Single Tent,
Rissers Beach,NS ,2,Full,CampsitePermit,Single Tent,
Dollar Lake,PE ,1,Full,CampsitePermit,Single Tent,
Caribou Munroes,NS ,2,Senior,CampsitePermit,Less than 20ft,
Graves Island,QC ,1,Full,CampsitePermit,Single Tent,
Boylston,NS ,2,Full,CampsitePermit,Single Tent,
Dollar Lake,NS ,2,Full,CampsitePermit,Less than 20ft,
Smileys,NS ,6,Full,CampsitePermit,Tents,
Mira River,NB ,2,Senior,CampsitePermit,Less than 20ft,
Caribou Munroes,ON ,3,Full,CampsitePermit,Single Tent,
Caribou Munroes,NS ,2,Full,CampsitePermit,Single Tent,
Dollar Lake,ON ,2,Full,CampsitePermit,Single Tent,
Caribou Munroes,NS ,5,Full,CampsitePermit,Less than 20ft,
Whycocomagh,QC ,2,Full,CampsitePermit,Single Tent,
Ellenwood Lake,PE ,2,Full,CampsitePermit,Single Tent,
Porters Lake,NS ,1,Senior,CampsitePermit,Single Tent,
Graves Island,NS ,1,Full,CampsitePermit,Single Tent,
Cape Chignecto,NS ,2,Full,BackcountryPermit,Single Tent,
Mira River,NS ,5,Full,CampsitePermit,Single Tent,
Dollar Lake,NS ,6,Full,CampsitePermit,Less than 20ft,
Salsman,ON ,2,Full,CampsitePermit,Single Tent,
Whycocomagh,ON ,4,Veteran,CampsitePermit,Less than 40ft,
Ellenwood Lake,NS ,5,Full,CampsitePermit,Tents,
Rissers Beach,NS ,1,Full,CampsitePermit,Single Tent,
Blomidon,NS ,2,Full,CampsitePermit,Single Tent,
Cape Chignecto,NS ,2,Full,BackcountryPermit,Cabin,
Caribou Munroes,NS ,3,Senior,CampsitePermit,Less than 30ft,
Caribou Munroes,QC ,1,Full,CampsitePermit,Single Tent,
The Islands,NS ,4,Veteran,CampsitePermit,Less than 20ft,
Caribou Munroes,NS ,4,Full,CampsitePermit,Less than 20ft,
Dollar Lake,NS ,2,Full,CampsitePermit,Single Tent,
Laurie,NS ,6,Full,CampsitePermit,Single Tent,
Mira River,QC ,2,Full,CampsitePermit,Single Tent,
Caribou Munroes,NS ,2,Full,CampsitePermit,Less than 20ft,
Porters Lake,NS ,4,Full,CampsitePermit,Tents,
Thomas Raddall,QC ,2,Full,CampsitePermit,Less than 20ft,
Five Islands,NS ,4,Full,CampsitePermit,Single Tent,
Mira River,NS ,5,Full,CampsitePermit,Single Tent,
Graves Island,NS ,2,Full,CampsitePermit,Less than 20ft,
Ellenwood Lake,NS ,5,Full,CampsitePermit,Less than 30ft,
Caribou Munroes,QC ,2,Full,CampsitePermit,Less than 30ft,
Smileys,NS ,2,Full,CampsitePermit,Single Tent,
Graves Island,NB ,2,Full,CampsitePermit,Less than 30ft,
Graves Island,QC ,2,Full,CampsitePermit,Single Tent,
Amherst Shore,ON ,2,Senior,CampsitePermit,Less than 30ft,
Graves Island,BC ,2,Senior,CampsitePermit,Less than 20ft,
Graves Island,NS ,2,Full,CampsitePermit,Less than 30ft,
Rissers Beach,ON ,2,Full,CampsitePermit,Single Tent,
Blomidon,NS ,1,Senior,CampsitePermit,Single Tent,
The Islands,QC ,3,Full,CampsitePermit,Single Tent,
Porters Lake,NS ,2,Full,CampsitePermit,Single Tent,
Mira River,NS ,2,Veteran,CampsitePermit,Single Tent,
Porters Lake,ON ,4,Full,CampsitePermit,Single Tent,
Laurie,ON ,3,Full,CampsitePermit,Less than 20ft,
Amherst Shore,NS ,2,Senior,CampsitePermit,Less than 30ft,
Salsman,ON ,2,Full,CampsitePermit,Less than 20ft,
Graves Island,NS ,3,Full,CampsitePermit,Single Tent,
Graves Island,NS ,1,Full,CampsitePermit,Single Tent,
Dollar Lake,NS ,4,Full,CampsitePermit,Single Tent,
Boylston,NS ,2,Full,CampsitePermit,Less than 30ft,
Graves Island,AB ,2,Senior,CampsitePermit,Less than 30ft,
Dollar Lake,NS ,6,Full,CampsitePermit,Tents,
Battery,NS ,3,Full,CampsitePermit,Single Tent,
Thomas Raddall,NS ,2,Full,CampsitePermit,Less than 40ft,
Caribou Munroes,NS ,5,Full,CampsitePermit,Tents,
Rissers Beach,NB ,4,Full,CampsitePermit,Less than 20ft,
Smileys,NS ,4,Full,CampsitePermit,Tents,
Graves Island,QC ,1,Full,CampsitePermit,Single Tent,
Mira River,NS ,6,Full,CampsitePermit,Single Tent,
Blomidon,NS ,2,Full,CampsitePermit,Single Tent,
Mira River,NS ,2,Full,CampsitePermit,Less than 30ft,
Porters Lake,NS ,1,Full,CampsitePermit,Single Tent,
Cape Chignecto,NS ,4,Full,BackcountryPermit,Single Tent,
Smileys,NS ,6,Full,CampsitePermit,Tents,
Porters Lake,NS ,2,Full,CampsitePermit,Single Tent,
Graves Island,NB ,3,Full,CampsitePermit,Less than 30ft,
Caribou Munroes,NS ,2,Full,CampsitePermit,Single Tent,
Blomidon,NS ,3,Full,CampsitePermit,Single Tent,
Ellenwood Lake,NS ,2,Full,CampsitePermit,Single Tent,
Caribou Munroes,NS ,4,Full,CampsitePermit,Less than 20ft,
Graves Island,QC ,1,Full,CampsitePermit,Single Tent,
Smileys,NS ,3,Full,CampsitePermit,Less than 20ft,
Battery,NS ,2,Full,CampsitePermit,Less than 20ft,
Rissers Beach,NS ,1,Full,CampsitePermit,Single Tent,
Blomidon,NS ,2,Full,CampsitePermit,Less than 20ft,
Laurie,NS ,4,Full,CampsitePermit,Less than 30ft,
Blomidon,QC ,2,Full,CampsitePermit,Single Tent,
Thomas Raddall,BC ,3,Full,CampsitePermit,Single Tent,
Smileys,NS ,6,Full,CampsitePermit,Less than 20ft,
Mira River,NS ,2,Full,CampsitePermit,Less than 30ft,
Rissers Beach,NS ,1,Full,CampsitePermit,Single Tent,
Graves Island,NS ,4,Full,CampsitePermit,Less than 20ft,
Mira River,NS ,2,Full,CampsitePermit,Single Tent,
Caribou Munroes,NS ,4,Full,CampsitePermit,Less than 30ft,
Mira River,NS ,2,Senior,CampsitePermit,Less than 30ft,
Dollar Lake,NS ,5,Full,CampsitePermit,Single Tent,
Amherst Shore,NS ,1,Senior,CampsitePermit,Single Tent,
Valleyview,NS ,6,Full,CampsitePermit,Tents,
Blomidon,NS ,2,Full,CampsitePermit,Less than 30ft,
Blomidon,NS ,2,Full,CampsitePermit,Less than 20ft,
Amherst Shore,BC ,3,Senior,CampsitePermit,Less than 20ft,
Rissers Beach,NS ,4,Full,CampsitePermit,Less than 30ft,
Thomas Raddall,NS ,3,Full,CampsitePermit,Less than 30ft,
Caribou Munroes,QC ,2,Full,CampsitePermit,Single Tent,
Amherst Shore,BC ,2,Senior,CampsitePermit,Single Tent,
Cape Chignecto,NB ,2,Full,BackcountryPermit,Single Tent,
Porters Lake,BC ,2,Full,CampsitePermit,Less than 20ft,
Porters Lake,NS ,3,Full,CampsitePermit,Less than 30ft,
Laurie,NS ,4,Full,CampsitePermit,Single Tent,
Porters Lake,NS ,3,Full,CampsitePermit,Tents,
The Islands,NS ,3,Full,CampsitePermit,Tents,
Battery,NS ,2,Senior,CampsitePermit,Single Tent,
Blomidon,NS ,3,Full,CampsitePermit,Single Tent,
Laurie,NS ,4,Full,CampsitePermit,Single Tent,
Caribou Munroes,NS ,2,Full,CampsitePermit,Less than 20ft,
Caribou Munroes,NS ,4,Full,CampsitePermit,Less than 30ft,
Rissers Beach,NS ,4,Full,CampsitePermit,Less than 30ft,
Ellenwood Lake,NS ,3,Full,CampsitePermit,Single Tent,
Graves Island,NS ,3,Full,CampsitePermit,Less than 30ft,
Mira River,NS ,2,Full,CampsitePermit,Single Tent,
Mira River,QC ,2,Full,CampsitePermit,Single Tent,
Battery,NS ,2,Full,CampsitePermit,Single Tent,
Graves Island,NS ,1,Full,CampsitePermit,Less than 20ft,
Rissers Beach,NS ,3,Full,CampsitePermit,Less than 30ft,
Five Islands,NS ,2,Full,CampsitePermit,Single Tent,
Amherst Shore,NS ,3,Veteran,CampsitePermit,Tents,
Porters Lake,AB ,6,Full,CampsitePermit,Less than 40ft,
Five Islands,ON ,2,Full,CampsitePermit,Less than 20ft,
Laurie,NS ,1,Full,CampsitePermit,Single Tent,
Blomidon,NS ,2,Full,CampsitePermit,Single Tent,
Graves Island,NS ,1,Senior,CampsitePermit,Single Tent,
Five Islands,NS ,2,Full,CampsitePermit,Single Tent,
Whycocomagh,NS ,1,Full,CampsitePermit,Single Tent,
Thomas Raddall,NS ,2,Full,CampsitePermit,Less than 20ft,
Dollar Lake,NS ,2,Full,CampsitePermit,Less than 30ft,
Porters Lake,NS ,3,Full,CampsitePermit,Single Tent,
Laurie,NS ,4,Full,CampsitePermit,Less than 20ft,
Rissers Beach,NS ,5,Full,CampsitePermit,Less than 30ft,
Ellenwood Lake,NS ,2,Senior,CampsitePermit,Single Tent,
The Islands,NS ,2,Senior,CampsitePermit,Less than 20ft,
Thomas Raddall,NS ,3,Full,CampsitePermit,Less than 20ft,
Rissers Beach,NS ,4,Full,CampsitePermit,Less than 30ft,
Battery,NS ,2,Host,CampsitePermit,Single Tent,
Mira River,NS ,4,Full,CampsitePermit,Single Tent,
Rissers Beach,NS ,2,Senior,CampsitePermit,Less than 20ft,
Valleyview,ON ,2,Full,CampsitePermit,Single Tent,
Graves Island,NS ,3,Full,CampsitePermit,Single Tent,
Caribou Munroes,ON ,2,Full,CampsitePermit,Less than 20ft,
Blomidon,ON ,2,Full,CampsitePermit,Single Tent,
Battery,AB ,2,Senior,CampsitePermit,Less than 20ft,
Porters Lake,QC ,2,Full,CampsitePermit,Single Tent,
Valleyview,NS ,2,Host,CampsitePermit,Less than 20ft,
Caribou Munroes,ON ,4,Full,CampsitePermit,Tents,
Rissers Beach,NS ,5,Full,CampsitePermit,Tents,
Caribou Munroes,NS ,2,Senior,CampsitePermit,Less than 30ft,
Caribou Munroes,ON ,1,Full,CampsitePermit,Single Tent,
Graves Island,NS ,3,Full,CampsitePermit,Less than 20ft,
Graves Island,ON ,1,Full,CampsitePermit,Single Tent,
Amherst Shore,NS ,2,Full,CampsitePermit,Single Tent,
Rissers Beach,NB ,6,Full,CampsitePermit,Tents,
Whycocomagh,ON ,2,Full,YurtPermit,Tents,
Dollar Lake,NS ,3,Full,CampsitePermit,Tents,
Dollar Lake,NS ,5,Full,CampsitePermit,Single Tent,
Battery,QC ,2,Full,CampsitePermit,Single Tent,
Graves Island,NS ,2,Full,CampsitePermit,Single Tent,
Mira River,NS ,2,Full,CampsitePermit,Single Tent,
Porters Lake,ON ,4,Full,CampsitePermit,Single Tent,
Thomas Raddall,ON ,5,Full,CampsitePermit,Tents,
Caribou Munroes,QC ,3,Full,CampsitePermit,Single Tent,
Battery,BC ,2,Full,CampsitePermit,Single Tent,
Ellenwood Lake,NS ,3,Full,CampsitePermit,Less than 30ft,
Blomidon,NS ,4,Full,CampsitePermit,Tents,
Porters Lake,NS ,2,Full,CampsitePermit,Single Tent,
Thomas Raddall,NS ,4,Full,CampsitePermit,Less than 20ft,
Five Islands,NS ,2,Full,CampsitePermit,Tents,
Rissers Beach,QC ,2,Full,CampsitePermit,Single Tent,
Graves Island,QC ,2,Full,CampsitePermit,Less than 20ft,
Rissers Beach,NS ,2,Senior,CampsitePermit,Less than 20ft,
Graves Island,NS ,2,Full,CampsitePermit,Less than 30ft,
Five Islands,NB ,4,Full,CampsitePermit,Single Tent,
Laurie,NS ,4,Veteran,CampsitePermit,Less than 30ft,
Graves Island,NS ,2,Full,CampsitePermit,Less than 20ft,
Mira River,NB ,2,Full,CampsitePermit,Less than 20ft,
Caribou Munroes,NS ,2,Full,CampsitePermit,Less than 30ft,
Laurie,MB ,3,Full,CampsitePermit,Less than 20ft,
Porters Lake,NS ,3,Full,CampsitePermit,Less than 20ft,
Battery,NS ,3,Full,CampsitePermit,Single Tent,
Dollar Lake,NS ,2,Full,CampsitePermit,Single Tent,
Rissers Beach,NS ,2,Full,CampsitePermit,Less than 20ft,
Cape Chignecto,NS ,4,Full,BackcountryPermit,Single Tent,
Dollar Lake,NS ,2,Full,CampsitePermit,Tents,
Mira River,MB ,2,Full,CampsitePermit,Less than 30ft,
Rissers Beach,NS ,2,FULL,CampsitePermit,Single Tent,
Cape Chignecto,NS ,2,Full,BackcountryPermit,Single Tent,
Thomas Raddall,NS ,2,Full,CampsitePermit,Less than 20ft,
Blomidon,NS ,2,Full,CampsitePermit,Single Tent,
Graves Island,NS ,2,Full,CampsitePermit,Less than 20ft,
Five Islands,NS ,2,Full,CampsitePermit,Single Tent,
Mira River,NS ,2,Full,CampsitePermit,Less than 20ft,
Blomidon,NS ,2,Full,CampsitePermit,Less than 30ft,
Amherst Shore,NB ,1,Senior,CampsitePermit,Single Tent,
Mira River,NS ,1,Full,CampsitePermit,Single Tent,
Smileys,NS ,2,Full,CampsitePermit,Single Tent,
Mira River,NS ,2,Full,CampsitePermit,Single Tent,
Smileys,NS ,2,Full,CampsitePermit,Single Tent,
Thomas Raddall,NS ,2,Full,CampsitePermit,Tents,
Porters Lake,NS ,2,Full,CampsitePermit,Single Tent,
Mira River,NS ,4,Full,CampsitePermit,Less than 30ft,
Rissers Beach,NS ,3,Full,CampsitePermit,Less than 30ft,
Graves Island,NS ,3,Full,CampsitePermit,Less than 20ft,
The Islands,NS ,4,Full,CampsitePermit,Less than 30ft,
Blomidon,NS ,3,Full,CampsitePermit,Single Tent,
Rissers Beach,QC ,3,Full,CampsitePermit,Single Tent,
Ellenwood Lake,NB ,2,Senior,CampsitePermit,Single Tent,
Blomidon,NS ,3,Full,CampsitePermit,Less than 30ft,
Porters Lake,ON ,2,Senior,CampsitePermit,Less than 20ft,
Cape Chignecto,ON ,2,Full,BackcountryPermit,Single Tent,
Caribou Munroes,NS ,4,Full,CampsitePermit,Single Tent,
Mira River,NS ,6,Full,CampsitePermit,Single Tent,
Caribou Munroes,QC ,2,Full,CampsitePermit,Less than 30ft,
Porters Lake,NS ,2,Full,CampsitePermit,Less than 20ft,
Blomidon,NS ,2,Senior,CampsitePermit,Single Tent,
Five Islands,NS ,5,Full,CampsitePermit,Less than 20ft,
Amherst Shore,NS ,5,Full,CampsitePermit,Single Tent,
Dollar Lake,NS ,4,Full,CampsitePermit,Single Tent,
Amherst Shore,QC ,2,Full,CampsitePermit,Single Tent,
Laurie,NS ,2,Full,CampsitePermit,Less than 30ft,
Mira River,NS ,5,Full,CampsitePermit,Single Tent,
Graves Island,NS ,1,Full,CampsitePermit,Single Tent,
Caribou Munroes,NS ,2,Full,CampsitePermit,Single Tent,
Caribou Munroes,NS ,3,Full,CampsitePermit,Less than 30ft,
Smileys,NS ,3,Full,CampsitePermit,Single Tent,
Caribou Munroes,QC ,2,Full,CampsitePermit,Single Tent,
Thomas Raddall,NS ,2,Senior,CampsitePermit,Single Tent,
Five Islands,ON ,4,Full,CampsitePermit,Single Tent,
Graves Island,QC ,1,Full,CampsitePermit,Single Tent,
Thomas Raddall,NS ,5,Full,CampsitePermit,Less than 30ft,
Dollar Lake,NS ,2,Full,CampsitePermit,Less than 20ft,
Smileys,NL ,2,Full,CampsitePermit,Single Tent,
Five Islands,BC ,2,Full,CampsitePermit,Single Tent,
Five Islands,NS ,3,Full,CampsitePermit,Tents,
Rissers Beach,NS ,3,Full,CampsitePermit,Less than 40ft,
Porters Lake,NS ,2,Full,CampsitePermit,Single Tent,
Whycocomagh,NS ,4,Full,YurtPermit,Tents,
Graves Island,ON ,6,Full,CampsitePermit,Less than 30ft,
Cape Chignecto,NS ,2,Full,BackcountryPermit,Single Tent,
Five Islands,NS ,2,Full,CampsitePermit,Single Tent,
Five Islands,NS ,4,Full,CampsitePermit,Single Tent,
Mira River,NS ,5,Full,CampsitePermit,Less than 30ft,
Laurie,QC ,2,Full,CampsitePermit,Less than 30ft,
Porters Lake,NS ,6,Full,CampsitePermit,Less than 20ft,
Cape Chignecto,NS ,2,Full,BackcountryPermit,Cabin,
Five Islands,NB ,6,Full,CampsitePermit,Single Tent,
Smileys,NS ,2,Senior,CampsitePermit,Less than 40ft,
Smileys,NS ,6,Full,CampsitePermit,Less than 30ft,
Porters Lake,NS ,4,Full,CampsitePermit,Single Tent,
Blomidon,ON ,2,Full,CampsitePermit,Single Tent,
Dollar Lake,NS ,3,Full,CampsitePermit,Single Tent,
Smileys,ON ,2,Full,CampsitePermit,Single Tent,
Amherst Shore,NB ,5,Full,CampsitePermit,Less than 30ft,
Caribou Munroes,NS ,2,Full,CampsitePermit,Less than 30ft,
Graves Island,ON ,2,Full,CampsitePermit,Single Tent,
Battery,QC ,2,Senior,CampsitePermit,Single Tent,
Rissers Beach,NS ,2,Full,CampsitePermit,Less than 20ft,
Five Islands,NS ,2,Full,CampsitePermit,Single Tent,
Graves Island,NS ,1,Full,CampsitePermit,Single Tent,
Salsman,NS ,4,Full,CampsitePermit,Single Tent,
Rissers Beach,NS ,2,Full,CampsitePermit,Less than 30ft,
Thomas Raddall,NS ,5,Full,CampsitePermit,Less than 20ft,
Blomidon,BC ,2,Senior,CampsitePermit,Less than 30ft,
Smileys,NS ,2,Full,CampsitePermit,Greater than 40ft,
Blomidon,QC ,2,Full,CampsitePermit,Single Tent,
Battery,ON ,2,Senior,CampsitePermit,Single Tent,
Whycocomagh,NS ,3,Full,CampsitePermit,Single Tent,
Five Islands,ON ,2,Full,CampsitePermit,Less than 20ft,
Amherst Shore,NS ,2,Full,CampsitePermit,Single Tent,
Five Islands,ON ,2,Full,CampsitePermit,Single Tent,
Graves Island,ON ,4,Full,CampsitePermit,Tents,
Smileys,NS ,5,Full,CampsitePermit,Less than 30ft,
Ellenwood Lake,NS ,4,Full,CampsitePermit,Single Tent,
Five Islands,ON ,3,Full,CampsitePermit,Less than 30ft,
Laurie,NS ,2,Full,CampsitePermit,Less than 20ft,
Mira River,NS ,2,Senior,CampsitePermit,Less than 30ft,
Caribou Munroes,ON ,2,Full,CampsitePermit,Single Tent,
Amherst Shore,NS ,2,Full,CampsitePermit,Less than 30ft,
Rissers Beach,NS ,5,Full,CampsitePermit,Less than 30ft,
Rissers Beach,NS ,4,Full,CampsitePermit,Tents,
Mira River,NS ,5,Full,CampsitePermit,Less than 30ft,
Five Islands,NS ,3,Full,CampsitePermit,Single Tent,
Dollar Lake,NS ,3,Full,CampsitePermit,Single Tent,
Mira River,NS ,2,Senior,CampsitePermit,Single Tent,
Graves Island,NS ,2,Full,CampsitePermit,Less than 40ft,
Thomas Raddall,NS ,2,Full,CampsitePermit,Single Tent,
Caribou Munroes,NS ,4,Full,CampsitePermit,Single Tent,
Blomidon,NS ,4,Full,CampsitePermit,Less than 30ft,
Graves Island,NS ,2,Full,CampsitePermit,Less than 40ft,
Thomas Raddall,NS ,4,Full,CampsitePermit,Less than 20ft,
Battery,NS ,5,Full,CampsitePermit,Tents,
Battery,ON ,2,Senior,CampsitePermit,Single Tent,
Rissers Beach,NS ,2,Full,CampsitePermit,Less than 40ft,
Mira River,QC ,3,Full,CampsitePermit,Tents,
Battery,NS ,1,Full,CampsitePermit,Single Tent,
Graves Island,NS ,6,Full,CampsitePermit,Single Tent,
Thomas Raddall,NS ,4,Full,CampsitePermit,Tents,
Mira River,QC ,4,Full,CampsitePermit,Less than 30ft,
Ellenwood Lake,QC ,1,Full,CampsitePermit,Single Tent,
Thomas Raddall,NS ,1,Full,CampsitePermit,Single Tent,
Cape Chignecto,NS ,2,Senior,BackcountryPermit,Single Tent,
Rissers Beach,NS ,2,Full,CampsitePermit,Less than 30ft,
Amherst Shore,NB ,2,Senior,CampsitePermit,Single Tent,
Rissers Beach,NS ,2,Full,CampsitePermit,Single Tent,
Graves Island,NS ,4,Full,CampsitePermit,Single Tent,
Mira River,ON ,2,Senior,CampsitePermit,Less than 40ft,
Blomidon,NB ,2,Full,CampsitePermit,Single Tent,
Blomidon,ON ,2,Full,CampsitePermit,Single Tent,
Rissers Beach,NB ,2,Full,CampsitePermit,Less than 30ft,
Laurie,ON ,2,Full,CampsitePermit,Less than 20ft,
Graves Island,NS ,2,Full,CampsitePermit,Single Tent,
Rissers Beach,NS ,6,Full,CampsitePermit,Single Tent,
Blomidon,ON ,2,Full,CampsitePermit,Single Tent,
Dollar Lake,NS ,4,Full,CampsitePermit,Tents,
Laurie,NS ,4,Full,CampsitePermit,Tents,
Blomidon,QC ,4,Full,CampsitePermit,Single Tent,
Caribou Munroes,NS ,2,Full,CampsitePermit,Single Tent,
Amherst Shore,ON ,2,Full,CampsitePermit,Less than 20ft,
Caribou Munroes,QC ,1,Full,CampsitePermit,Single Tent,
Mira River,NS ,4,Full,CampsitePermit,Less than 20ft,
Five Islands,ON ,3,Full,CampsitePermit,Single Tent,
Graves Island,NS ,4,Senior,CampsitePermit,Less than 30ft,
Caribou Munroes,QC ,2,Full,CampsitePermit,Single Tent,
Graves Island,QC ,2,Full,CampsitePermit,Single Tent,
Thomas Raddall,NS ,2,Full,CampsitePermit,Single Tent,
Cape Chignecto,NB ,2,Full,BackcountryPermit,Single Tent,
Thomas Raddall,NS ,4,Full,CampsitePermit,Single Tent,
Salsman,NS ,2,Full,CampsitePermit,Less than 30ft,
Porters Lake,NS ,2,Full,CampsitePermit,Single Tent,
Rissers Beach,NS ,2,Full,CampsitePermit,Single Tent,
Caribou Munroes,NS ,4,Full,CampsitePermit,Less than 30ft,
Battery,QC ,2,Full,CampsitePermit,Single Tent,
Amherst Shore,AB ,4,Full,CampsitePermit,Less than 30ft,
Blomidon,NS ,1,Full,CampsitePermit,Single Tent,
Five Islands,NS ,2,Senior,CampsitePermit,Single Tent,
Porters Lake,ON ,2,Senior,CampsitePermit,Less than 20ft,
Dollar Lake,NS ,5,Full,CampsitePermit,Less than 20ft,
Mira River,NS ,2,Senior,CampsitePermit,Less than 30ft,
Caribou Munroes,QC ,3,Full,CampsitePermit,Single Tent,
Valleyview,NS ,2,Full,CampsitePermit,Single Tent,
Graves Island,NS ,2,Full,CampsitePermit,Less than 30ft,
Laurie,QC ,2,Full,CampsitePermit,Single Tent,
Rissers Beach,NS ,4,Full,CampsitePermit,Less than 30ft,
Five Islands,NS ,2,Veteran,CampsitePermit,Single Tent,
Porters Lake,NS ,3,Full,CampsitePermit,Single Tent,
Dollar Lake,NS ,4,Full,CampsitePermit,Tents,
Thomas Raddall,NS ,3,Full,CampsitePermit,Less than 40ft,
Graves Island,QC ,2,Full,CampsitePermit,Single Tent,
Caribou Munroes,NS ,4,Full,CampsitePermit,Less than 40ft,
Porters Lake,ON ,1,Full,CampsitePermit,Single Tent,
Ellenwood Lake,NS ,5,Full,CampsitePermit,Single Tent,
Laurie,NS ,4,Full,CampsitePermit,Less than 30ft,
Dollar Lake,NS ,2,Full,CampsitePermit,Single Tent,
Battery,ON ,2,Full,CampsitePermit,Single Tent,
Graves Island,NS ,1,Senior,CampsitePermit,Single Tent,
Caribou Munroes,NS ,4,Full,CampsitePermit,Single Tent,
Mira River,NS ,1,Host,CampsitePermit,Less than 40ft,
Mira River,ON ,3,Full,CampsitePermit,Single Tent,
Dollar Lake,NS ,6,Full,CampsitePermit,Tents,
Smileys,NS ,4,Full,CampsitePermit,Less than 30ft,
Salsman,NS ,4,Full,CampsitePermit,Less than 30ft,
Valleyview,NS ,2,Full,CampsitePermit,Single Tent,
Blomidon,NS ,3,Full,CampsitePermit,Less than 30ft,
Amherst Shore,NB ,3,Full,CampsitePermit,Less than 20ft,
Smileys,NB ,2,Veteran,CampsitePermit,Single Tent,
Salsman,ON ,3,Full,CampsitePermit,Less than 20ft,
Rissers Beach,NS ,2,Senior,CampsitePermit,Less than 30ft,
Salsman,NS ,2,Full,CampsitePermit,Single Tent,
Battery,NS ,2,Full,CampsitePermit,Less than 20ft,
Mira River,NS ,2,Full,CampsitePermit,Single Tent,
Thomas Raddall,NS ,2,Full,CampsitePermit,Single Tent,
Graves Island,QC ,6,Full,CampsitePermit,Less than 30ft,
Dollar Lake,NS ,2,Senior,CampsitePermit,Less than 30ft,
Graves Island,QC ,2,Full,CampsitePermit,Single Tent,
Blomidon,NS ,2,Full,CampsitePermit,Single Tent,
Battery,MB ,2,Full,CampsitePermit,Single Tent,
Mira River,NS ,4,Full,CampsitePermit,Less than 30ft,
Five Islands,PE ,5,Full,CampsitePermit,Less than 30ft,
Mira River,NS ,4,Full,CampsitePermit,Less than 30ft,
Porters Lake,NS ,2,Full,CampsitePermit,Single Tent,
Porters Lake,QC ,2,Full,CampsitePermit,Single Tent,
Laurie,NS ,2,Full,CampsitePermit,Less than 20ft,
Mira River,NB ,6,Full,CampsitePermit,Single Tent,
Mira River,NS ,2,Full,CampsitePermit,Less than 30ft,
Cape Chignecto,NS ,5,Full,BackcountryPermit,Single Tent,
Graves Island,NS ,3,Full,CampsitePermit,Tents,
Porters Lake,NS ,3,Full,CampsitePermit,Single Tent,
Caribou Munroes,NS ,3,Full,CampsitePermit,Single Tent,
Mira River,AB ,2,Full,CampsitePermit,Single Tent,
Blomidon,NS ,2,Full,CampsitePermit,Single Tent,
Battery,QC ,5,Full,CampsitePermit,Less than 40ft,
Valleyview,BC ,2,Senior,CampsitePermit,Single Tent,
Mira River,NS ,4,Full,CampsitePermit,Less than 30ft,
Dollar Lake,NS ,5,Full,CampsitePermit,Single Tent,
Whycocomagh,QC ,2,Full,CampsitePermit,Single Tent,
Caribou Munroes,NS ,3,Full,CampsitePermit,Single Tent,
Caribou Munroes,QC ,2,Senior,CampsitePermit,Less than 20ft,
Laurie,NS ,2,Full,CampsitePermit,Single Tent,
Graves Island,NS ,2,Full,CampsitePermit,Less than 30ft,
Five Islands,NS ,2,Veteran,CampsitePermit,Tents,
Mira River,QC ,2,Full,CampsitePermit,Less than 30ft,
Rissers Beach,NS ,2,Senior,CampsitePermit,Single Tent,
Ellenwood Lake,NS ,6,Full,CampsitePermit,Tents,
Mira River,NS ,2,Full,CampsitePermit,Less than 20ft,
Dollar Lake,NS ,2,Full,CampsitePermit,Single Tent,
Amherst Shore,QC ,2,Full,CampsitePermit,Single Tent,
Blomidon,NS ,4,Full,CampsitePermit,Single Tent,
Graves Island,QC ,4,Full,CampsitePermit,Less than 40ft,
Blomidon,NS ,4,Full,CampsitePermit,Tents,
Valleyview,NS ,2,Full,CampsitePermit,Single Tent,
Boylston,NS ,4,Full,CampsitePermit,Single Tent,
Salsman,NS ,6,Full,CampsitePermit,Tents,
Dollar Lake,NS ,4,Full,CampsitePermit,Tents,
Caribou Munroes,NS ,4,Full,CampsitePermit,Single Tent,
Rissers Beach,NS ,4,Full,CampsitePermit,Tents,
Graves Island,NS ,2,Senior,CampsitePermit,Less than 20ft,
Thomas Raddall,NS ,2,Full,CampsitePermit,Single Tent,
Five Islands,ON ,2,Full,CampsitePermit,Single Tent,
Caribou Munroes,NS ,4,Full,CampsitePermit,Single Tent,
Valleyview,NS ,2,Full,CampsitePermit,Single Tent,
Five Islands,NS ,1,Host,CampsitePermit,Single Tent,
Rissers Beach,NS ,2,Senior,CampsitePermit,Less than 20ft,
Battery,NS ,2,Full,CampsitePermit,Single Tent,
Graves Island,NS ,1,Full,CampsitePermit,Less than 40ft,
Salsman,NS ,2,Senior,CampsitePermit,Less than 20ft,
Graves Island,NS ,2,Senior,CampsitePermit,Single Tent,
Whycocomagh,QC ,1,Full,CampsitePermit,Single Tent,
Ellenwood Lake,QC ,2,Full,CampsitePermit,Less than 20ft,
Graves Island,NS ,1,Senior,CampsitePermit,Single Tent,
Mira River,ON ,3,Senior,CampsitePermit,Less than 30ft,
Battery,NS ,2,Senior,CampsitePermit,Single Tent,
Laurie,NS ,4,Full,CampsitePermit,Tents,
Laurie,NS ,4,Full,CampsitePermit,Less than 20ft,
Dollar Lake,NS ,4,Full,CampsitePermit,Single Tent,
Ellenwood Lake,NS ,4,Full,CampsitePermit,Single Tent,
Blomidon,NS ,1,Senior,CampsitePermit,Single Tent,
Five Islands,PE ,2,Full,CampsitePermit,Single Tent,
Caribou Munroes,NS ,6,Full,CampsitePermit,Less than 30ft,
Whycocomagh,ON ,2,Full,CampsitePermit,Less than 30ft,
Blomidon,QC ,1,Full,CampsitePermit,Single Tent,
Mira River,NS ,4,Full,CampsitePermit,Less than 20ft,
Salsman,NS ,2,Full,CampsitePermit,Less than 20ft,
Ellenwood Lake,NS ,4,Full,CampsitePermit,Less than 30ft,
Laurie,BC ,3,Full,CampsitePermit,Single Tent,
Mira River,NS ,2,Full,CampsitePermit,Single Tent,
Caribou Munroes,NS ,3,Full,CampsitePermit,Single Tent,
Mira River,QC ,2,Full,CampsitePermit,Less than 30ft,
Mira River,ON ,2,Full,CampsitePermit,Single Tent,
Laurie,NS ,1,Full,CampsitePermit,Single Tent,
Battery,NS ,2,Senior,CampsitePermit,Single Tent,
Rissers Beach,NS ,3,Full,CampsitePermit,Tents,
Amherst Shore,QC ,4,Full,CampsitePermit,Tents,
Amherst Shore,NS ,4,Full,CampsitePermit,Less than 20ft,
Thomas Raddall,NS ,4,Full,CampsitePermit,Single Tent,
Thomas Raddall,NS ,2,Full,CampsitePermit,Less than 30ft,
Rissers Beach,NS ,4,Full,CampsitePermit,Single Tent,
Porters Lake,NS ,2,Full,CampsitePermit,Single Tent,
Rissers Beach,NS ,1,Senior,CampsitePermit,Less than 20ft,
Mira River,NS ,5,Full,CampsitePermit,Single Tent,
Five Islands,NS ,4,Full,CampsitePermit,Less than 20ft,
Cape Chignecto,NS ,2,Full,BackcountryPermit,Single Tent,
Dollar Lake,NS ,2,Full,CampsitePermit,Less than 20ft,
Boylston,ON ,4,Full,CampsitePermit,Tents,
Mira River,NS ,4,Full,CampsitePermit,Less than 20ft,
Smileys,ON ,3,Full,CampsitePermit,Single Tent,
Caribou Munroes,NS ,1,Full,CampsitePermit,Single Tent,
Blomidon,NS ,5,Full,CampsitePermit,Tents,
Amherst Shore,NS ,3,Full,CampsitePermit,Less than 20ft,
Amherst Shore,NB ,4,Full,CampsitePermit,Less than 30ft,
Valleyview,QC ,2,Full,CampsitePermit,Single Tent,
Smileys,NS ,4,Full,CampsitePermit,Tents,
Graves Island,ON ,2,Full,CampsitePermit,Less than 40ft,
Porters Lake,NS ,6,Full,CampsitePermit,Less than 20ft,
Caribou Munroes,NS ,2,Senior,CampsitePermit,Less than 30ft,
Mira River,NS ,1,Full,CampsitePermit,Single Tent,
Dollar Lake,NS ,2,Full,CampsitePermit,Single Tent,
Mira River,QC ,2,Full,CampsitePermit,Less than 30ft,
Mira River,NS ,2,Full,CampsitePermit,Less than 30ft,
Rissers Beach,NS ,4,Full,CampsitePermit,Less than 30ft,
Blomidon,NS ,1,Full,CampsitePermit,Single Tent,
Graves Island,NS ,2,Full,CampsitePermit,Single Tent,
Amherst Shore,NS ,4,Full,CampsitePermit,Less than 30ft,
Graves Island,NS ,2,Full,CampsitePermit,Less than 30ft,
Battery,ON ,2,Senior,CampsitePermit,Single Tent,
Blomidon,NS ,3,Full,CampsitePermit,Less than 20ft,
Amherst Shore,ON ,3,Senior,CampsitePermit,Less than 20ft,
Graves Island,NS ,2,Full,CampsitePermit,Less than 40ft,
Blomidon,ON ,5,Full,CampsitePermit,Tents,
Battery,NS ,1,Full,CampsitePermit,Single Tent,
Mira River,NS ,4,Veteran,CampsitePermit,Less than 20ft,
Rissers Beach,NS ,2,Full,CampsitePermit,Less than 30ft,
Rissers Beach,BC ,4,Full,CampsitePermit,Single Tent,
Amherst Shore,NS ,4,Full,CampsitePermit,Single Tent,
Thomas Raddall,QC ,2,Full,CampsitePermit,Less than 20ft,
Battery,BC ,1,Senior,CampsitePermit,Single Tent,
Thomas Raddall,NS ,2,Full,CampsitePermit,Single Tent,
Whycocomagh,QC ,1,Veteran,CampsitePermit,Single Tent,
Dollar Lake,NS ,4,Full,CampsitePermit,Single Tent,
Rissers Beach,NS ,3,Full,CampsitePermit,Less than 30ft,
The Islands,NS ,2,Full,CampsitePermit,Single Tent,
Mira River,NS ,5,Full,CampsitePermit,Less than 20ft,
Dollar Lake,NS ,5,Full,CampsitePermit,Tents,
Blomidon,ON ,2,Full,CampsitePermit,Single Tent,
Caribou Munroes,NS ,3,Full,CampsitePermit,Less than 20ft,
Five Islands,NS ,4,Full,CampsitePermit,Less than 20ft,
Whycocomagh,ON ,4,Full,YurtPermit,Tents,
Caribou Munroes,NB ,3,Full,CampsitePermit,Single Tent,
Thomas Raddall,NS ,1,Full,CampsitePermit,Single Tent,
Graves Island,QC ,2,Full,CampsitePermit,Single Tent,
Rissers Beach,MB ,1,Full,CampsitePermit,Single Tent,
Battery,ON ,6,Full,CampsitePermit,Single Tent,
Rissers Beach,NS ,2,Full,CampsitePermit,Single Tent,
Rissers Beach,BC ,2,Full,CampsitePermit,Less than 20ft,
Amherst Shore,QC ,2,Full,CampsitePermit,Less than 20ft,
Caribou Munroes,NS ,2,Full,CampsitePermit,Less than 30ft,
Rissers Beach,NS ,4,Full,CampsitePermit,Less than 30ft,
Battery,NS ,2,Senior,CampsitePermit,Less than 30ft,
Battery,NS ,2,Senior,CampsitePermit,Single Tent,
Caribou Munroes,NL ,2,Senior,CampsitePermit,Less than 20ft,
Mira River,QC ,3,Full,CampsitePermit,Less than 30ft,
Rissers Beach,NS ,4,Full,CampsitePermit,Single Tent,
Whycocomagh,BC ,2,Senior,CampsitePermit,Single Tent,
Ellenwood Lake,NS ,2,Full,CampsitePermit,Less than 20ft,
Caribou Munroes,NS ,4,Full,CampsitePermit,Single Tent,
Whycocomagh,NS ,2,Full,CampsitePermit,Less than 20ft,
Graves Island,ON ,5,Full,CampsitePermit,Greater than 40ft,
Battery,NS ,3,Full,CampsitePermit,Less than 20ft,
Rissers Beach,NS ,3,Full,CampsitePermit,Single Tent,
Porters Lake,ON ,2,Full,CampsitePermit,Single Tent,
Graves Island,NS ,3,Senior,CampsitePermit,Tents,
Battery,NS ,2,Full,CampsitePermit,Single Tent,
Rissers Beach,NB ,4,Full,CampsitePermit,Less than 20ft,
Rissers Beach,NS ,2,Senior,CampsitePermit,Less than 20ft,
Five Islands,NS ,2,Full,CampsitePermit,Single Tent,
Porters Lake,NS ,3,Full,CampsitePermit,Single Tent,
Dollar Lake,NS ,2,Full,CampsitePermit,Single Tent,
Salsman,NS ,4,Full,CampsitePermit,Less than 20ft,
Dollar Lake,NS ,5,Full,CampsitePermit,Tents,
Graves Island,NS ,4,Full,CampsitePermit,Less than 20ft,
Thomas Raddall,NS ,4,Full,CampsitePermit,Less than 30ft,
Mira River,BC ,2,Senior,CampsitePermit,Single Tent,
Ellenwood Lake,NS ,4,Full,CampsitePermit,Less than 30ft,
Whycocomagh,NS ,2,Senior,CampsitePermit,Less than 20ft,
Rissers Beach,NS ,2,Full,CampsitePermit,Single Tent,
Rissers Beach,ON ,2,Full,CampsitePermit,Single Tent,
Porters Lake,QC ,1,Full,CampsitePermit,Single Tent,
Laurie,NS ,1,Full,CampsitePermit,Single Tent,
Dollar Lake,NS ,4,Full,CampsitePermit,Less than 40ft,
Thomas Raddall,NS ,2,Full,CampsitePermit,Single Tent,
Porters Lake,NS ,2,Full,CampsitePermit,Single Tent,
Rissers Beach,QC ,6,Full,CampsitePermit,Less than 30ft,
Rissers Beach,NS ,2,Full,CampsitePermit,Less than 30ft,
Salsman,NS ,2,Full,CampsitePermit,Single Tent,
Laurie,NS ,4,Full,CampsitePermit,Less than 30ft,
Rissers Beach,NS ,4,Full,CampsitePermit,Less than 30ft,
Mira River,NS ,4,Full,CampsitePermit,Less than 30ft,
Mira River,QC ,2,Full,CampsitePermit,Single Tent,
The Islands,ON ,4,Full,CampsitePermit,Less than 40ft,
Mira River,NS ,4,Full,CampsitePermit,Less than 30ft,
Five Islands,BC ,2,Full,CampsitePermit,Single Tent,
Caribou Munroes,NL ,4,Full,CampsitePermit,Single Tent,
Rissers Beach,NS ,3,Full,CampsitePermit,Less than 30ft,
Caribou Munroes,QC ,3,Full,CampsitePermit,Single Tent,
Rissers Beach,ON ,1,Full,CampsitePermit,Single Tent,
Cape Chignecto,NB ,1,Full,BackcountryPermit,Single Tent,
Graves Island,ON ,3,Full,CampsitePermit,Less than 30ft,
Blomidon,NS ,4,Full,CampsitePermit,Less than 20ft,
Five Islands,NB ,4,Full,CampsitePermit,Single Tent,
Laurie,QC ,2,Full,CampsitePermit,Single Tent,
Rissers Beach,NS ,2,Full,CampsitePermit,Less than 20ft,
Amherst Shore,NS ,3,Full,CampsitePermit,Tents,
Laurie,QC ,2,Full,CampsitePermit,Single Tent,
Whycocomagh,NB ,4,Full,CampsitePermit,Tents,
Dollar Lake,NS ,3,Full,CampsitePermit,Less than 20ft,
Caribou Munroes,NS ,4,Full,CampsitePermit,Single Tent,
Ellenwood Lake,NS ,2,Full,CampsitePermit,Single Tent,
Ellenwood Lake,NS ,2,Full,CampsitePermit,Less than 30ft,
Thomas Raddall,NS ,4,Full,CampsitePermit,Less than 30ft,
Five Islands,NS ,4,Full,CampsitePermit,Single Tent,
Rissers Beach,NS ,4,Veteran,CampsitePermit,Less than 30ft,
Caribou Munroes,NB ,2,Full,CampsitePermit,Single Tent,
Ellenwood Lake,NS ,2,Full,CampsitePermit,Single Tent,
Laurie,NS ,4,Full,CampsitePermit,Tents,
Whycocomagh,QC ,3,Full,CampsitePermit,Less than 30ft,
Smileys,NS ,2,Full,CampsitePermit,Single Tent,
Five Islands,ON ,4,Full,CampsitePermit,Less than 20ft,
Graves Island,NS ,1,Full,CampsitePermit,Single Tent,
Rissers Beach,NS ,3,Full,CampsitePermit,Single Tent,
Caribou Munroes,NS ,4,Full,CampsitePermit,Single Tent,
Mira River,NS ,3,Full,CampsitePermit,Single Tent,
Battery,QC ,2,Full,CampsitePermit,Single Tent,
Ellenwood Lake,NS ,6,Full,CampsitePermit,Less than 20ft,
Five Islands,NB ,4,Full,CampsitePermit,Single Tent,
Dollar Lake,NS ,4,Full,CampsitePermit,Single Tent,
Amherst Shore,NS ,2,Full,CampsitePermit,Single Tent,
Ellenwood Lake,NS ,4,Full,CampsitePermit,Less than 20ft,
Caribou Munroes,NS ,6,Full,CampsitePermit,Less than 20ft,
Laurie,QC ,3,Full,CampsitePermit,Single Tent,
Mira River,NS ,2,Senior,CampsitePermit,Less than 20ft,
Dollar Lake,NS ,2,Full,CampsitePermit,Single Tent,
Thomas Raddall,NS ,2,Full,CampsitePermit,Single Tent,
Blomidon,NS ,2,Full,CampsitePermit,Less than 20ft,
Battery,ON ,2,Full,CampsitePermit,Single Tent,
Porters Lake,ON ,2,Full,CampsitePermit,Less than 30ft,
Amherst Shore,NS ,4,Full,CampsitePermit,Less than 30ft,
Mira River,NS ,3,Full,CampsitePermit,Single Tent,
Dollar Lake,NS ,5,Full,CampsitePermit,Tents,
Laurie,QC ,2,Full,CampsitePermit,Single Tent,
Battery,ON ,2,Senior,CampsitePermit,Single Tent,
Valleyview,NS ,2,Full,CampsitePermit,Single Tent,
Blomidon,NS ,2,Veteran,CampsitePermit,Single Tent,
Five Islands,QC ,3,Full,CampsitePermit,Single Tent,
Mira River,NS ,5,Full,CampsitePermit,Less than 20ft,
Mira River,NS ,2,Senior,CampsitePermit,Less than 30ft,
Dollar Lake,NS ,4,Full,CampsitePermit,Single Tent,
Smileys,NS ,2,Full,CampsitePermit,Less than 30ft,
Caribou Munroes,NS ,2,Full,CampsitePermit,Single Tent,
Rissers Beach,NS ,4,Full,CampsitePermit,Less than 30ft,
Mira River,NS ,4,Full,CampsitePermit,Less than 30ft,
Mira River,NS ,2,Full,CampsitePermit,Less than 30ft,
Mira River,NS ,2,Full,CampsitePermit,Less than 30ft,
Whycocomagh,BC ,2,Full,CampsitePermit,Single Tent,
Mira River,NS ,3,Full,CampsitePermit,Single Tent,
Porters Lake,NS ,2,Full,CampsitePermit,Single Tent,
Five Islands,ON ,2,Full,CampsitePermit,Single Tent,
Graves Island,QC ,2,Full,CampsitePermit,Single Tent,
Graves Island,NB ,2,Full,CampsitePermit,Less than 20ft,
Graves Island,NS ,2,Full,CampsitePermit,Single Tent,
Blomidon,ON ,2,Senior,CampsitePermit,Less than 30ft,
Graves Island,QC ,1,Full,CampsitePermit,Single Tent,
Thomas Raddall,NS ,2,Full,CampsitePermit,Single Tent,
Graves Island,NS ,2,Full,CampsitePermit,Less than 30ft,
Caribou Munroes,QC ,4,Full,CampsitePermit,Tents,
Thomas Raddall,ON ,1,Full,CampsitePermit,Single Tent,
Battery,NS ,2,Senior,CampsitePermit,Single Tent,
Amherst Shore,NS ,3,Full,CampsitePermit,Single Tent,
Rissers Beach,NS ,4,Full,CampsitePermit,Less than 30ft,
Dollar Lake,NS ,2,Full,CampsitePermit,Single Tent,
Thomas Raddall,NS ,4,Full,CampsitePermit,Single Tent,
Blomidon,NS ,4,Full,CampsitePermit,Tents,
Graves Island,SK ,1,Full,CampsitePermit,Single Tent,
Rissers Beach,NS ,4,Full,CampsitePermit,Less than 20ft,
Thomas Raddall,NS ,4,Full,CampsitePermit,Less than 30ft,
Whycocomagh,NS ,2,Full,CampsitePermit,Greater than 40ft,
Rissers Beach,NS ,2,Full,CampsitePermit,Single Tent,
Smileys,NS ,4,Full,CampsitePermit,Single Tent,
Whycocomagh,NS ,2,Full,CampsitePermit,Single Tent,
Graves Island,NS ,2,Full,CampsitePermit,Less than 20ft,
Boylston,PE ,1,Full,CampsitePermit,Single Tent,
The Islands,NS ,5,Full,CampsitePermit,Less than 20ft,
Graves Island,ON ,2,Full,CampsitePermit,Less than 20ft,
Laurie,NS ,2,Full,CampsitePermit,Single Tent,
Battery,NS ,2,Full,CampsitePermit,Less than 20ft,
Salsman,NS ,1,Senior,CampsitePermit,Single Tent,
Rissers Beach,NS ,3,Full,CampsitePermit,Less than 20ft,
Whycocomagh,ON ,1,Full,CampsitePermit,Single Tent,
Battery,QC ,2,Senior,CampsitePermit,Less than 20ft,
Thomas Raddall,NS ,4,Full,CampsitePermit,Less than 20ft,
Five Islands,ON ,2,Full,CampsitePermit,Single Tent,
Dollar Lake,NS ,5,Full,CampsitePermit,Single Tent,
Laurie,NS ,5,Full,CampsitePermit,Tents,
Porters Lake,ON ,4,Full,CampsitePermit,Less than 20ft,
Thomas Raddall,NS ,2,Full,CampsitePermit,Single Tent,
Blomidon,NS ,3,Veteran,CampsitePermit,Single Tent,
Smileys,NS ,1,Full,CampsitePermit,Single Tent,
Mira River,QC ,1,Full,CampsitePermit,Less than 20ft,
Graves Island,NS ,2,Senior,CampsitePermit,Less than 40ft,
Thomas Raddall,NS ,2,Senior,CampsitePermit,Less than 30ft,
Ellenwood Lake,NS ,2,Full,CampsitePermit,Less than 20ft,
Dollar Lake,NS ,4,Full,CampsitePermit,Less than 20ft,
Graves Island,NB ,2,Full,CampsitePermit,Single Tent,
Graves Island,NS ,2,Full,CampsitePermit,Single Tent,
Graves Island,QC ,1,Senior,CampsitePermit,Single Tent,
Laurie,NS ,5,Full,CampsitePermit,Single Tent,
Battery,NL ,4,Full,CampsitePermit,Tents,
Dollar Lake,NS ,5,Full,CampsitePermit,Single Tent,
Five Islands,NS ,2,Full,CampsitePermit,Single Tent,
Whycocomagh,ON ,1,Full,CampsitePermit,Less than 20ft,
Rissers Beach,NS ,2,Full,CampsitePermit,Less than 20ft,
Battery,NS ,2,Full,CampsitePermit,Single Tent,
Smileys,NS ,2,Full,CampsitePermit,Less than 30ft,
Caribou Munroes,QC ,2,Senior,CampsitePermit,Less than 30ft,
Graves Island,NS ,2,Full,CampsitePermit,Less than 30ft,
Blomidon,ON ,2,Senior,CampsitePermit,Single Tent,
Five Islands,NS ,2,Senior,CampsitePermit,Less than 20ft,
The Islands,NS ,2,Full,CampsitePermit,Single Tent,
Graves Island,ON ,2,Full,CampsitePermit,Single Tent,
Caribou Munroes,NS ,1,Full,CampsitePermit,Single Tent,
Amherst Shore,QC ,2,Full,CampsitePermit,Single Tent,
Amherst Shore,ON ,2,Full,CampsitePermit,Less than 30ft,
Caribou Munroes,NS ,7,Full,CampsitePermit,Single Tent,
Rissers Beach,PE ,5,Full,CampsitePermit,Single Tent,
Dollar Lake,NS ,4,Full,CampsitePermit,Less than 20ft,
Smileys,NS ,2,Full,CampsitePermit,Less than 30ft,
Graves Island,NS ,2,Senior,CampsitePermit,Less than 40ft,
Dollar Lake,NS ,4,Full,CampsitePermit,Tents,
Graves Island,NS ,2,Full,CampsitePermit,Single Tent,
Porters Lake,NS ,4,Full,CampsitePermit,Less than 30ft,
Rissers Beach,NS ,4,Full,CampsitePermit,Single Tent,
Boylston,BC ,2,Full,CampsitePermit,Less than 20ft,
Smileys,NS ,2,Full,CampsitePermit,Tents,
Thomas Raddall,NS ,4,Full,CampsitePermit,Less than 40ft,
Rissers Beach,NS ,3,Full,CampsitePermit,Less than 40ft,
Five Islands,NS ,4,Full,CampsitePermit,Less than 20ft,
Amherst Shore,ON ,3,Full,CampsitePermit,Single Tent,
Graves Island,NS ,2,Full,CampsitePermit,Less than 30ft,
Blomidon,NS ,2,Full,CampsitePermit,Single Tent,
Smileys,NS ,6,Full,CampsitePermit,Less than 20ft,
Mira River,NS ,2,Full,CampsitePermit,Less than 40ft,
Whycocomagh,NS ,2,Full,CampsitePermit,Single Tent,
Mira River,NS ,2,Full,CampsitePermit,Less than 30ft,
Mira River,NS ,4,Full,CampsitePermit,Less than 20ft,
Caribou Munroes,NS ,2,Full,CampsitePermit,Less than 20ft,
Ellenwood Lake,BC ,2,Full,CampsitePermit,Single Tent,
Blomidon,ON ,4,Full,CampsitePermit,Less than 30ft,
Graves Island,NS ,2,Full,CampsitePermit,Less than 30ft,
Whycocomagh,NS ,2,Senior,CampsitePermit,Single Tent,
Dollar Lake,NS ,6,Full,CampsitePermit,Tents,
Porters Lake,NS ,2,Full,CampsitePermit,Less than 30ft,
Thomas Raddall,NS ,4,Full,CampsitePermit,Single Tent,
Dollar Lake,NS ,6,Full,CampsitePermit,Single Tent,
Dollar Lake,NS ,4,Full,CampsitePermit,Tents,
Amherst Shore,NS ,4,Veteran,CampsitePermit,Tents,
Amherst Shore,NS ,2,Senior,CampsitePermit,Less than 20ft,
Laurie,NS ,4,Full,CampsitePermit,Tents,
Rissers Beach,NS ,6,Full,CampsitePermit,Tents,
Amherst Shore,NS ,2,Senior,CampsitePermit,Less than 30ft,
Laurie,ON ,6,Full,CampsitePermit,Less than 20ft,
The Islands,NS ,2,Senior,CampsitePermit,Less than 20ft,
The Islands,NS ,3,Full,CampsitePermit,Less than 20ft,
Caribou Munroes,NS ,5,Full,CampsitePermit,Single Tent,
Blomidon,NS ,2,Full,CampsitePermit,Single Tent,
Graves Island,NS ,2,Full,CampsitePermit,Single Tent,
Dollar Lake,NS ,2,Full,CampsitePermit,Single Tent,
Valleyview,QC ,2,Full,CampsitePermit,Single Tent,
Cape Chignecto,NB ,2,Full,BackcountryPermit,Single Tent,
Caribou Munroes,NS ,4,Full,CampsitePermit,Tents,
Thomas Raddall,NS ,3,Full,CampsitePermit,Single Tent,
Laurie,NS ,2,Full,CampsitePermit,Less than 30ft,
Thomas Raddall,NS ,4,Full,CampsitePermit,Single Tent,
Caribou Munroes,ON ,1,Full,CampsitePermit,Single Tent,
Caribou Munroes,QC ,2,Full,CampsitePermit,Less than 40ft,
Amherst Shore,QC ,2,Senior,CampsitePermit,Less than 20ft,
Rissers Beach,NS ,2,Full,CampsitePermit,Less than 30ft,
Cape Chignecto,NS ,1,Full,BackcountryPermit,Single Tent,
Rissers Beach,NS ,2,Full,CampsitePermit,Less than 30ft,
Blomidon,NS ,1,Senior,CampsitePermit,Single Tent,
Amherst Shore,NS ,4,Full,CampsitePermit,Less than 30ft,
Caribou Munroes,ON ,1,Full,CampsitePermit,Single Tent,
Caribou Munroes,NS ,4,Full,CampsitePermit,Single Tent,
Thomas Raddall,NS ,2,Full,CampsitePermit,Single Tent,
Smileys,NS ,6,Full,CampsitePermit,Tents,
Battery,QC ,2,Full,CampsitePermit,Single Tent,
Five Islands,QC ,3,Full,CampsitePermit,Single Tent,
Graves Island,BC ,5,Full,CampsitePermit,Less than 20ft,
Rissers Beach,NS ,3,Full,CampsitePermit,Less than 20ft,
Thomas Raddall,NS ,2,Full,CampsitePermit,Single Tent,
Blomidon,NS ,2,Full,CampsitePermit,Single Tent,
Graves Island,ON ,2,Full,CampsitePermit,Single Tent,
Blomidon,NS ,3,Full,CampsitePermit,Less than 20ft,
Mira River,QC ,3,Full,CampsitePermit,Tents,
Graves Island,NS ,3,Full,CampsitePermit,Less than 30ft,
Amherst Shore,NB ,2,Senior,CampsitePermit,Single Tent,
Dollar Lake,NS ,4,Full,CampsitePermit,Less than 20ft,
Graves Island,NS ,4,Full,CampsitePermit,Less than 40ft,
Mira River,NS ,1,Full,CampsitePermit,Single Tent,
Thomas Raddall,NS ,5,Full,CampsitePermit,Less than 30ft,
Graves Island,NS ,2,Full,CampsitePermit,Less than 30ft,
Ellenwood Lake,NS ,2,Full,CampsitePermit,Less than 20ft,
Thomas Raddall,NS ,2,Full,CampsitePermit,Less than 20ft,
Mira River,NS ,4,Full,CampsitePermit,Less than 20ft,
Blomidon,QC ,2,Full,CampsitePermit,Single Tent,
Blomidon,NS ,2,Full,CampsitePermit,Single Tent,
Thomas Raddall,NS ,2,Full,CampsitePermit,Single Tent,
Ellenwood Lake,QC ,3,Full,CampsitePermit,Less than 20ft,
Laurie,NS ,4,Full,CampsitePermit,Tents,
Blomidon,NS ,2,Full,CampsitePermit,Single Tent,
Mira River,ON ,2,Full,CampsitePermit,Less than 20ft,
Rissers Beach,ON ,2,Senior,CampsitePermit,Less than 30ft,
Laurie,NB ,6,Full,CampsitePermit,Tents,
Graves Island,NS ,4,Full,CampsitePermit,Single Tent,
Ellenwood Lake,NS ,4,Full,CampsitePermit,Single Tent,
Five Islands,NS ,3,Full,CampsitePermit,Single Tent,
Blomidon,NS ,3,Full,CampsitePermit,Less than 20ft,
Dollar Lake,NS ,2,Full,CampsitePermit,Less than 30ft,
Blomidon,NS ,2,Full,CampsitePermit,Single Tent,
Mira River,QC ,2,Senior,CampsitePermit,Single Tent,
Dollar Lake,NS ,2,Full,CampsitePermit,Less than 30ft,
Salsman,NS ,2,Full,CampsitePermit,Less than 40ft,
Porters Lake,NS ,3,Full,CampsitePermit,Single Tent,
Mira River,NS ,4,Full,CampsitePermit,Single Tent,
Amherst Shore,NS ,2,Full,CampsitePermit,Single Tent,
Rissers Beach,NS ,4,Full,CampsitePermit,Less than 30ft,
Graves Island,NS ,2,Full,CampsitePermit,Single Tent,
The Islands,NS ,2,Full,CampsitePermit,Less than 20ft,
Thomas Raddall,AB ,1,Full,CampsitePermit,Single Tent,
Five Islands,ON ,3,Full,CampsitePermit,Single Tent,
The Islands,NS ,2,Full,CampsitePermit,Less than 20ft,
Valleyview,NS ,2,Full,CampsitePermit,Less than 20ft,
Thomas Raddall,NS ,1,Senior,CampsitePermit,Single Tent,